L_lividipennis/M_variables/Set2/bio1_.asc
NCOLS 82 
NROWS 178 
XLLCORNER -73.9166666666667 
YLLCORNER -43.5416666666667 
CELLSIZE 0.0416666666666667 
NODATA_value -9999 
[rows 44 to 65 of 178, columns 0 to 47 of 82]
-9999 -9999 -9999 -9999 -9999 -9999 -9999 -9999 -9999 -9999 12.7313890457153 12.7300004959106 12.333833694458 11.7690000534058 11.3523330688477 12.3979997634888 11.5511665344238 10.5791664123535 9.95199966430664 10.4709997177124 10.6441669464111 11.1216669082642 11.5474996566772 12.1806669235229 12.1051664352417 12.1246662139893 12.1451663970947 11.5871667861938 11.1333332061768 11.3301668167114 11.5786666870117 11.6418333053589 11.9309997558594 11.8678331375122 11.4645004272461 11.9370002746582 11.7718334197998 11.6219997406006 11.5471668243408 11.4910001754761 11.4393329620361 11.3854999542236 11.2776670455933 11.2863330841064 10.8701667785645 10.3758335113525 10.3815002441406 9.64449977874756
-9999 -9999 -9999 -9999 -9999 -9999 -9999 -9999 -9999 -9999 12.722222328186 12.7621669769287 12.6448335647583 12.4563331604004 11.5171661376953 10.9805002212524 12.0363330841064 10.7183332443237 10.8333330154419 11.3608331680298 12.1029996871948 12.3151664733887 12.375 12.4049997329712 12.2131671905518 12.063666343689 12.1519994735718 12.1361665725708 12.0766668319702 11.9758329391479 11.5769996643066 11.6925001144409 11.8573331832886 11.8704996109009 11.7483329772949 11.6379995346069 11.6534996032715 11.4913330078125 11.2851667404175 11.2248334884644 11.183500289917 11.1381664276123 11.0123329162598 10.8430004119873 10.8398332595825 10.7081670761108 10.2121667861938 11.0361661911011
-9999 -9999 -9999 -9999 -9999 -9999 -9999 -9999 -9999 -9999 -9999 12.7548608779907 12.5024995803833 11.1595001220703 11.4753332138062 10.4193334579468 10.0509996414185 10.4116668701172 10.3465003967285 10.8155002593994 11.1496667861938 12.0939998626709 12.4343338012695 12.4694995880127 12.5571670532227 12.3488330841064 12.0656661987305 12.1350002288818 12.1431665420532 12.0808334350586 11.7919998168945 11.2016668319702 11.4101667404175 11.0461664199829 11.2093334197998 11.6168336868286 11.5159997940063 11.3758335113525 11.2185001373291 11.1023330688477 10.958833694458 10.8621664047241 10.7498331069946 10.5935001373291 10.3426666259766 10.1233329772949 9.44166660308838 10.2348327636719
-9999 -9999 -9999 -9999 -9999 -9999 -9999 -9999 -9999 -9999 -9999 12.8223686218262 12.8051671981812 12.4633331298828 12.3020000457764 11.8555002212524 10.2585000991821 10.8465003967285 10.8381662368774 10.2311668395996 10.2486667633057 11.1858329772949 12.0136661529541 12.3673334121704 12.5369997024536 12.2523336410522 11.823166847229 12.0058336257935 12.1201667785645 12.0194997787476 11.9843330383301 11.8228330612183 11.8493328094482 11.3129997253418 10.9183330535889 11.1106662750244 11.2925004959106 11.0676670074463 11.0471668243408 10.9055004119873 10.8505001068115 10.7729997634888 10.6556663513184 10.4733333587646 10.2526664733887 9.91250038146973 9.79433345794678 9.81149959564209
-9999 -9999 -9999 -9999 -9999 -9999 -9999 -9999 -9999 -9999 -9999 12.8229169845581 12.8651666641235 12.7101669311523 12.425666809082 11.0736665725708 11.2126665115356 11.0638332366943 10.5054998397827 9.99683284759521 10.2963333129883 10.8681669235229 11.4983329772949 12.1700000762939 12.3758335113525 11.779333114624 11.6751670837402 11.8566665649414 11.9741668701172 12.0348329544067 12.0603332519531 11.9670000076294 11.7661666870117 11.1330003738403 10.716833114624 10.7086668014526 10.8811664581299 10.9851665496826 11.0081663131714 10.878999710083 10.7386665344238 10.5789995193481 10.3599996566772 10.3051662445068 10.2679996490479 9.98516654968262 9.63066673278809 9.59549999237061
-9999 -9999 -9999 -9999 -9999 -9999 -9999 -9999 -9999 -9999 -9999 12.6668329238892 12.5381669998169 12.742000579834 12.3726663589478 11.5965003967285 10.7829999923706 10.8284997940063 9.72116661071777 9.53766632080078 9.81716632843018 10.6283330917358 11.4104995727539 11.6841669082642 12.03600025177 11.6590003967285 11.4653329849243 11.6494998931885 11.756667137146 11.9154996871948 11.8818330764771 11.8656663894653 11.5345001220703 10.7004995346069 11.1840000152588 11.2355003356934 11.2351665496826 11.0745000839233 10.9886665344238 10.8763332366943 10.7300004959106 10.5644998550415 10.3553333282471 10.1488332748413 9.97483348846436 9.87899971008301 9.72566699981689 9.53983306884766
-9999 -9999 -9999 -9999 -9999 -9999 -9999 -9999 -9999 -9999 12.5265626907349 11.9855003356934 11.9596672058105 12.0101661682129 11.3491668701172 11.2883329391479 11.7609996795654 10.3453330993652 10.0951662063599 10.4656667709351 9.76666641235352 10.0946664810181 11.143500328064 11.4138336181641 11.7091665267944 11.3835000991821 11.5825004577637 11.6243333816528 11.8821668624878 11.8924999237061 11.8708333969116 11.7776670455933 11.4119997024536 11.1379995346069 11.3435001373291 11.2760000228882 11.1449995040894 11.0249996185303 10.9871664047241 10.8873329162598 10.7110004425049 10.5753335952759 10.3944997787476 10.2178335189819 10.0688333511353 9.7480001449585 9.36450004577637 8.95266628265381
-9999 -9999 -9999 -9999 -9999 -9999 -9999 -9999 -9999 12.3712959289551 12.40149974823 11.7351665496826 11.0199995040894 10.5080003738403 10.8238334655762 10.6206665039062 11.0796661376953 11.3190002441406 11.0151662826538 9.93233299255371 9.82883358001709 10.123833656311 10.9034996032715 11.8178329467773 11.7259998321533 11.3606662750244 11.220666885376 11.3718338012695 11.7811670303345 11.9525003433228 11.8183336257935 11.7441663742065 11.625 11.5153331756592 11.4291667938232 11.3240003585815 11.1936664581299 11.0598335266113 10.9748334884644 10.872166633606 10.7708330154419 10.6536664962769 10.5043334960938 10.3331661224365 10.1468334197998 9.87033367156982 9.41800022125244 9.0024995803833
-9999 -9999 -9999 -9999 -9999 -9999 -9999 -9999 -9999 12.4187498092651 12.279333114624 11.7795000076294 11.3301668167114 10.9438333511353 10.2458333969116 10.8646669387817 11.4343328475952 10.8826665878296 11.0755004882812 10.8333330154419 10.8588333129883 10.5643329620361 10.8633337020874 11.2141666412354 12.1188335418701 11.9073333740234 11.7506666183472 11.8838338851929 11.6393337249756 11.8471670150757 11.8718338012695 11.7375001907349 11.603666305542 11.5305004119873 11.4328336715698 11.3205003738403 11.2058334350586 11.1053333282471 11.0216665267944 10.956166267395 10.7854995727539 10.6269998550415 10.4913330078125 10.3505001068115 10.1236667633057 9.91583347320557 9.67000007629395 9.32450008392334
-9999 -9999 -9999 -9999 -9999 -9999 -9999 -9999 -9999 12.2239580154419 12.3630208969116 12.0633335113525 11.5986671447754 11.0015001296997 11.0971670150757 11.2624998092651 11.1388330459595 9.78600025177002 10.0283336639404 10.4093332290649 11.1243333816528 10.4375 11.2264995574951 11.6931667327881 11.841833114624 11.9196662902832 11.8196668624878 11.7701663970947 11.7443332672119 11.6413335800171 11.5778331756592 11.6243333816528 11.569167137146 11.486499786377 11.4114999771118 11.3345003128052 11.2228336334229 11.095832824707 10.9939994812012 10.8879995346069 10.7589998245239 10.6593332290649 10.5325002670288 10.4421663284302 10.3028335571289 10.1485004425049 10.0524997711182 9.9598331451416
-9999 -9999 -9999 -9999 -9999 -9999 -9999 -9999 -9999 11.861198425293 11.2696666717529 11.0138330459595 11.7880001068115 11.2583332061768 10.1133337020874 10.5633335113525 11.4906663894653 10.9413328170776 11.1193332672119 10.8438329696655 10.9791669845581 11.4891662597656 11.5830001831055 11.808666229248 11.6140003204346 12.0073337554932 12.3804998397827 12.2624998092651 11.9696664810181 11.8015003204346 11.7068328857422 11.6665000915527 11.5981664657593 11.5019998550415 11.4175004959106 11.3576669692993 11.260666847229 11.1563329696655 11.0408334732056 10.9759998321533 10.9071664810181 10.7613334655762 10.6601667404175 10.5928335189819 10.4271669387817 10.4169998168945 10.3315000534058 10.3385000228882
-9999 -9999 -9999 -9999 -9999 -9999 -9999 -9999 -9999 12.039999961853 10.7176666259766 11.4748334884644 11.0453329086304 10.3835000991821 10.6016664505005 9.6879997253418 10.5883331298828 9.18483352661133 9.72883319854736 9.90683364868164 9.53183364868164 10.6148338317871 11.8428335189819 11.4551668167114 12.13450050354 12.0086669921875 11.8699998855591 11.922833442688 11.9998331069946 11.8951663970947 11.783166885376 11.8403329849243 11.7013330459595 11.6046667098999 11.4805002212524 11.3606672286987 11.2659997940063 11.2013330459595 11.1766662597656 11.1684999465942 11.0816669464111 10.9849996566772 10.9224996566772 10.7985000610352 10.7116661071777 10.6510000228882 10.6820001602173 10.6393337249756
-9999 -9999 -9999 -9999 -9999 -9999 -9999 -9999 -9999 12.0284090042114 10.9394998550415 10.8143339157104 9.61516666412354 9.42033290863037 10.2644996643066 9.32816696166992 9.23900032043457 8.85999965667725 8.62316703796387 9.33733367919922 10.8758335113525 11.0369997024536 11.2176666259766 11.9586668014526 12.2760000228882 12.356499671936 11.8343334197998 12.1208333969116 12.2438335418701 11.8733329772949 10.8873338699341 11.6613330841064 11.7185001373291 11.5328330993652 11.4505004882812 11.3938331604004 11.3626670837402 11.3296670913696 11.2991666793823 11.2586669921875 11.1611661911011 11.0109996795654 10.9029998779297 10.7303333282471 10.5319995880127 10.3586664199829 10.2515001296997 10.3186664581299
-9999 -9999 -9999 -9999 -9999 -9999 -9999 -9999 -9999 12.3359375 11.5848331451416 10.1560001373291 9.56633377075195 9.11849975585938 9.03983306884766 8.78966617584229 9.10249996185303 8.91416645050049 8.92549991607666 9.14350032806396 9.87083339691162 9.88233375549316 10.3011665344238 11.2803335189819 12.3430004119873 12.3876667022705 12.1894998550415 12.2840003967285 12.0248336791992 11.7519998550415 10.8821668624878 10.8678331375122 11.5381669998169 11.5228328704834 11.4483337402344 11.4918336868286 11.4656667709351 11.3893337249756 11.3229999542236 11.238166809082 11.1256666183472 11.0404996871948 10.9211664199829 10.7508335113525 10.4689998626709 10.2041664123535 9.89550018310547 9.21316623687744
-9999 -9999 -9999 -9999 -9999 -9999 -9999 -9999 -9999 12.5 11.8103332519531 10.4943332672119 10.5136671066284 10.4313335418701 10.2898330688477 9.94533348083496 9.40033340454102 9.71416664123535 9.53800010681152 9.53166675567627 9.69149971008301 9.89750003814697 11.1754999160767 12.1761665344238 12.4890003204346 12.4286661148071 12.2608337402344 12.3396663665771 12.0601663589478 11.4651670455933 10.2526664733887 10.2031669616699 11.2318334579468 11.3308334350586 11.2573328018188 11.5108337402344 11.3716669082642 11.4508333206177 11.492166519165 11.4409999847412 11.3073329925537 11.0543336868286 10.7620000839233 10.6239995956421 10.4511671066284 10.0013332366943 9.42599964141846 8.68000030517578
-9999 -9999 -9999 -9999 -9999 -9999 -9999 -9999 -9999 -9999 12.0632247924805 11.734167098999 10.8629999160767 11.8155002593994 11.2013330459595 11.5635004043579 10.4776668548584 10.9635000228882 10.4111661911011 10.8793334960938 10.654167175293 10.5426664352417 11.3666667938232 12.1841669082642 12.5016670227051 12.5368328094482 12.4273328781128 12.2026662826538 12.0220003128052 11.9491662979126 11.0586671829224 10.3304996490479 10.9633331298828 11.6003332138062 11.4064998626709 11.565333366394 11.5865001678467 11.4776668548584 11.3415002822876 11.1911668777466 11.0673332214355 10.9329996109009 10.7988338470459 10.712833404541 10.3940000534058 10.166166305542 9.71883296966553 9.15733337402344
-9999 -9999 -9999 -9999 -9999 -9999 -9999 -9999 -9999 -9999 12.4313888549805 12.4236669540405 12.0476665496826 12.4046669006348 12.3413333892822 11.7385005950928 11.3573331832886 11.7523336410522 11.2301664352417 11.6520004272461 11.4928331375122 11.8559999465942 11.9305000305176 12.0678339004517 12.1681671142578 12.5271663665771 12.1753330230713 11.6743335723877 11.6464996337891 11.8734998703003 11.4958333969116 10.5694999694824 10.6598339080811 11.5676670074463 11.668999671936 11.6848335266113 11.5764999389648 11.4901666641235 11.3053331375122 11.1191663742065 10.9991664886475 10.9088335037231 10.7668333053589 10.6816663742065 10.5564994812012 10.3765001296997 9.72466659545898 9.02849960327148
-9999 -9999 -9999 -9999 -9999 -9999 -9999 -9999 -9999 -9999 12.650463104248 12.7498331069946 12.7089996337891 12.6405000686646 12.5404996871948 12.5741662979126 12.1134996414185 12.3454999923706 12.4458332061768 12.4213333129883 12.3598337173462 12.4913330078125 12.4821662902832 12.2741670608521 12.2858333587646 12.4551668167114 12.4258337020874 12.2253332138062 11.8555002212524 11.6606664657593 11.6494998931885 11.4731664657593 11.3109998703003 11.6741666793823 11.6958332061768 11.6036672592163 11.5164995193481 11.4168338775635 11.3371667861938 11.2104997634888 11.0865001678467 10.9603328704834 10.7366666793823 10.5658330917358 10.4196662902832 10.3091669082642 10.1591663360596 9.75016689300537
-9999 -9999 -9999 -9999 -9999 -9999 -9999 -9999 -9999 -9999 -9999 12.7573528289795 12.775333404541 12.8253335952759 12.4615001678467 12.1589994430542 11.9371671676636 12.091833114624 12.4200000762939 12.6401662826538 12.7123336791992 12.5550003051758 12.5221672058105 12.4583330154419 12.3836669921875 12.3073329925537 12.3088331222534 12.2348337173462 11.921667098999 11.7603330612183 11.8146667480469 11.7928333282471 11.7666664123535 11.7388334274292 11.6626663208008 11.5480003356934 11.5041666030884 11.4709997177124 11.3859996795654 11.1990003585815 10.9835004806519 10.7671670913696 10.5858335494995 10.3784999847412 10.0130004882812 9.5319995880127 9.42816638946533 9.54250049591064
-9999 -9999 -9999 -9999 -9999 -9999 -9999 -9999 -9999 -9999 -9999 12.7833337783813 12.8136901855469 12.5641670227051 12.4624996185303 12.3454999923706 12.315333366394 11.699333190918 12.1236667633057 12.1483335494995 12.4641666412354 12.541166305542 12.5448331832886 12.5089998245239 12.440333366394 12.3428335189819 12.232666015625 12.1496667861938 12.0541667938232 11.9700002670288 11.9196662902832 11.9088335037231 11.5176668167114 11.4198331832886 11.5550003051758 11.5191669464111 11.4408330917358 11.3931665420532 11.2881669998169 11.0881662368774 10.9218330383301 10.7533330917358 10.5640001296997 10.2720003128052 9.73050022125244 9.23516654968262 8.59366703033447 8.5716667175293
-9999 -9999 -9999 -9999 -9999 -9999 -9999 -9999 -9999 -9999 -9999 -9999 12.6361112594604 12.7133331298828 12.7383337020874 12.7191667556763 12.5065002441406 11.8544998168945 12.0531663894653 12.0178327560425 12.3645000457764 12.2825002670288 12.2948331832886 12.3291664123535 12.2726669311523 12.3118333816528 12.2076663970947 12.0693330764771 11.9860000610352 11.9331665039062 11.9021673202515 11.8850002288818 11.8033332824707 11.4506664276123 11.3386669158936 11.5353336334229 11.5555000305176 11.4393329620361 11.1321668624878 11.0748329162598 10.9919996261597 10.7170000076294 10.4659996032715 10.0718336105347 9.60050010681152 9.0401668548584 8.71216678619385 8.40716648101807
-9999 -9999 -9999 -9999 -9999 -9999 -9999 -9999 -9999 -9999 -9999 -9999 12.7611112594604 12.8090000152588 12.9073333740234 12.8358335494995 12.6339998245239 12.4794998168945 12.1831665039062 12.0063333511353 12.2250003814697 12.3275003433228 12.1933336257935 12.2391662597656 12.1735000610352 12.1766662597656 12.1450004577637 12.0965003967285 12.0155000686646 11.9383335113525 11.9206666946411 11.8816661834717 11.8470001220703 11.7913331985474 11.7395000457764 11.6936664581299 11.6231670379639 11.511833190918 11.3891668319702 11.1301670074463 10.9729995727539 10.8171663284302 10.466833114624 9.70300006866455 9.51016616821289 9.25949954986572 8.4181661605835 8.29616641998291
