L_lividipennis/M_variables/Set2/bio14_.asc
NCOLS 82 
NROWS 178 
XLLCORNER -73.9166666666667 
YLLCORNER -43.5416666666667 
CELLSIZE 0.0416666666666667 
NODATA_value -9999 
[rows 0 to 54 of 178, columns 0 to 81 of 82]
-9999.000000000000000 -9999 -9999 -9999 -9999 -9999 -9999 -9999 -9999 -9999 -9999 -9999 -9999 -9999 -9999 -9999 -9999 -9999 -9999 -9999 -9999 -9999 -9999 -9999 -9999 -9999 -9999 -9999 -9999 -9999 -9999 -9999 -9999 -9999 -9999 -9999 -9999 -9999 -9999 -9999 -9999 -9999 -9999 -9999 -9999 -9999 -9999 -9999 -9999 -9999 -9999 -9999 -9999 -9999 14 15 16 16 17 16 17 17 17 16 15 -9999 -9999 -9999 -9999 -9999 -9999 -9999 -9999 -9999 -9999 -9999 -9999 -9999 -9999 -9999 -9999 -9999
-9999 -9999 -9999 -9999 -9999 -9999 -9999 -9999 -9999 -9999 -9999 -9999 -9999 -9999 -9999 -9999 -9999 -9999 -9999 -9999 -9999 -9999 -9999 -9999 -9999 -9999 -9999 -9999 -9999 -9999 -9999 -9999 -9999 -9999 -9999 -9999 -9999 -9999 -9999 -9999 -9999 -9999 -9999 -9999 -9999 -9999 -9999 -9999 -9999 -9999 -9999 13 14 14 15 16 16 17 17 17 17 17 16 14 14 12 12 -9999 -9999 -9999 -9999 -9999 -9999 -9999 -9999 -9999 -9999 -9999 -9999 -9999 -9999 -9999
-9999 -9999 -9999 -9999 -9999 -9999 -9999 -9999 -9999 -9999 -9999 -9999 -9999 -9999 -9999 -9999 -9999 -9999 -9999 -9999 -9999 -9999 -9999 -9999 -9999 -9999 -9999 -9999 -9999 -9999 -9999 -9999 -9999 -9999 -9999 -9999 -9999 -9999 -9999 -9999 -9999 -9999 -9999 -9999 -9999 -9999 -9999 -9999 -9999 13 13 14 14 15 16 16 17 17 17 17 17 17 16 15 15 14 13 12 12 -9999 -9999 -9999 -9999 -9999 -9999 -9999 -9999 -9999 -9999 -9999 -9999 -9999
-9999 -9999 -9999 -9999 -9999 -9999 -9999 -9999 -9999 -9999 -9999 -9999 -9999 -9999 -9999 -9999 -9999 -9999 -9999 -9999 -9999 -9999 -9999 -9999 -9999 -9999 -9999 -9999 -9999 -9999 -9999 -9999 -9999 -9999 -9999 -9999 -9999 -9999 -9999 -9999 -9999 -9999 -9999 -9999 -9999 -9999 -9999 13 13 13 14 14 15 15 16 17 17 17 18 17 17 17 17 15 14 13 12 13 13 13 14 -9999 -9999 -9999 -9999 -9999 -9999 -9999 -9999 -9999 -9999 -9999
-9999 -9999 -9999 -9999 -9999 -9999 -9999 -9999 -9999 -9999 -9999 -9999 -9999 -9999 -9999 -9999 -9999 -9999 -9999 -9999 -9999 -9999 -9999 -9999 -9999 -9999 -9999 -9999 -9999 -9999 -9999 -9999 -9999 -9999 -9999 -9999 -9999 -9999 -9999 -9999 -9999 -9999 -9999 -9999 -9999 13 13 13 14 14 14 15 15 16 17 17 18 18 18 17 17 17 17 16 14 14 12 12 13 13 13 14 -9999 -9999 -9999 -9999 -9999 -9999 -9999 -9999 -9999 -9999
-9999 -9999 -9999 -9999 -9999 -9999 -9999 -9999 -9999 -9999 -9999 -9999 -9999 -9999 -9999 -9999 -9999 -9999 -9999 -9999 -9999 -9999 -9999 -9999 -9999 -9999 -9999 -9999 -9999 -9999 -9999 -9999 -9999 -9999 -9999 -9999 -9999 -9999 -9999 -9999 -9999 -9999 -9999 12 13 13 13 14 14 15 15 15 16 16 17 18 18 18 18 17 16 17 16 17 15 14 14 12 13 13 13 14 14 -9999 -9999 -9999 -9999 -9999 -9999 -9999 -9999 -9999
-9999 -9999 -9999 -9999 -9999 -9999 -9999 -9999 -9999 -9999 -9999 -9999 -9999 -9999 -9999 -9999 -9999 -9999 -9999 -9999 -9999 -9999 -9999 -9999 -9999 -9999 -9999 -9999 -9999 -9999 -9999 -9999 -9999 -9999 -9999 -9999 -9999 -9999 -9999 -9999 -9999 13 13 13 13 14 14 14 15 15 16 16 17 17 18 18 19 19 19 18 17 15 16 16 15 15 14 13 13 13 13 14 13 13 -9999 -9999 -9999 -9999 -9999 -9999 -9999 -9999
-9999 -9999 -9999 -9999 -9999 -9999 -9999 -9999 -9999 -9999 -9999 -9999 -9999 -9999 -9999 -9999 -9999 -9999 -9999 -9999 -9999 -9999 -9999 -9999 -9999 -9999 -9999 -9999 -9999 -9999 -9999 -9999 -9999 -9999 -9999 -9999 -9999 -9999 13 13 14 14 14 14 14 14 15 15 15 16 17 17 18 18 19 19 19 19 18 19 17 15 15 15 15 15 15 15 13 13 13 14 12 13 12 -9999 -9999 -9999 -9999 -9999 -9999 -9999
-9999 -9999 -9999 -9999 -9999 -9999 -9999 -9999 -9999 -9999 -9999 -9999 -9999 -9999 -9999 -9999 -9999 -9999 -9999 -9999 -9999 -9999 -9999 -9999 -9999 -9999 -9999 -9999 -9999 -9999 -9999 -9999 -9999 -9999 -9999 -9999 13 14 14 14 14 14 14 14 15 15 15 16 16 17 17 18 18 19 19 19 19 18 17 19 18 16 16 15 14 16 15 14 13 12 13 12 13 13 13 -9999 -9999 -9999 -9999 -9999 -9999 -9999
-9999 -9999 -9999 -9999 -9999 -9999 -9999 -9999 -9999 -9999 -9999 -9999 -9999 -9999 -9999 -9999 -9999 -9999 -9999 -9999 -9999 -9999 -9999 -9999 -9999 -9999 -9999 -9999 -9999 -9999 -9999 -9999 -9999 -9999 13 14 14 15 15 15 15 15 15 15 15 15 16 16 17 17 18 18 19 19 20 20 20 19 17 18 18 18 17 15 15 16 14 15 13 13 13 13 13 13 14 13 -9999 -9999 -9999 -9999 -9999 -9999
-9999 -9999 -9999 -9999 -9999 -9999 -9999 -9999 -9999 -9999 -9999 -9999 -9999 -9999 -9999 -9999 -9999 -9999 -9999 -9999 -9999 -9999 -9999 -9999 -9999 -9999 -9999 -9999 -9999 -9999 -9999 -9999 12 13 14 14 15 16 15 15 15 15 16 16 16 16 16 17 17 18 18 19 20 20 21 20 21 20 19 18 16 16 16 16 17 17 15 15 14 14 13 13 13 12 14 13 12 -9999 -9999 -9999 -9999 -9999
-9999 -9999 -9999 -9999 -9999 -9999 -9999 -9999 -9999 -9999 -9999 -9999 -9999 -9999 -9999 -9999 -9999 -9999 -9999 -9999 -9999 -9999 -9999 -9999 -9999 -9999 -9999 -9999 -9999 -9999 12 12 11 12 14 15 16 16 16 16 16 16 16 17 17 17 18 18 18 18 19 19 20 21 21 21 21 21 21 19 18 16 16 18 16 14 15 15 14 14 14 14 14 14 14 13 12 -9999 -9999 -9999 -9999 -9999
-9999 -9999 -9999 -9999 -9999 -9999 -9999 -9999 -9999 -9999 -9999 -9999 -9999 -9999 -9999 -9999 -9999 -9999 -9999 -9999 -9999 -9999 -9999 -9999 -9999 -9999 -9999 -9999 11 12 12 12 13 13 14 15 16 17 17 17 17 17 17 18 18 18 18 19 19 20 20 20 21 21 21 21 21 20 20 20 20 19 18 19 14 14 14 15 15 14 14 13 13 13 14 13 12 -9999 -9999 -9999 -9999 -9999
-9999 -9999 -9999 -9999 -9999 -9999 -9999 -9999 -9999 -9999 -9999 -9999 -9999 -9999 -9999 -9999 -9999 -9999 -9999 -9999 -9999 -9999 -9999 -9999 -9999 -9999 12 12 12 13 13 14 14 15 16 16 17 17 17 17 18 18 18 18 19 19 19 20 20 21 21 21 22 22 22 21 20 20 18 19 18 20 20 19 15 16 14 13 14 14 14 13 13 13 14 15 13 13 -9999 -9999 -9999 -9999
-9999 -9999 -9999 -9999 -9999 -9999 -9999 -9999 -9999 -9999 -9999 -9999 -9999 -9999 -9999 -9999 -9999 -9999 -9999 -9999 -9999 -9999 -9999 -9999 12 13 12 13 13 13 14 14 15 16 16 17 17 18 18 18 18 19 19 19 20 20 20 21 21 21 22 22 22 23 23 22 21 20 18 18 19 18 18 20 17 17 15 14 14 14 14 13 13 13 14 15 14 14 -9999 -9999 -9999 -9999
-9999 -9999 -9999 -9999 -9999 -9999 -9999 -9999 -9999 -9999 -9999 -9999 -9999 -9999 -9999 -9999 -9999 -9999 -9999 -9999 -9999 -9999 13 13 13 13 13 13 13 14 14 15 15 16 17 17 18 18 18 19 19 20 20 20 20 21 21 22 22 22 22 23 23 23 22 21 19 19 18 17 17 17 18 20 19 17 15 14 15 14 14 14 14 14 15 15 14 14 -9999 -9999 -9999 -9999
-9999 -9999 -9999 -9999 -9999 -9999 -9999 -9999 -9999 -9999 -9999 -9999 -9999 -9999 -9999 -9999 -9999 -9999 -9999 -9999 14 14 14 14 14 13 13 14 14 14 15 16 16 16 17 18 18 18 19 19 20 20 20 21 21 22 22 22 22 23 23 23 23 24 23 23 20 20 19 17 16 17 17 20 17 16 15 16 16 16 14 13 14 15 15 15 15 15 -9999 -9999 -9999 -9999
-9999 -9999 -9999 -9999 -9999 -9999 -9999 -9999 -9999 -9999 -9999 -9999 -9999 -9999 -9999 -9999 -9999 -9999 14 15 15 15 15 14 14 14 14 14 14 15 16 16 16 17 17 18 19 19 20 20 20 21 21 22 22 22 22 22 23 23 23 24 24 24 24 23 22 20 18 16 15 15 17 17 19 16 15 15 16 16 16 14 15 15 15 15 15 15 -9999 -9999 -9999 -9999
-9999 -9999 -9999 -9999 -9999 -9999 -9999 -9999 -9999 -9999 -9999 -9999 -9999 -9999 -9999 -9999 -9999 -9999 15 15 15 15 15 15 15 15 15 15 15 16 16 16 16 17 18 19 19 20 20 20 21 21 22 22 23 22 23 23 23 23 24 25 25 23 24 25 23 21 20 18 15 15 16 15 17 18 16 16 15 15 16 16 15 15 15 15 14 15 14 -9999 -9999 -9999
-9999 -9999 -9999 -9999 -9999 -9999 -9999 -9999 -9999 -9999 -9999 -9999 -9999 -9999 -9999 -9999 -9999 -9999 15 16 15 15 15 15 15 15 15 15 16 16 16 16 16 17 18 19 19 20 20 21 21 22 23 23 23 23 23 23 24 24 25 25 25 24 22 22 25 21 19 20 19 16 16 16 16 17 17 15 14 14 15 16 15 15 15 15 14 15 14 -9999 -9999 -9999
-9999 -9999 -9999 -9999 -9999 -9999 -9999 -9999 -9999 -9999 -9999 -9999 -9999 -9999 -9999 -9999 -9999 16 16 16 16 16 15 15 15 15 15 16 16 16 16 16 16 17 18 18 19 20 20 21 22 23 23 23 23 23 23 23 24 25 25 26 25 24 23 21 22 23 22 19 18 17 17 16 14 15 15 15 15 14 15 16 16 16 15 16 16 15 14 -9999 -9999 -9999
-9999 -9999 -9999 -9999 -9999 -9999 -9999 -9999 -9999 -9999 12 -9999 -9999 -9999 -9999 -9999 -9999 16 17 17 17 16 16 16 16 16 15 16 16 16 16 16 16 17 17 18 19 20 21 22 22 23 23 23 23 23 23 24 25 26 26 26 26 26 23 22 21 21 21 19 19 19 18 17 15 15 15 15 15 16 16 16 16 16 16 16 15 15 15 -9999 -9999 -9999
-9999 -9999 -9999 -9999 -9999 -9999 -9999 -9999 -9999 12 -9999 -9999 -9999 -9999 -9999 -9999 -9999 -9999 18 18 18 17 16 16 16 16 16 16 16 16 17 16 16 17 17 18 19 20 21 22 23 23 24 23 23 23 23 24 25 26 27 27 27 26 24 22 22 20 21 21 21 21 20 16 17 16 15 15 15 14 15 14 14 15 16 16 15 15 15 -9999 -9999 -9999
-9999 -9999 -9999 -9999 -9999 -9999 -9999 -9999 -9999 -9999 -9999 -9999 -9999 -9999 -9999 -9999 -9999 18 19 19 19 18 17 17 17 17 17 16 16 16 16 16 16 16 17 18 19 20 21 22 23 24 24 23 23 23 23 24 25 26 27 27 28 28 26 23 23 21 20 23 21 18 19 19 19 17 16 15 15 15 14 14 14 14 15 16 15 15 15 -9999 -9999 -9999
-9999 -9999 -9999 -9999 -9999 -9999 -9999 15 15 -9999 -9999 -9999 -9999 -9999 -9999 -9999 -9999 21 20 20 19 19 17 17 17 17 17 16 16 17 17 16 15 16 17 18 20 20 22 22 23 24 24 23 23 23 23 24 25 27 28 28 28 29 28 24 23 20 21 22 22 18 19 18 18 17 16 15 15 14 15 14 13 14 16 17 16 16 15 -9999 -9999 -9999
-9999 -9999 -9999 -9999 -9999 -9999 17 17 17 -9999 -9999 -9999 -9999 -9999 -9999 -9999 22 22 21 20 20 19 18 18 17 17 17 17 16 17 16 15 16 17 18 19 20 21 21 23 24 24 24 24 23 23 23 24 25 27 28 28 26 28 25 22 22 22 23 26 20 18 20 18 18 18 17 16 16 16 17 16 14 15 17 17 17 16 15 -9999 -9999 -9999
-9999 -9999 -9999 -9999 -9999 -9999 18 19 19 19 20 21 22 22 23 22 22 22 22 21 20 20 19 19 19 18 17 17 17 16 16 16 16 17 18 19 20 21 22 23 24 24 24 24 24 24 24 24 25 27 29 29 29 28 25 23 23 22 24 28 20 19 21 20 19 18 17 17 17 16 15 15 16 17 17 17 17 16 15 -9999 -9999 -9999
-9999 -9999 -9999 -9999 -9999 -9999 20 20 21 21 22 22 23 23 23 23 23 23 22 22 21 21 21 20 19 18 18 18 17 17 17 17 18 18 19 19 21 21 23 24 24 24 24 24 24 24 24 25 26 28 29 30 31 31 26 23 26 22 27 26 20 21 22 20 18 17 17 16 16 16 15 15 16 17 17 17 17 17 15 -9999 -9999 -9999
-9999 -9999 -9999 -9999 -9999 22 22 22 23 23 23 24 24 24 24 24 24 23 23 21 22 22 22 20 20 19 18 18 17 17 18 18 18 19 19 20 21 22 23 24 25 25 25 25 24 24 24 24 26 27 28 30 31 31 32 33 32 29 25 23 21 20 22 21 18 18 18 17 17 16 16 16 16 17 17 17 17 16 15 -9999 -9999 -9999
-9999 -9999 -9999 -9999 -9999 24 24 24 24 24 24 25 25 25 25 25 24 23 22 21 22 22 22 21 20 19 19 19 18 18 18 18 19 19 20 21 22 23 24 25 25 25 25 25 24 24 24 24 25 27 29 31 33 32 28 31 33 32 29 25 22 23 23 22 20 19 19 19 19 18 18 18 18 18 18 18 17 17 16 -9999 -9999 -9999
-9999 -9999 -9999 -9999 -9999 25 25 25 25 25 25 25 25 26 26 25 25 24 23 23 23 23 22 22 21 20 19 18 20 18 18 19 19 20 21 22 23 23 24 25 25 25 25 25 25 24 24 24 25 27 29 31 31 30 29 26 26 23 27 27 24 19 21 22 21 19 18 18 18 17 16 16 16 16 17 17 17 16 16 -9999 -9999 -9999
-9999 -9999 -9999 -9999 -9999 -9999 -9999 26 26 26 26 26 26 26 26 25 24 24 24 23 23 23 23 22 22 20 19 18 21 19 19 19 20 21 22 22 23 24 25 25 25 26 26 25 25 24 24 23 24 26 29 30 29 26 28 30 26 24 22 21 21 20 21 23 20 19 19 19 17 16 16 16 16 16 17 17 17 16 16 15 -9999 -9999
-9999 -9999 -9999 -9999 -9999 -9999 -9999 27 27 27 27 28 27 27 27 25 24 24 24 23 23 23 23 23 23 21 20 20 20 18 19 20 21 21 21 21 22 24 24 25 26 26 27 27 26 25 24 23 24 26 27 30 30 29 27 26 28 24 22 20 19 21 23 23 20 19 20 18 17 17 17 16 16 17 17 18 17 16 15 15 -9999 -9999
-9999 -9999 -9999 -9999 -9999 -9999 -9999 29 29 28 28 28 28 27 27 25 24 23 24 23 23 23 23 23 23 21 19 20 22 19 19 20 20 20 20 20 20 22 23 25 26 27 28 28 27 26 25 23 24 25 27 29 30 31 29 30 28 25 25 25 19 21 20 22 22 21 19 19 18 18 17 17 16 17 19 16 16 16 15 15 -9999 -9999
-9999 -9999 -9999 -9999 -9999 -9999 29 29 29 30 29 30 29 28 27 25 23 23 24 24 23 23 23 23 23 22 22 22 22 21 19 20 20 19 19 19 19 20 22 25 26 27 29 30 30 29 26 24 24 26 28 29 29 30 29 28 29 29 29 24 22 19 20 20 22 21 19 18 18 18 19 18 19 19 18 17 16 15 15 14 -9999 -9999
-9999 -9999 -9999 -9999 -9999 31 31 30 31 31 30 30 30 28 27 25 25 23 23 23 23 23 23 23 23 22 22 23 22 21 20 20 19 18 18 17 17 20 22 25 27 28 30 30 29 26 25 25 25 26 28 29 29 30 31 30 26 25 28 25 23 21 23 19 20 18 18 19 18 16 17 17 18 20 17 17 16 15 15 15 -9999 -9999
-9999 -9999 -9999 -9999 -9999 32 31 31 31 31 31 31 31 29 27 26 25 23 23 23 23 24 24 24 24 23 23 23 23 22 19 20 19 18 17 16 16 19 22 25 27 29 31 32 32 28 25 26 27 28 28 30 31 32 31 30 29 25 26 26 24 23 25 22 19 18 19 18 19 19 20 19 19 19 17 16 16 15 15 15 -9999 -9999
-9999 -9999 -9999 -9999 -9999 -9999 33 32 31 31 32 32 32 31 28 28 26 24 24 23 24 24 24 24 24 24 24 24 24 24 20 19 19 19 18 17 18 20 23 26 28 30 31 31 30 31 32 32 31 30 30 31 32 32 28 29 27 27 32 32 28 26 29 26 22 20 21 22 22 21 20 18 17 18 16 15 16 16 16 16 -9999 -9999
-9999 -9999 -9999 -9999 -9999 -9999 34 33 32 32 32 32 33 31 29 28 26 25 25 24 24 24 24 24 24 24 25 24 24 23 19 20 20 19 19 19 20 22 24 27 29 31 31 32 31 29 29 30 32 32 32 32 33 32 30 28 30 34 32 31 31 30 25 28 27 21 20 20 19 18 18 16 16 17 17 17 18 17 17 16 -9999 -9999
-9999 -9999 -9999 -9999 -9999 -9999 -9999 34 34 33 33 33 33 33 31 28 27 27 26 25 24 24 24 24 25 25 25 25 21 17 18 19 20 21 21 22 23 24 26 28 29 31 32 32 31 31 29 29 31 32 32 34 34 34 30 28 31 34 32 27 27 29 25 26 26 22 19 20 20 19 17 17 17 18 18 18 18 17 16 15 -9999 -9999
-9999 -9999 -9999 -9999 -9999 -9999 -9999 34 34 34 34 34 34 34 33 32 31 28 26 26 25 25 25 25 25 25 25 25 18 16 17 20 22 22 23 23 25 26 27 29 30 31 32 31 30 30 29 27 28 31 32 34 34 36 33 31 36 31 31 28 25 28 27 26 22 22 19 18 19 20 20 19 18 18 18 18 18 18 17 15 -9999 -9999
-9999 -9999 -9999 -9999 -9999 -9999 -9999 -9999 34 35 34 35 35 33 31 31 29 27 27 26 26 26 25 25 26 26 26 25 20 17 17 21 23 25 26 26 26 28 28 30 31 32 32 31 31 30 28 24 28 30 32 34 34 38 38 38 33 29 32 28 24 25 26 23 21 18 17 19 20 20 20 17 17 18 18 18 18 18 17 17 -9999 -9999
-9999 -9999 -9999 -9999 -9999 -9999 -9999 -9999 -9999 34 34 35 35 35 34 31 30 28 27 27 27 27 27 27 26 24 22 20 19 18 18 20 23 26 27 28 28 29 30 31 32 32 32 33 32 30 27 27 30 32 33 33 35 36 40 41 37 35 28 23 24 28 24 24 21 21 19 18 20 20 19 17 17 18 19 19 18 18 17 17 -9999 -9999
-9999 -9999 -9999 -9999 -9999 -9999 -9999 -9999 -9999 35 35 35 34 32 35 36 34 29 28 27 28 27 27 27 25 25 22 21 21 21 23 23 24 28 28 30 30 31 31 32 33 33 33 33 34 32 30 30 33 35 35 35 35 34 37 40 40 29 24 24 24 30 28 29 26 24 20 19 20 20 19 19 19 19 19 19 19 19 18 17 -9999 -9999
-9999 -9999 -9999 -9999 -9999 -9999 -9999 -9999 -9999 -9999 35 35 35 34 32 35 33 30 29 28 28 28 26 22 21 19 18 22 26 25 25 26 26 28 31 31 32 32 33 34 34 34 34 35 34 32 33 34 35 34 37 36 34 35 33 37 42 37 35 32 25 28 33 32 24 22 22 20 20 21 18 18 17 19 19 19 19 19 18 17 16 -9999
-9999 -9999 -9999 -9999 -9999 -9999 -9999 -9999 -9999 -9999 35 35 35 36 33 32 35 30 30 29 29 26 24 22 21 20 19 19 20 22 25 26 27 28 30 32 33 34 35 35 35 35 35 35 36 36 36 39 37 35 41 43 43 37 32 38 36 37 42 31 32 28 35 32 27 28 27 24 20 19 18 19 18 18 19 19 19 19 18 17 16 -9999
-9999 -9999 -9999 -9999 -9999 -9999 -9999 -9999 -9999 -9999 -9999 35 35 32 33 30 30 29 29 29 29 27 24 22 20 20 20 20 21 22 25 29 29 32 32 32 34 36 36 36 36 36 36 36 36 37 37 40 42 45 45 40 43 38 34 35 33 32 38 42 37 37 35 31 29 24 22 22 22 18 18 17 18 18 19 19 19 19 18 18 16 -9999
-9999 -9999 -9999 -9999 -9999 -9999 -9999 -9999 -9999 -9999 -9999 35 35 34 34 33 29 30 29 28 28 28 25 23 21 21 23 22 22 24 24 26 28 31 34 34 35 37 38 38 38 38 38 38 38 39 41 43 45 44 42 39 36 41 36 33 31 34 38 42 42 39 32 24 22 21 20 21 19 20 18 17 18 18 19 19 19 19 18 18 16 -9999
-9999 -9999 -9999 -9999 -9999 -9999 -9999 -9999 -9999 -9999 -9999 34 35 35 34 31 31 30 29 29 28 27 27 24 22 24 24 24 24 24 25 26 29 32 35 37 37 38 39 40 40 39 39 40 41 41 42 44 45 44 43 41 40 37 37 40 39 36 37 45 40 37 37 31 30 24 22 25 20 18 20 18 16 17 18 19 19 18 18 18 16 -9999
-9999 -9999 -9999 -9999 -9999 -9999 -9999 -9999 -9999 -9999 -9999 33 34 34 33 31 30 30 29 29 28 28 26 25 24 25 27 26 26 26 27 28 30 35 34 35 37 39 40 40 41 41 41 42 42 43 44 45 41 38 38 37 37 39 45 39 41 39 39 42 33 31 38 32 25 26 28 24 22 19 19 21 19 19 18 19 18 18 18 18 16 -9999
-9999 -9999 -9999 -9999 -9999 -9999 -9999 -9999 -9999 -9999 32 33 32 32 31 31 31 29 28 28 28 28 26 26 25 27 27 27 26 28 28 29 32 34 34 36 38 40 40 40 40 41 43 43 44 45 44 44 44 42 41 40 37 35 44 35 34 31 40 38 29 28 38 31 32 29 23 24 21 18 20 20 17 16 16 18 18 18 18 17 16 -9999
-9999 -9999 -9999 -9999 -9999 -9999 -9999 -9999 -9999 33 32 32 31 31 31 30 29 29 28 28 28 28 26 25 25 27 29 29 27 28 29 30 32 33 34 36 38 39 41 41 41 41 43 44 46 46 46 45 43 40 38 43 36 31 33 35 39 40 42 35 28 35 40 37 32 23 25 24 19 20 19 17 16 15 16 18 18 18 18 17 16 -9999
-9999 -9999 -9999 -9999 -9999 -9999 -9999 -9999 -9999 32 31 32 32 31 30 30 29 28 28 27 26 27 26 25 24 24 26 26 28 28 28 30 32 34 35 36 38 39 40 40 41 41 43 46 47 48 48 48 48 45 46 40 36 31 25 30 31 35 31 32 26 35 38 33 26 26 29 20 23 19 18 18 17 17 17 17 18 18 16 17 15 -9999
-9999 -9999 -9999 -9999 -9999 -9999 -9999 -9999 -9999 30 30 31 31 31 31 29 29 29 29 27 25 27 25 24 23 23 24 27 28 29 30 31 32 34 35 36 38 39 40 41 41 41 42 45 48 49 50 51 51 49 45 36 40 38 33 29 31 30 30 29 28 34 37 38 32 31 29 23 20 19 18 18 16 16 17 18 18 16 16 16 15 -9999
-9999 -9999 -9999 -9999 -9999 -9999 -9999 -9999 -9999 31 32 32 30 31 31 30 29 28 27 27 26 24 23 23 22 23 23 24 27 28 30 31 32 34 35 37 38 40 41 41 41 42 43 45 48 50 51 52 52 52 49 46 43 43 33 28 28 31 30 34 30 31 34 38 36 34 24 21 20 21 18 17 18 16 17 18 18 18 17 16 15 -9999
