L_lividipennis/M_variables/Set2/bio14_.asc
NCOLS 82 
NROWS 178 
XLLCORNER -73.9166666666667 
YLLCORNER -43.5416666666667 
CELLSIZE 0.0416666666666667 
NODATA_value -9999 
[rows 110 to 164 of 178, columns 0 to 81 of 82]
-9999 -9999 -9999 -9999 -9999 -9999 -9999 -9999 -9999 -9999 -9999 -9999 50 49 48 49 47 47 47 48 48 49 51 52 55 58 60 64 68 72 77 81 84 88 89 94 95 93 90 69 61 51 58 55 47 47 43 40 45 45 50 52 48 48 39 28 27 24 24 24 24 23 22 21 19 20 23 23 22 22 17 17 18 18 16 17 19 21 18 -9999 -9999 -9999
-9999 -9999 -9999 -9999 -9999 -9999 -9999 -9999 -9999 -9999 -9999 -9999 50 50 50 49 48 47 47 48 49 50 51 53 55 58 62 65 70 71 73 76 81 86 88 95 93 74 77 72 58 47 42 44 47 46 40 36 38 39 35 37 50 51 46 37 27 25 23 21 21 20 19 19 21 23 22 24 18 18 15 16 17 17 16 16 17 20 17 -9999 -9999 -9999
-9999 -9999 -9999 -9999 -9999 -9999 -9999 -9999 -9999 -9999 -9999 -9999 52 52 50 49 48 48 48 48 49 50 52 54 56 59 63 67 70 73 74 77 80 83 87 92 103 92 71 58 57 57 65 48 54 49 42 37 37 41 43 49 46 50 45 43 34 28 25 22 20 20 21 21 21 18 22 24 20 19 16 15 16 16 16 15 15 19 16 -9999 -9999 -9999
-9999 -9999 -9999 -9999 -9999 -9999 -9999 -9999 -9999 -9999 -9999 -9999 -9999 52 51 50 49 48 48 49 50 51 53 55 57 60 63 68 72 77 81 86 87 86 94 95 99 106 96 90 103 113 95 51 52 67 43 41 36 35 44 41 32 40 46 43 40 36 26 25 21 19 19 20 17 17 19 23 22 17 16 15 15 15 14 14 15 17 16 -9999 -9999 -9999
-9999 -9999 -9999 -9999 -9999 -9999 -9999 -9999 -9999 -9999 -9999 -9999 -9999 52 52 51 50 48 48 49 51 52 54 57 59 62 65 69 72 77 83 89 92 91 95 103 107 112 112 111 112 108 98 66 52 66 70 44 40 36 40 32 35 28 33 42 37 36 32 25 20 19 18 18 17 16 17 17 21 21 17 16 17 17 15 15 17 18 16 -9999 -9999 -9999
-9999 -9999 -9999 -9999 -9999 -9999 -9999 -9999 -9999 -9999 -9999 -9999 -9999 54 53 52 51 50 50 51 52 54 56 59 62 64 68 71 75 79 83 89 95 90 87 87 98 88 85 71 56 59 74 60 49 90 75 65 54 39 36 35 32 29 31 39 39 35 33 32 28 24 19 18 18 18 18 19 22 22 17 16 17 17 17 18 17 16 16 -9999 -9999 -9999
-9999 -9999 -9999 -9999 -9999 -9999 -9999 -9999 -9999 -9999 -9999 -9999 -9999 55 54 54 53 53 52 53 55 57 60 62 61 59 63 72 76 80 86 92 95 88 78 94 78 68 60 48 68 86 77 55 61 97 49 44 39 40 40 37 32 29 30 33 40 37 34 28 23 25 22 21 20 20 20 22 22 20 16 15 17 17 15 15 15 16 17 -9999 -9999 -9999
-9999 -9999 -9999 -9999 -9999 -9999 -9999 -9999 -9999 -9999 -9999 -9999 -9999 57 56 55 55 55 55 55 57 60 63 63 60 61 63 66 70 74 82 93 91 86 77 80 67 67 62 90 102 89 96 62 51 106 64 67 58 40 49 46 46 46 40 40 41 38 36 33 30 27 24 23 23 23 24 21 18 18 17 15 17 17 15 14 14 14 15 -9999 -9999 -9999
-9999 -9999 -9999 -9999 -9999 -9999 -9999 -9999 -9999 -9999 -9999 -9999 -9999 58 57 56 57 57 57 58 60 62 64 64 63 63 65 67 70 74 80 95 85 72 68 60 83 102 102 107 130 132 125 66 64 121 85 89 74 55 47 36 35 31 28 36 38 37 35 34 32 30 28 26 25 25 23 19 18 19 18 16 15 17 16 14 14 14 14 -9999 -9999 -9999
-9999 -9999 -9999 -9999 -9999 -9999 -9999 -9999 -9999 -9999 -9999 -9999 -9999 -9999 60 59 59 59 60 61 62 64 65 64 65 66 67 69 71 75 79 94 76 50 51 87 117 122 128 133 131 108 104 120 126 84 46 48 52 49 47 36 34 34 40 33 25 31 33 33 32 30 29 27 25 24 22 20 19 19 17 17 16 16 16 16 16 15 -9999 -9999 -9999 -9999
-9999 -9999 -9999 -9999 -9999 -9999 -9999 -9999 -9999 -9999 -9999 -9999 -9999 -9999 61 61 61 62 63 64 65 68 68 67 68 69 70 71 73 76 79 85 88 77 88 105 93 88 107 136 62 59 53 105 101 67 62 36 30 37 40 33 38 41 33 26 26 25 25 29 28 26 27 26 23 23 22 21 19 18 16 16 16 17 16 16 16 15 -9999 -9999 -9999 -9999
-9999 -9999 -9999 -9999 -9999 -9999 -9999 -9999 -9999 -9999 -9999 -9999 -9999 -9999 63 63 63 64 66 67 68 70 71 70 71 72 73 73 75 78 81 84 89 97 104 76 62 60 68 132 63 51 70 97 44 46 48 40 32 34 37 35 30 28 27 25 24 22 21 26 29 25 24 22 22 20 20 21 20 18 16 16 16 16 14 14 14 15 -9999 -9999 -9999 -9999
-9999 -9999 -9999 -9999 -9999 -9999 -9999 -9999 -9999 -9999 -9999 -9999 -9999 -9999 65 65 66 67 68 70 72 73 72 73 74 75 75 76 81 85 89 88 91 94 100 102 79 61 74 127 65 54 90 90 88 68 62 51 38 34 40 44 39 33 32 26 24 23 24 31 22 19 20 18 21 19 19 18 18 17 16 16 15 14 14 13 14 14 -9999 -9999 -9999 -9999
-9999 -9999 -9999 -9999 -9999 -9999 -9999 -9999 -9999 -9999 -9999 -9999 -9999 -9999 68 68 68 69 72 74 75 77 77 76 77 79 80 82 85 85 87 90 97 102 104 105 109 77 75 115 96 60 101 49 61 83 57 46 39 36 36 31 37 34 39 36 25 32 28 22 19 19 18 19 20 20 18 18 17 16 16 16 15 14 13 13 14 14 -9999 -9999 -9999 -9999
-9999 -9999 -9999 -9999 -9999 -9999 -9999 -9999 -9999 -9999 -9999 -9999 -9999 -9999 -9999 72 73 74 76 77 78 80 81 80 82 84 86 86 85 83 69 65 81 83 94 105 114 92 66 95 81 107 72 52 60 60 73 51 38 40 44 45 37 32 29 33 35 34 27 21 20 20 19 20 18 19 17 17 17 16 16 16 15 14 14 13 14 14 -9999 -9999 -9999 -9999
-9999 -9999 -9999 -9999 -9999 -9999 -9999 -9999 -9999 -9999 -9999 -9999 -9999 -9999 -9999 75 76 77 79 80 81 82 84 85 86 88 89 89 88 84 71 66 73 82 80 74 104 108 102 110 65 55 59 61 50 47 55 49 37 43 46 46 48 38 37 34 37 36 26 21 21 20 20 18 17 17 17 16 16 16 16 15 15 15 15 14 14 13 -9999 -9999 -9999 -9999
-9999 -9999 -9999 -9999 -9999 -9999 -9999 -9999 -9999 -9999 -9999 -9999 -9999 -9999 -9999 78 79 81 81 82 83 84 86 88 89 90 91 92 91 85 87 90 90 84 90 81 68 88 116 108 73 56 67 84 65 53 45 43 49 39 47 39 42 36 27 27 32 25 30 22 20 19 18 17 17 18 16 17 16 16 15 15 14 15 15 15 14 13 -9999 -9999 -9999 -9999
-9999 -9999 -9999 -9999 -9999 -9999 -9999 -9999 -9999 -9999 -9999 -9999 -9999 -9999 -9999 -9999 81 82 83 85 86 86 88 89 90 92 93 95 94 96 94 92 94 99 91 68 73 95 117 81 69 84 67 54 64 53 53 49 54 43 43 42 45 35 34 29 29 23 31 23 22 22 19 19 18 17 16 17 16 15 15 15 15 15 15 15 15 14 -9999 -9999 -9999 -9999
-9999 -9999 -9999 -9999 -9999 -9999 -9999 -9999 -9999 -9999 -9999 -9999 -9999 -9999 -9999 -9999 83 84 86 86 87 88 91 90 92 93 95 95 93 93 94 76 75 79 97 85 66 91 114 91 90 53 50 63 51 46 53 58 44 50 33 33 44 41 39 27 32 25 28 25 25 22 19 18 17 17 16 15 16 16 16 15 15 15 14 14 14 14 -9999 -9999 -9999 -9999
-9999 -9999 -9999 -9999 -9999 -9999 -9999 -9999 -9999 -9999 -9999 -9999 -9999 -9999 -9999 -9999 83 85 86 88 88 88 89 -9999 -9999 92 95 98 98 89 91 82 78 70 89 84 78 100 111 89 75 48 70 56 58 47 59 61 56 60 56 34 31 42 43 40 41 40 29 27 22 21 20 19 17 17 16 15 16 16 15 15 15 13 13 13 13 13 -9999 -9999 -9999 -9999
-9999 -9999 -9999 -9999 -9999 -9999 -9999 -9999 -9999 -9999 -9999 -9999 -9999 -9999 -9999 -9999 -9999 86 88 89 88 90 91 -9999 -9999 -9999 -9999 98 101 96 96 78 79 69 74 65 67 97 93 63 62 59 81 56 52 43 50 73 42 39 43 54 31 34 39 30 29 40 34 29 22 23 22 20 18 17 16 15 15 15 14 14 15 14 14 13 14 14 -9999 -9999 -9999 -9999
-9999 -9999 -9999 -9999 -9999 -9999 -9999 -9999 -9999 -9999 -9999 -9999 -9999 -9999 -9999 -9999 -9999 88 89 90 91 90 91 -9999 -9999 -9999 -9999 -9999 -9999 102 103 95 81 82 66 67 71 101 92 76 93 86 60 56 49 50 45 66 42 40 47 56 51 53 50 46 40 38 34 29 25 24 20 19 17 17 17 16 14 15 14 14 14 14 14 14 14 14 -9999 -9999 -9999 -9999
-9999 -9999 -9999 -9999 -9999 -9999 -9999 -9999 -9999 -9999 -9999 -9999 -9999 -9999 -9999 -9999 -9999 -9999 90 91 91 -9999 94 94 -9999 -9999 -9999 -9999 -9999 -9999 90 73 73 73 81 86 94 105 105 104 87 87 79 60 50 54 62 70 49 44 48 37 31 30 33 43 32 31 32 26 26 23 23 20 19 17 17 17 15 15 14 14 14 14 14 14 14 14 -9999 -9999 -9999 -9999
-9999 -9999 -9999 -9999 -9999 -9999 -9999 -9999 -9999 -9999 -9999 -9999 -9999 -9999 -9999 -9999 -9999 -9999 90 92 92 95 93 95 96 -9999 -9999 -9999 -9999 -9999 98 81 85 97 101 104 102 102 101 87 61 63 91 84 58 62 72 53 52 41 37 33 37 38 34 33 39 35 32 30 26 24 21 20 19 19 18 18 16 14 13 14 15 14 14 14 14 14 -9999 -9999 -9999 -9999
-9999 -9999 -9999 -9999 -9999 -9999 -9999 -9999 -9999 -9999 -9999 -9999 -9999 -9999 -9999 -9999 -9999 -9999 -9999 92 94 -9999 94 95 -9999 -9999 -9999 -9999 -9999 101 101 97 101 90 95 80 69 86 79 87 59 60 63 85 84 81 68 59 57 42 36 36 37 30 27 29 31 34 32 29 22 22 20 18 17 16 19 16 15 15 14 15 16 15 14 14 14 14 -9999 -9999 -9999 -9999
-9999 -9999 -9999 -9999 -9999 -9999 -9999 -9999 -9999 -9999 -9999 -9999 -9999 -9999 -9999 -9999 -9999 -9999 -9999 94 94 94 -9999 -9999 -9999 -9999 -9999 -9999 -9999 100 86 75 89 72 78 66 52 63 63 78 74 58 53 59 83 84 58 40 56 39 39 34 34 30 29 25 29 30 30 29 23 20 20 19 18 17 18 16 15 14 14 16 16 16 15 14 14 14 -9999 -9999 -9999 -9999
-9999 -9999 -9999 -9999 -9999 -9999 -9999 -9999 -9999 -9999 -9999 -9999 -9999 -9999 -9999 -9999 -9999 -9999 -9999 -9999 94 95 96 -9999 -9999 -9999 -9999 100 100 94 84 80 82 80 69 64 63 57 67 67 54 54 55 55 71 70 72 46 37 43 39 34 34 35 31 28 32 33 31 29 22 20 19 17 18 19 19 18 16 15 16 16 17 16 15 15 14 -9999 -9999 -9999 -9999 -9999
-9999 -9999 -9999 -9999 -9999 -9999 -9999 -9999 -9999 -9999 -9999 -9999 -9999 -9999 -9999 -9999 -9999 -9999 -9999 -9999 96 96 96 98 99 -9999 101 100 100 90 79 82 77 73 74 77 78 67 60 55 62 61 62 68 70 56 70 62 42 41 33 33 33 33 32 31 34 33 31 31 26 21 21 19 18 18 19 19 18 17 17 17 17 15 15 15 15 -9999 -9999 -9999 -9999 -9999
-9999 -9999 -9999 -9999 -9999 -9999 -9999 -9999 -9999 -9999 -9999 -9999 -9999 -9999 -9999 -9999 -9999 -9999 -9999 -9999 -9999 -9999 -9999 98 98 100 100 100 101 96 83 75 81 81 81 77 90 69 60 54 49 48 64 60 49 54 55 66 58 48 35 32 32 31 29 30 33 32 30 30 28 21 22 18 18 20 21 20 20 19 18 18 17 16 15 15 16 -9999 -9999 -9999 -9999 -9999
-9999 -9999 -9999 -9999 -9999 -9999 -9999 -9999 -9999 -9999 -9999 -9999 -9999 -9999 -9999 -9999 -9999 -9999 -9999 -9999 -9999 -9999 -9999 -9999 -9999 100 101 100 102 103 95 85 84 86 98 99 85 77 65 66 49 51 52 49 46 45 45 65 58 56 40 32 31 28 28 31 33 32 26 27 26 24 21 20 21 21 21 21 20 17 17 17 17 17 16 15 16 -9999 -9999 -9999 -9999 -9999
-9999 -9999 -9999 -9999 -9999 -9999 -9999 -9999 -9999 -9999 -9999 -9999 -9999 -9999 -9999 -9999 -9999 -9999 -9999 -9999 -9999 -9999 -9999 -9999 -9999 -9999 102 102 102 104 98 84 96 87 99 97 68 60 55 56 53 46 57 43 45 51 43 60 62 55 43 33 32 31 27 32 34 32 27 22 24 25 24 21 21 22 21 21 18 16 16 17 17 17 17 16 16 -9999 -9999 -9999 -9999 -9999
-9999 -9999 -9999 -9999 -9999 -9999 -9999 -9999 -9999 -9999 -9999 -9999 -9999 -9999 -9999 -9999 -9999 -9999 -9999 -9999 -9999 -9999 -9999 -9999 -9999 -9999 -9999 -9999 103 103 104 101 90 89 94 90 70 53 52 58 53 54 64 67 66 64 62 63 55 52 48 35 32 30 32 36 34 31 26 23 21 23 22 21 21 22 21 19 16 16 17 16 16 16 17 17 16 -9999 -9999 -9999 -9999 -9999
-9999 -9999 -9999 -9999 -9999 -9999 -9999 -9999 -9999 -9999 -9999 -9999 -9999 -9999 -9999 -9999 -9999 -9999 -9999 -9999 -9999 -9999 -9999 -9999 -9999 -9999 -9999 -9999 -9999 -9999 100 101 100 99 98 79 72 63 55 53 56 65 52 55 45 41 46 44 49 54 49 35 32 33 33 38 33 35 30 25 24 23 18 19 21 22 20 17 17 17 17 17 16 16 16 16 15 -9999 -9999 -9999 -9999 -9999
-9999 -9999 -9999 -9999 -9999 -9999 -9999 -9999 -9999 -9999 -9999 -9999 -9999 -9999 -9999 -9999 -9999 -9999 -9999 -9999 -9999 -9999 -9999 -9999 -9999 -9999 -9999 -9999 -9999 -9999 -9999 101 98 91 98 84 76 62 76 52 51 54 46 51 39 41 41 44 50 42 46 44 41 42 41 37 34 34 30 30 25 22 19 19 22 22 19 17 16 17 17 17 17 16 16 16 16 -9999 -9999 -9999 -9999 -9999
-9999 -9999 -9999 -9999 -9999 -9999 -9999 -9999 -9999 -9999 -9999 -9999 -9999 -9999 -9999 -9999 -9999 -9999 -9999 -9999 -9999 -9999 -9999 -9999 -9999 -9999 -9999 -9999 -9999 -9999 -9999 100 96 83 94 76 76 73 72 60 53 46 46 44 42 43 42 43 43 36 38 35 36 34 42 37 33 33 25 28 29 23 21 22 23 22 21 18 18 17 17 17 16 16 16 16 16 -9999 -9999 -9999 -9999 -9999
-9999 -9999 -9999 -9999 -9999 -9999 -9999 -9999 -9999 -9999 -9999 -9999 -9999 -9999 -9999 -9999 -9999 -9999 -9999 -9999 -9999 -9999 -9999 -9999 -9999 -9999 -9999 -9999 -9999 -9999 -9999 92 92 -9999 -9999 79 74 74 68 66 58 58 46 48 48 44 48 48 41 39 37 35 36 40 43 32 31 35 28 26 28 26 24 22 22 22 22 20 18 16 16 16 16 15 15 15 -9999 -9999 -9999 -9999 -9999 -9999
-9999 -9999 -9999 -9999 -9999 -9999 -9999 -9999 -9999 -9999 -9999 -9999 -9999 -9999 -9999 -9999 -9999 -9999 -9999 -9999 -9999 -9999 -9999 -9999 -9999 -9999 -9999 102 102 101 94 81 82 94 -9999 82 75 88 75 68 69 59 49 48 47 54 40 39 42 41 40 38 42 46 38 28 30 29 31 30 30 28 26 25 23 23 22 21 18 17 17 17 16 15 16 16 -9999 -9999 -9999 -9999 -9999 -9999
-9999 -9999 -9999 -9999 -9999 -9999 -9999 -9999 -9999 -9999 -9999 -9999 -9999 -9999 -9999 -9999 -9999 -9999 -9999 -9999 -9999 -9999 -9999 -9999 -9999 -9999 103 102 102 99 85 77 82 92 97 83 78 75 67 58 55 50 45 48 50 57 53 51 46 45 38 38 47 38 31 28 29 28 25 24 27 27 26 25 23 22 22 21 17 17 18 18 17 17 16 15 -9999 -9999 -9999 -9999 -9999 -9999
-9999 -9999 -9999 -9999 -9999 -9999 -9999 -9999 -9999 -9999 -9999 -9999 -9999 -9999 -9999 -9999 -9999 -9999 -9999 -9999 -9999 -9999 -9999 -9999 -9999 -9999 104 100 92 98 86 75 79 90 93 72 77 66 72 58 54 62 49 45 45 49 40 43 50 45 46 45 36 33 30 28 25 25 25 22 23 26 25 23 23 22 22 21 17 18 19 18 18 17 14 15 -9999 -9999 -9999 -9999 -9999 -9999
-9999 -9999 -9999 -9999 -9999 -9999 -9999 -9999 -9999 -9999 -9999 -9999 -9999 -9999 -9999 -9999 -9999 -9999 -9999 -9999 -9999 -9999 -9999 -9999 -9999 -9999 -9999 103 90 83 88 80 73 84 97 87 87 78 73 65 59 60 49 47 50 43 43 42 39 35 35 32 30 30 28 27 26 24 27 26 27 27 26 23 24 22 22 21 20 19 19 18 18 17 16 -9999 -9999 -9999 -9999 -9999 -9999 -9999
-9999 -9999 -9999 -9999 -9999 -9999 -9999 -9999 -9999 -9999 -9999 -9999 -9999 -9999 -9999 -9999 -9999 -9999 -9999 -9999 -9999 -9999 -9999 -9999 -9999 -9999 -9999 107 103 93 89 80 74 75 86 94 70 62 62 70 67 61 49 43 42 40 40 35 34 36 37 30 30 30 28 28 28 30 30 30 29 27 26 25 23 18 18 21 20 20 18 16 15 16 16 -9999 -9999 -9999 -9999 -9999 -9999 -9999
-9999 -9999 -9999 -9999 -9999 -9999 -9999 -9999 -9999 -9999 -9999 -9999 -9999 -9999 -9999 -9999 -9999 -9999 -9999 -9999 -9999 -9999 -9999 -9999 -9999 -9999 -9999 -9999 -9999 92 75 78 72 74 85 95 66 76 72 74 77 63 56 50 44 41 45 38 36 33 39 43 38 36 37 34 32 33 31 31 29 28 26 24 19 16 18 20 20 19 17 15 14 15 15 -9999 -9999 -9999 -9999 -9999 -9999 -9999
-9999 -9999 -9999 -9999 -9999 -9999 -9999 -9999 -9999 -9999 -9999 -9999 -9999 -9999 -9999 -9999 -9999 -9999 -9999 -9999 -9999 -9999 -9999 -9999 -9999 -9999 -9999 -9999 -9999 98 87 85 73 72 79 92 88 89 89 80 67 73 70 60 48 43 43 43 43 45 45 38 37 36 32 33 36 34 32 31 29 27 25 21 18 16 18 20 20 18 16 14 14 16 -9999 -9999 -9999 -9999 -9999 -9999 -9999 -9999
-9999 -9999 -9999 -9999 -9999 -9999 -9999 -9999 -9999 -9999 -9999 -9999 -9999 -9999 -9999 -9999 -9999 -9999 -9999 -9999 -9999 -9999 -9999 -9999 -9999 -9999 -9999 -9999 95 98 101 88 80 80 95 75 70 71 64 78 65 54 71 59 52 46 45 41 42 41 34 32 34 28 28 33 37 36 33 31 29 25 22 20 18 17 19 20 20 19 16 15 16 16 -9999 -9999 -9999 -9999 -9999 -9999 -9999 -9999
-9999 -9999 -9999 -9999 -9999 -9999 -9999 -9999 -9999 -9999 -9999 -9999 -9999 -9999 -9999 -9999 -9999 -9999 -9999 -9999 -9999 -9999 -9999 -9999 -9999 -9999 -9999 -9999 -9999 87 88 97 97 98 86 72 63 65 73 76 66 58 57 55 53 49 51 42 41 36 34 33 30 31 40 39 35 33 31 28 25 22 20 20 17 17 19 20 20 18 17 17 16 16 -9999 -9999 -9999 -9999 -9999 -9999 -9999 -9999
-9999 -9999 -9999 -9999 -9999 -9999 -9999 -9999 -9999 -9999 -9999 -9999 -9999 -9999 -9999 -9999 -9999 -9999 -9999 -9999 -9999 -9999 -9999 -9999 -9999 -9999 -9999 -9999 -9999 89 86 88 85 94 97 91 72 68 68 64 67 63 56 50 51 52 52 55 53 40 39 41 36 39 41 27 28 29 28 25 23 21 20 20 19 18 18 20 19 18 18 17 17 -9999 -9999 -9999 -9999 -9999 -9999 -9999 -9999 -9999
-9999 -9999 -9999 -9999 -9999 -9999 -9999 -9999 -9999 -9999 -9999 -9999 -9999 -9999 -9999 -9999 -9999 -9999 -9999 -9999 -9999 -9999 -9999 -9999 -9999 -9999 -9999 -9999 -9999 -9999 78 82 85 87 97 85 80 72 65 65 60 53 55 53 48 45 48 40 51 49 41 46 35 45 35 29 31 27 26 26 24 22 20 20 19 18 18 19 19 18 17 17 17 -9999 -9999 -9999 -9999 -9999 -9999 -9999 -9999 -9999
-9999 -9999 -9999 -9999 -9999 -9999 -9999 -9999 -9999 -9999 -9999 -9999 -9999 -9999 -9999 -9999 -9999 -9999 -9999 -9999 -9999 -9999 -9999 -9999 -9999 -9999 -9999 -9999 -9999 -9999 83 88 92 82 90 95 93 77 83 69 70 56 56 53 56 47 43 51 54 53 54 44 39 45 38 35 29 26 27 27 25 22 21 18 17 17 17 18 18 18 17 16 16 -9999 -9999 -9999 -9999 -9999 -9999 -9999 -9999 -9999
-9999 -9999 -9999 -9999 -9999 -9999 -9999 -9999 -9999 -9999 -9999 -9999 -9999 -9999 -9999 -9999 -9999 -9999 -9999 -9999 -9999 -9999 -9999 -9999 -9999 -9999 -9999 -9999 -9999 -9999 -9999 101 79 72 77 81 89 91 90 73 75 66 54 57 62 62 60 54 41 39 43 52 47 33 35 35 25 25 26 27 27 24 21 18 18 18 17 18 18 17 17 17 -9999 -9999 -9999 -9999 -9999 -9999 -9999 -9999 -9999 -9999
-9999 -9999 -9999 -9999 -9999 -9999 -9999 -9999 -9999 -9999 -9999 -9999 -9999 -9999 -9999 -9999 -9999 -9999 -9999 -9999 -9999 -9999 -9999 -9999 -9999 -9999 -9999 -9999 -9999 -9999 -9999 100 91 84 67 67 63 67 85 87 83 72 61 56 56 55 52 50 55 42 40 47 47 32 33 33 27 23 24 27 28 26 21 18 18 19 19 19 18 17 17 16 -9999 -9999 -9999 -9999 -9999 -9999 -9999 -9999 -9999 -9999
-9999 -9999 -9999 -9999 -9999 -9999 -9999 -9999 -9999 -9999 -9999 -9999 -9999 -9999 -9999 -9999 -9999 -9999 -9999 -9999 -9999 -9999 -9999 -9999 -9999 -9999 -9999 -9999 -9999 -9999 -9999 -9999 85 73 59 54 63 64 64 66 72 67 62 54 52 47 55 53 55 56 38 36 50 45 45 40 28 23 24 28 29 25 22 18 17 19 20 19 18 18 17 16 -9999 -9999 -9999 -9999 -9999 -9999 -9999 -9999 -9999 -9999
-9999 -9999 -9999 -9999 -9999 -9999 -9999 -9999 -9999 -9999 -9999 -9999 -9999 -9999 -9999 -9999 -9999 -9999 -9999 -9999 -9999 -9999 -9999 -9999 -9999 -9999 -9999 -9999 -9999 -9999 -9999 -9999 78 66 70 72 78 69 65 71 70 67 59 69 59 51 47 43 42 49 54 48 50 38 42 43 33 27 27 30 29 26 25 22 17 18 20 19 18 17 17 -9999 -9999 -9999 -9999 -9999 -9999 -9999 -9999 -9999 -9999 -9999
-9999 -9999 -9999 -9999 -9999 -9999 -9999 -9999 -9999 -9999 -9999 -9999 -9999 -9999 -9999 -9999 -9999 -9999 -9999 -9999 -9999 -9999 -9999 -9999 -9999 -9999 -9999 -9999 -9999 -9999 -9999 -9999 -9999 74 85 82 86 76 78 65 58 56 54 57 69 47 54 40 42 44 39 42 50 33 35 43 36 27 29 32 30 27 27 24 22 20 19 19 18 17 16 -9999 -9999 -9999 -9999 -9999 -9999 -9999 -9999 -9999 -9999 -9999
-9999 -9999 -9999 -9999 -9999 -9999 -9999 -9999 -9999 -9999 -9999 -9999 -9999 -9999 -9999 -9999 -9999 -9999 -9999 -9999 -9999 -9999 -9999 -9999 -9999 -9999 -9999 -9999 -9999 -9999 -9999 -9999 -9999 79 96 75 86 68 64 72 64 56 62 52 63 60 56 43 39 36 33 36 49 36 31 42 39 31 32 31 31 30 27 25 23 20 19 19 18 17 17 -9999 -9999 -9999 -9999 -9999 -9999 -9999 -9999 -9999 -9999 -9999
-9999 -9999 -9999 -9999 -9999 -9999 -9999 -9999 -9999 -9999 -9999 -9999 -9999 -9999 -9999 -9999 -9999 -9999 -9999 -9999 -9999 -9999 -9999 -9999 -9999 -9999 -9999 -9999 -9999 -9999 -9999 -9999 -9999 -9999 99 87 86 70 65 61 53 58 70 61 49 63 65 43 48 37 35 40 51 37 30 38 41 38 37 35 33 28 25 19 20 20 19 19 18 17 -9999 -9999 -9999 -9999 -9999 -9999 -9999 -9999 -9999 -9999 -9999 -9999
