L_lividipennis/M_variables/Set2/bio12_.asc
NCOLS 82 
NROWS 178 
XLLCORNER -73.9166666666667 
YLLCORNER -43.5416666666667 
CELLSIZE 0.0416666666666667 
NODATA_value -9999 
[rows 117 to 155 of 178, columns 0 to 81 of 82]
-9999 -9999 -9999 -9999 -9999 -9999 -9999 -9999 -9999 -9999 -9999 -9999 -9999 1534 1522 1511 1490 1475 1467 1462 1482 1523 1562 1572 1541 1573 1621 1684 1748 1828 1961 2172 2344 2384 2303 2355 2140 2158 2049 2598 2829 2563 2709 2001 1774 2864 1993 2057 1864 1462 1650 1571 1523 1493 1344 1308 1293 1225 1153 1060 980 911 845 814 799 785 798 742 689 670 651 631 617 599 572 565 544 522 509 -9999 -9999 -9999
-9999 -9999 -9999 -9999 -9999 -9999 -9999 -9999 -9999 -9999 -9999 -9999 -9999 1565 1550 1536 1517 1505 1503 1505 1526 1556 1591 1574 1575 1599 1646 1700 1754 1826 1925 2141 2338 2213 2161 2054 2428 2709 2688 2838 3260 3299 3191 2084 2030 3150 2440 2547 2215 1779 1602 1354 1299 1211 1116 1241 1254 1195 1131 1092 1043 973 916 866 826 819 769 702 683 665 647 631 608 596 565 550 532 515 498 -9999 -9999 -9999
-9999 -9999 -9999 -9999 -9999 -9999 -9999 -9999 -9999 -9999 -9999 -9999 -9999 -9999 1574 1562 1550 1534 1532 1544 1568 1581 1562 1575 1598 1629 1670 1721 1774 1840 1907 2112 2218 1806 1852 2513 2756 2905 3075 3220 3257 2928 2885 3139 3256 2431 1618 1660 1725 1656 1583 1329 1277 1247 1334 1192 1071 1109 1110 1082 1042 998 949 905 857 815 764 714 692 653 636 631 606 592 567 553 534 521 -9999 -9999 -9999 -9999
-9999 -9999 -9999 -9999 -9999 -9999 -9999 -9999 -9999 -9999 -9999 -9999 -9999 -9999 1602 1586 1575 1563 1561 1573 1593 1590 1597 1603 1630 1662 1693 1739 1789 1845 1902 1984 2198 2256 2402 2614 2496 2510 2826 3301 2032 1991 1846 2886 2820 2087 1967 1319 1178 1330 1406 1279 1365 1369 1223 1074 1059 1039 1005 1040 980 934 930 887 837 826 799 748 694 653 635 622 599 591 560 554 532 517 -9999 -9999 -9999 -9999
-9999 -9999 -9999 -9999 -9999 -9999 -9999 -9999 -9999 -9999 -9999 -9999 -9999 -9999 1623 1614 1605 1598 1599 1596 1619 1625 1626 1635 1661 1689 1721 1757 1800 1858 1918 1982 2062 2192 2350 2193 2011 1971 2127 3329 2058 1807 2202 2727 1593 1622 1636 1386 1186 1245 1320 1290 1196 1118 1083 1037 1009 997 969 999 1002 915 889 843 820 780 759 760 715 671 653 632 607 593 570 547 527 517 -9999 -9999 -9999 -9999
-9999 -9999 -9999 -9999 -9999 -9999 -9999 -9999 -9999 -9999 -9999 -9999 -9999 -9999 1647 1640 1637 1632 1639 1632 1635 1636 1643 1665 1692 1722 1758 1797 1875 2060 2022 2017 2096 2194 2329 2476 2320 1985 2274 3326 2046 1825 2601 2612 2566 2092 1936 1695 1419 1320 1391 1463 1334 1209 1162 1039 989 991 997 1052 933 891 873 829 815 765 736 717 709 685 651 633 617 605 588 562 531 517 -9999 -9999 -9999 -9999
-9999 -9999 -9999 -9999 -9999 -9999 -9999 -9999 -9999 -9999 -9999 -9999 -9999 -9999 1666 1658 1656 1656 1649 1650 1663 1670 1680 1697 1727 1763 1806 1866 1959 2060 2171 2249 2249 2314 2380 2539 2621 2269 2276 3111 2730 1960 2869 1710 1951 2432 1826 1566 1440 1367 1319 1185 1282 1218 1293 1213 996 1105 1041 956 913 884 846 810 788 778 745 732 700 676 652 633 616 602 571 540 520 509 -9999 -9999 -9999 -9999
-9999 -9999 -9999 -9999 -9999 -9999 -9999 -9999 -9999 -9999 -9999 -9999 -9999 -9999 -9999 1667 1662 1661 1662 1672 1690 1711 1727 1744 1772 1821 1864 1929 2030 2168 2114 2057 2309 2339 2460 2620 2687 2581 2043 2693 2398 2976 2212 1788 1936 1889 2176 1683 1415 1439 1472 1454 1272 1160 1088 1137 1161 1139 1036 959 927 904 852 826 790 786 755 727 694 664 638 623 607 573 543 523 514 503 -9999 -9999 -9999 -9999
-9999 -9999 -9999 -9999 -9999 -9999 -9999 -9999 -9999 -9999 -9999 -9999 -9999 -9999 -9999 1692 1687 1682 1679 1688 1708 1734 1765 1792 1819 1853 1890 1944 2040 2162 2098 2035 2176 2314 2305 2188 2593 2695 2711 2839 2035 1853 1959 1983 1726 1623 1773 1638 1381 1448 1493 1500 1517 1304 1265 1190 1222 1169 1000 955 920 888 871 823 799 780 764 728 708 676 645 620 598 570 536 516 506 492 -9999 -9999 -9999 -9999
-9999 -9999 -9999 -9999 -9999 -9999 -9999 -9999 -9999 -9999 -9999 -9999 -9999 -9999 -9999 1720 1715 1712 1715 1724 1734 1751 1783 1814 1845 1879 1903 1960 2042 2172 2219 2258 2308 2298 2417 2324 2111 2458 2731 2750 2185 1865 2121 2449 2028 1755 1552 1509 1615 1377 1527 1362 1382 1268 1067 1040 1134 989 1054 949 914 882 844 820 790 779 752 732 692 672 640 611 584 558 530 513 498 478 -9999 -9999 -9999 -9999
-9999 -9999 -9999 -9999 -9999 -9999 -9999 -9999 -9999 -9999 -9999 -9999 -9999 -9999 -9999 -9999 1748 1745 1745 1749 1757 1780 1812 1838 1868 1901 1923 1971 1999 2090 2177 2269 2312 2404 2369 2119 2215 2561 2710 2319 2100 2407 2072 1821 2014 1737 1722 1602 1728 1444 1419 1395 1443 1232 1218 1088 1068 955 1066 934 910 891 841 820 792 775 750 732 693 662 633 600 573 553 536 514 504 482 -9999 -9999 -9999 -9999
-9999 -9999 -9999 -9999 -9999 -9999 -9999 -9999 -9999 -9999 -9999 -9999 -9999 -9999 -9999 -9999 1783 1780 1778 1783 1782 1801 1829 1840 1872 1902 1945 2021 2105 2148 2204 2143 2153 2234 2435 2314 2052 2467 2688 2446 2434 1783 1707 2008 1742 1612 1709 1816 1480 1637 1249 1220 1422 1339 1292 1027 1102 975 1001 962 930 879 849 822 796 768 748 723 688 657 626 593 572 554 534 513 501 483 -9999 -9999 -9999 -9999
-9999 -9999 -9999 -9999 -9999 -9999 -9999 -9999 -9999 -9999 -9999 -9999 -9999 -9999 -9999 -9999 1817 1812 1814 1815 1821 1807 1818 -9999 -9999 1911 1973 2014 2101 2201 2244 2201 2187 2082 2371 2295 2237 2561 2581 2390 2209 1686 2124 1815 1871 1614 1816 1841 1739 1841 1746 1255 1182 1392 1392 1296 1298 1244 989 966 909 885 856 827 790 757 728 716 687 653 628 599 578 562 546 516 493 473 -9999 -9999 -9999 -9999
-9999 -9999 -9999 -9999 -9999 -9999 -9999 -9999 -9999 -9999 -9999 -9999 -9999 -9999 -9999 -9999 -9999 1844 1843 1848 1845 1868 1878 -9999 -9999 -9999 -9999 2019 2088 2189 2230 2132 2164 2056 2148 1981 2018 2477 2459 1944 1937 1892 2289 1801 1718 1530 1605 2083 1433 1352 1421 1684 1188 1204 1271 1110 1048 1247 1090 991 885 862 830 801 760 718 707 718 694 663 639 609 571 543 524 508 487 466 -9999 -9999 -9999 -9999
-9999 -9999 -9999 -9999 -9999 -9999 -9999 -9999 -9999 -9999 -9999 -9999 -9999 -9999 -9999 -9999 -9999 1883 1885 1889 1893 1878 1886 -9999 -9999 -9999 -9999 -9999 -9999 2134 2221 2258 2162 2223 2001 2011 2070 2474 2378 2134 2388 2308 1856 1799 1633 1621 1489 1908 1401 1344 1504 1714 1628 1632 1560 1462 1305 1220 1096 983 875 845 807 797 749 717 696 694 690 666 632 603 573 543 513 490 469 457 -9999 -9999 -9999 -9999
-9999 -9999 -9999 -9999 -9999 -9999 -9999 -9999 -9999 -9999 -9999 -9999 -9999 -9999 -9999 -9999 -9999 -9999 1919 1924 1929 -9999 1960 1968 -9999 -9999 -9999 -9999 -9999 -9999 2177 2071 2067 2074 2180 2260 2324 2402 2428 2449 2282 2306 2176 1847 1624 1690 1826 1975 1536 1419 1526 1287 1157 1119 1188 1373 1120 1068 1058 914 901 838 833 793 756 719 685 676 690 668 633 603 574 544 511 489 470 457 -9999 -9999 -9999 -9999
-9999 -9999 -9999 -9999 -9999 -9999 -9999 -9999 -9999 -9999 -9999 -9999 -9999 -9999 -9999 -9999 -9999 -9999 1952 1952 1959 1970 1978 1991 2003 -9999 -9999 -9999 -9999 -9999 2205 2126 2169 2272 2306 2321 2366 2382 2412 2266 1901 1950 2325 2195 1746 1809 1967 1609 1605 1367 1298 1197 1251 1244 1160 1135 1238 1132 1040 977 908 875 820 790 759 724 675 675 684 674 635 581 542 521 497 482 471 457 -9999 -9999 -9999 -9999
-9999 -9999 -9999 -9999 -9999 -9999 -9999 -9999 -9999 -9999 -9999 -9999 -9999 -9999 -9999 -9999 -9999 -9999 -9999 1981 1988 -9999 1994 2002 -9999 -9999 -9999 -9999 -9999 2142 2219 2239 2244 2226 2295 2161 2020 2289 2151 2261 1881 1880 1912 2229 2135 2105 1924 1733 1676 1388 1270 1242 1244 1111 1046 1042 1074 1101 1034 965 841 846 819 775 747 700 672 662 667 647 592 546 525 502 483 468 457 449 -9999 -9999 -9999 -9999
-9999 -9999 -9999 -9999 -9999 -9999 -9999 -9999 -9999 -9999 -9999 -9999 -9999 -9999 -9999 -9999 -9999 -9999 -9999 2005 2023 2033 -9999 -9999 -9999 -9999 -9999 -9999 -9999 2199 2163 2075 2226 2030 2113 1950 1679 1950 1920 2127 2063 1829 1743 1816 2153 2132 1736 1405 1671 1323 1318 1210 1183 1107 1074 972 1008 1002 974 947 849 799 805 773 718 671 653 622 616 621 579 543 525 499 484 456 448 436 -9999 -9999 -9999 -9999
-9999 -9999 -9999 -9999 -9999 -9999 -9999 -9999 -9999 -9999 -9999 -9999 -9999 -9999 -9999 -9999 -9999 -9999 -9999 -9999 2050 2064 2074 -9999 -9999 -9999 -9999 2149 2169 2182 2134 2114 2148 2125 1988 1940 1882 1801 1956 1952 1764 1762 1755 1707 1949 1923 1937 1468 1308 1413 1321 1213 1183 1183 1099 1031 1047 1041 977 920 816 783 758 744 711 676 658 617 589 569 542 531 524 501 478 461 447 -9999 -9999 -9999 -9999 -9999
-9999 -9999 -9999 -9999 -9999 -9999 -9999 -9999 -9999 -9999 -9999 -9999 -9999 -9999 -9999 -9999 -9999 -9999 -9999 -9999 2069 2073 2077 2097 2105 -9999 2147 2155 2181 2165 2090 2124 2074 2002 2019 2063 2069 1909 1808 1746 1878 1849 1843 1895 1918 1688 1915 1767 1395 1334 1184 1183 1168 1138 1120 1064 1068 1033 965 938 875 781 746 720 691 660 642 629 589 563 551 535 519 485 467 463 448 -9999 -9999 -9999 -9999 -9999
-9999 -9999 -9999 -9999 -9999 -9999 -9999 -9999 -9999 -9999 -9999 -9999 -9999 -9999 -9999 -9999 -9999 -9999 -9999 -9999 -9999 -9999 -9999 2108 2117 2139 2153 2170 2179 2172 2093 2033 2106 2094 2075 2026 2175 1927 1815 1712 1574 1547 1894 1777 1566 1665 1679 1832 1672 1444 1214 1149 1123 1093 1047 996 1043 1008 949 924 881 766 755 728 672 653 651 632 601 581 556 536 515 493 469 457 451 -9999 -9999 -9999 -9999 -9999
-9999 -9999 -9999 -9999 -9999 -9999 -9999 -9999 -9999 -9999 -9999 -9999 -9999 -9999 -9999 -9999 -9999 -9999 -9999 -9999 -9999 -9999 -9999 -9999 -9999 2137 2157 2168 2177 2192 2166 2097 2097 2100 2208 2202 2097 2011 1866 1904 1529 1556 1607 1563 1493 1480 1462 1800 1667 1600 1295 1139 1114 1047 1025 1008 1025 979 887 892 828 755 718 698 654 662 658 638 604 563 543 520 515 496 472 454 451 -9999 -9999 -9999 -9999 -9999
-9999 -9999 -9999 -9999 -9999 -9999 -9999 -9999 -9999 -9999 -9999 -9999 -9999 -9999 -9999 -9999 -9999 -9999 -9999 -9999 -9999 -9999 -9999 -9999 -9999 -9999 2156 2165 2175 2188 2169 2063 2181 2105 2199 2191 1902 1796 1709 1735 1670 1441 1704 1449 1463 1559 1398 1664 1687 1581 1349 1151 1123 1102 1002 1026 1031 979 889 845 838 789 745 687 663 662 657 625 590 565 537 521 497 493 473 458 451 -9999 -9999 -9999 -9999 -9999
-9999 -9999 -9999 -9999 -9999 -9999 -9999 -9999 -9999 -9999 -9999 -9999 -9999 -9999 -9999 -9999 -9999 -9999 -9999 -9999 -9999 -9999 -9999 -9999 -9999 -9999 -9999 -9999 2181 2183 2189 2183 2110 2104 2159 2122 1915 1663 1651 1761 1631 1620 1792 1819 1807 1756 1714 1701 1570 1508 1418 1166 1102 1061 1054 1094 1025 960 885 823 785 765 752 718 668 659 648 624 617 576 535 508 490 482 476 459 450 -9999 -9999 -9999 -9999 -9999
-9999 -9999 -9999 -9999 -9999 -9999 -9999 -9999 -9999 -9999 -9999 -9999 -9999 -9999 -9999 -9999 -9999 -9999 -9999 -9999 -9999 -9999 -9999 -9999 -9999 -9999 -9999 -9999 -9999 -9999 2179 2181 2183 2172 2166 1968 1906 1799 1650 1654 1677 1827 1600 1651 1455 1360 1445 1384 1450 1524 1424 1173 1106 1070 1029 1117 1020 1031 924 812 770 755 730 685 659 666 644 638 618 560 529 509 484 471 469 457 437 -9999 -9999 -9999 -9999 -9999
-9999 -9999 -9999 -9999 -9999 -9999 -9999 -9999 -9999 -9999 -9999 -9999 -9999 -9999 -9999 -9999 -9999 -9999 -9999 -9999 -9999 -9999 -9999 -9999 -9999 -9999 -9999 -9999 -9999 -9999 -9999 2190 2173 2124 2164 2038 1949 1797 1987 1586 1546 1620 1474 1557 1278 1324 1335 1357 1446 1324 1375 1321 1235 1225 1191 1098 1026 1011 945 899 790 766 739 690 665 668 661 643 599 554 532 509 491 469 457 454 440 -9999 -9999 -9999 -9999 -9999
-9999 -9999 -9999 -9999 -9999 -9999 -9999 -9999 -9999 -9999 -9999 -9999 -9999 -9999 -9999 -9999 -9999 -9999 -9999 -9999 -9999 -9999 -9999 -9999 -9999 -9999 -9999 -9999 -9999 -9999 -9999 2179 2160 2014 2132 1923 1932 1899 1877 1717 1587 1426 1422 1385 1291 1324 1329 1334 1320 1186 1229 1160 1158 1125 1213 1099 995 983 897 899 865 791 726 679 683 675 654 623 582 540 526 503 480 469 457 442 435 -9999 -9999 -9999 -9999 -9999
-9999 -9999 -9999 -9999 -9999 -9999 -9999 -9999 -9999 -9999 -9999 -9999 -9999 -9999 -9999 -9999 -9999 -9999 -9999 -9999 -9999 -9999 -9999 -9999 -9999 -9999 -9999 -9999 -9999 -9999 -9999 2140 2144 -9999 -9999 1961 1895 1907 1823 1785 1679 1641 1440 1483 1486 1381 1414 1393 1287 1254 1199 1139 1120 1154 1216 1040 987 993 892 858 842 778 731 686 671 659 652 619 584 547 519 501 479 455 441 435 -9999 -9999 -9999 -9999 -9999 -9999
-9999 -9999 -9999 -9999 -9999 -9999 -9999 -9999 -9999 -9999 -9999 -9999 -9999 -9999 -9999 -9999 -9999 -9999 -9999 -9999 -9999 -9999 -9999 -9999 -9999 -9999 -9999 2220 2225 2220 2164 2013 2026 2141 -9999 1991 1894 2025 1887 1811 1814 1662 1494 1486 1432 1510 1280 1273 1301 1266 1228 1172 1191 1241 1111 988 975 924 952 901 859 809 763 710 669 650 642 620 588 551 518 496 473 452 441 434 -9999 -9999 -9999 -9999 -9999 -9999
-9999 -9999 -9999 -9999 -9999 -9999 -9999 -9999 -9999 -9999 -9999 -9999 -9999 -9999 -9999 -9999 -9999 -9999 -9999 -9999 -9999 -9999 -9999 -9999 -9999 -9999 2229 2228 2232 2209 2061 1967 2014 2118 2133 1998 1938 1890 1803 1665 1624 1517 1402 1481 1485 1532 1476 1432 1349 1321 1184 1150 1256 1117 1026 989 947 920 893 859 820 780 737 704 668 645 623 614 593 554 525 515 486 467 449 425 -9999 -9999 -9999 -9999 -9999 -9999
-9999 -9999 -9999 -9999 -9999 -9999 -9999 -9999 -9999 -9999 -9999 -9999 -9999 -9999 -9999 -9999 -9999 -9999 -9999 -9999 -9999 -9999 -9999 -9999 -9999 -9999 2236 2219 2167 2203 2070 1929 1970 2078 2102 1855 1920 1800 1864 1669 1576 1704 1473 1395 1396 1417 1275 1310 1373 1273 1270 1253 1120 1070 1022 981 926 898 876 842 790 754 706 676 660 638 624 607 585 547 534 527 509 468 431 422 -9999 -9999 -9999 -9999 -9999 -9999
-9999 -9999 -9999 -9999 -9999 -9999 -9999 -9999 -9999 -9999 -9999 -9999 -9999 -9999 -9999 -9999 -9999 -9999 -9999 -9999 -9999 -9999 -9999 -9999 -9999 -9999 -9999 2220 2111 2044 2097 2002 1903 2023 2146 2034 2013 1919 1863 1758 1644 1634 1437 1395 1453 1318 1313 1276 1204 1144 1125 1059 1026 1034 1000 957 917 873 841 795 766 749 716 677 660 621 605 598 574 545 529 505 503 491 457 -9999 -9999 -9999 -9999 -9999 -9999 -9999
-9999 -9999 -9999 -9999 -9999 -9999 -9999 -9999 -9999 -9999 -9999 -9999 -9999 -9999 -9999 -9999 -9999 -9999 -9999 -9999 -9999 -9999 -9999 -9999 -9999 -9999 -9999 2234 2210 2111 2096 2004 1940 1919 2022 2122 1828 1733 1713 1799 1742 1642 1434 1329 1296 1240 1264 1148 1115 1146 1121 1012 999 999 975 939 907 870 828 808 788 742 713 689 652 661 627 587 566 552 524 507 506 467 462 -9999 -9999 -9999 -9999 -9999 -9999 -9999
-9999 -9999 -9999 -9999 -9999 -9999 -9999 -9999 -9999 -9999 -9999 -9999 -9999 -9999 -9999 -9999 -9999 -9999 -9999 -9999 -9999 -9999 -9999 -9999 -9999 -9999 -9999 -9999 -9999 2104 1916 1957 1881 1885 1989 2126 1763 1917 1830 1808 1827 1653 1555 1439 1312 1244 1326 1211 1166 1104 1122 1139 1078 1018 1003 972 945 897 834 830 784 760 719 677 686 688 629 568 564 533 513 512 496 444 419 -9999 -9999 -9999 -9999 -9999 -9999 -9999
-9999 -9999 -9999 -9999 -9999 -9999 -9999 -9999 -9999 -9999 -9999 -9999 -9999 -9999 -9999 -9999 -9999 -9999 -9999 -9999 -9999 -9999 -9999 -9999 -9999 -9999 -9999 -9999 -9999 2191 2042 2020 1874 1846 1915 2070 2022 2008 2007 1873 1701 1771 1720 1584 1377 1295 1308 1280 1227 1214 1203 1094 1065 1031 979 966 962 914 867 833 783 749 701 696 700 690 613 570 558 527 503 509 472 431 -9999 -9999 -9999 -9999 -9999 -9999 -9999 -9999
-9999 -9999 -9999 -9999 -9999 -9999 -9999 -9999 -9999 -9999 -9999 -9999 -9999 -9999 -9999 -9999 -9999 -9999 -9999 -9999 -9999 -9999 -9999 -9999 -9999 -9999 -9999 -9999 2162 2191 2210 2038 1952 1920 2082 1866 1810 1804 1711 1844 1664 1511 1725 1550 1436 1330 1319 1238 1210 1164 1080 1026 1027 950 921 943 974 940 892 848 774 733 721 705 698 661 588 568 542 507 492 470 435 420 -9999 -9999 -9999 -9999 -9999 -9999 -9999 -9999
-9999 -9999 -9999 -9999 -9999 -9999 -9999 -9999 -9999 -9999 -9999 -9999 -9999 -9999 -9999 -9999 -9999 -9999 -9999 -9999 -9999 -9999 -9999 -9999 -9999 -9999 -9999 -9999 -9999 2064 2058 2156 2155 2147 1978 1817 1706 1723 1810 1835 1694 1544 1526 1489 1441 1351 1363 1211 1191 1112 1076 1034 984 956 1045 1018 939 890 848 794 767 745 727 698 682 641 572 554 534 497 465 450 427 414 -9999 -9999 -9999 -9999 -9999 -9999 -9999 -9999
-9999 -9999 -9999 -9999 -9999 -9999 -9999 -9999 -9999 -9999 -9999 -9999 -9999 -9999 -9999 -9999 -9999 -9999 -9999 -9999 -9999 -9999 -9999 -9999 -9999 -9999 -9999 -9999 -9999 2066 2035 2058 2009 2094 2140 2044 1780 1746 1745 1672 1704 1614 1471 1367 1373 1387 1357 1400 1335 1151 1113 1103 1047 1057 1054 891 867 843 819 790 761 745 705 680 650 616 582 542 523 501 484 454 442 -9999 -9999 -9999 -9999 -9999 -9999 -9999 -9999 -9999
