L_lividipennis/M_variables/Set2/bio12_.asc
NCOLS 82 
NROWS 178 
XLLCORNER -73.9166666666667 
YLLCORNER -43.5416666666667 
CELLSIZE 0.0416666666666667 
NODATA_value -9999 
[rows 0 to 38 of 178, columns 0 to 81 of 82]
-9999.000000000000000 -9999 -9999 -9999 -9999 -9999 -9999 -9999 -9999 -9999 -9999 -9999 -9999 -9999 -9999 -9999 -9999 -9999 -9999 -9999 -9999 -9999 -9999 -9999 -9999 -9999 -9999 -9999 -9999 -9999 -9999 -9999 -9999 -9999 -9999 -9999 -9999 -9999 -9999 -9999 -9999 -9999 -9999 -9999 -9999 -9999 -9999 -9999 -9999 -9999 -9999 -9999 -9999 -9999 1178 1215 1244 1261 1230 1179 1196 1193 1153 1103 1055 -9999 -9999 -9999 -9999 -9999 -9999 -9999 -9999 -9999 -9999 -9999 -9999 -9999 -9999 -9999 -9999 -9999
-9999 -9999 -9999 -9999 -9999 -9999 -9999 -9999 -9999 -9999 -9999 -9999 -9999 -9999 -9999 -9999 -9999 -9999 -9999 -9999 -9999 -9999 -9999 -9999 -9999 -9999 -9999 -9999 -9999 -9999 -9999 -9999 -9999 -9999 -9999 -9999 -9999 -9999 -9999 -9999 -9999 -9999 -9999 -9999 -9999 -9999 -9999 -9999 -9999 -9999 -9999 1105 1137 1170 1207 1240 1266 1281 1233 1213 1172 1162 1100 1062 1046 993 978 -9999 -9999 -9999 -9999 -9999 -9999 -9999 -9999 -9999 -9999 -9999 -9999 -9999 -9999 -9999
-9999 -9999 -9999 -9999 -9999 -9999 -9999 -9999 -9999 -9999 -9999 -9999 -9999 -9999 -9999 -9999 -9999 -9999 -9999 -9999 -9999 -9999 -9999 -9999 -9999 -9999 -9999 -9999 -9999 -9999 -9999 -9999 -9999 -9999 -9999 -9999 -9999 -9999 -9999 -9999 -9999 -9999 -9999 -9999 -9999 -9999 -9999 -9999 -9999 1069 1089 1121 1155 1190 1234 1264 1291 1295 1283 1261 1205 1196 1100 1066 1061 1020 986 937 898 -9999 -9999 -9999 -9999 -9999 -9999 -9999 -9999 -9999 -9999 -9999 -9999 -9999
-9999 -9999 -9999 -9999 -9999 -9999 -9999 -9999 -9999 -9999 -9999 -9999 -9999 -9999 -9999 -9999 -9999 -9999 -9999 -9999 -9999 -9999 -9999 -9999 -9999 -9999 -9999 -9999 -9999 -9999 -9999 -9999 -9999 -9999 -9999 -9999 -9999 -9999 -9999 -9999 -9999 -9999 -9999 -9999 -9999 -9999 -9999 1041 1063 1085 1109 1138 1170 1206 1248 1283 1312 1330 1318 1205 1172 1166 1171 1065 1029 972 928 941 920 912 925 -9999 -9999 -9999 -9999 -9999 -9999 -9999 -9999 -9999 -9999 -9999
-9999 -9999 -9999 -9999 -9999 -9999 -9999 -9999 -9999 -9999 -9999 -9999 -9999 -9999 -9999 -9999 -9999 -9999 -9999 -9999 -9999 -9999 -9999 -9999 -9999 -9999 -9999 -9999 -9999 -9999 -9999 -9999 -9999 -9999 -9999 -9999 -9999 -9999 -9999 -9999 -9999 -9999 -9999 -9999 -9999 1012 1031 1051 1075 1101 1126 1158 1188 1230 1263 1304 1320 1333 1310 1154 1185 1159 1149 1080 1003 966 909 912 909 887 902 908 -9999 -9999 -9999 -9999 -9999 -9999 -9999 -9999 -9999 -9999
-9999 -9999 -9999 -9999 -9999 -9999 -9999 -9999 -9999 -9999 -9999 -9999 -9999 -9999 -9999 -9999 -9999 -9999 -9999 -9999 -9999 -9999 -9999 -9999 -9999 -9999 -9999 -9999 -9999 -9999 -9999 -9999 -9999 -9999 -9999 -9999 -9999 -9999 -9999 -9999 -9999 -9999 -9999 999 1016 1028 1042 1063 1089 1117 1146 1176 1209 1236 1282 1317 1328 1319 1265 1165 1134 1145 1101 1122 1045 1001 974 901 933 897 859 895 896 -9999 -9999 -9999 -9999 -9999 -9999 -9999 -9999 -9999
-9999 -9999 -9999 -9999 -9999 -9999 -9999 -9999 -9999 -9999 -9999 -9999 -9999 -9999 -9999 -9999 -9999 -9999 -9999 -9999 -9999 -9999 -9999 -9999 -9999 -9999 -9999 -9999 -9999 -9999 -9999 -9999 -9999 -9999 -9999 -9999 -9999 -9999 -9999 -9999 -9999 1000 1008 1022 1035 1047 1060 1080 1107 1136 1166 1199 1234 1267 1301 1330 1354 1352 1280 1218 1136 1111 1124 1070 1058 1022 987 934 899 870 861 875 852 827 -9999 -9999 -9999 -9999 -9999 -9999 -9999 -9999
-9999 -9999 -9999 -9999 -9999 -9999 -9999 -9999 -9999 -9999 -9999 -9999 -9999 -9999 -9999 -9999 -9999 -9999 -9999 -9999 -9999 -9999 -9999 -9999 -9999 -9999 -9999 -9999 -9999 -9999 -9999 -9999 -9999 -9999 -9999 -9999 -9999 -9999 1003 1007 1015 1019 1033 1042 1053 1068 1084 1103 1130 1159 1189 1219 1250 1288 1308 1325 1314 1287 1225 1283 1151 1106 1105 1066 1037 1015 999 977 899 893 874 873 810 817 774 -9999 -9999 -9999 -9999 -9999 -9999 -9999
-9999 -9999 -9999 -9999 -9999 -9999 -9999 -9999 -9999 -9999 -9999 -9999 -9999 -9999 -9999 -9999 -9999 -9999 -9999 -9999 -9999 -9999 -9999 -9999 -9999 -9999 -9999 -9999 -9999 -9999 -9999 -9999 -9999 -9999 -9999 -9999 1028 1019 1022 1028 1031 1041 1052 1059 1075 1087 1102 1121 1148 1175 1203 1231 1265 1292 1309 1321 1267 1191 1176 1243 1175 1122 1123 1056 1009 1054 1016 983 938 902 856 832 819 805 831 -9999 -9999 -9999 -9999 -9999 -9999 -9999
-9999 -9999 -9999 -9999 -9999 -9999 -9999 -9999 -9999 -9999 -9999 -9999 -9999 -9999 -9999 -9999 -9999 -9999 -9999 -9999 -9999 -9999 -9999 -9999 -9999 -9999 -9999 -9999 -9999 -9999 -9999 -9999 -9999 -9999 1058 1053 1045 1034 1041 1046 1058 1063 1070 1081 1088 1098 1123 1142 1165 1186 1215 1244 1280 1298 1315 1328 1334 1230 1156 1207 1197 1167 1136 1079 1038 1079 1022 1034 962 947 859 829 817 822 841 786 -9999 -9999 -9999 -9999 -9999 -9999
-9999 -9999 -9999 -9999 -9999 -9999 -9999 -9999 -9999 -9999 -9999 -9999 -9999 -9999 -9999 -9999 -9999 -9999 -9999 -9999 -9999 -9999 -9999 -9999 -9999 -9999 -9999 -9999 -9999 -9999 -9999 -9999 1113 1089 1067 1075 1064 1050 1061 1072 1076 1079 1092 1100 1109 1122 1142 1161 1179 1202 1229 1253 1293 1309 1319 1321 1353 1279 1183 1178 1148 1148 1142 1112 1115 1092 1051 1039 985 965 901 854 826 788 830 793 729 -9999 -9999 -9999 -9999 -9999
-9999 -9999 -9999 -9999 -9999 -9999 -9999 -9999 -9999 -9999 -9999 -9999 -9999 -9999 -9999 -9999 -9999 -9999 -9999 -9999 -9999 -9999 -9999 -9999 -9999 -9999 -9999 -9999 -9999 -9999 1131 1138 1134 1114 1087 1070 1071 1070 1076 1084 1089 1099 1108 1126 1131 1145 1165 1183 1201 1220 1246 1265 1296 1314 1313 1314 1321 1333 1328 1235 1166 1137 1143 1152 1078 1034 1045 1025 1000 977 950 880 871 845 832 776 723 -9999 -9999 -9999 -9999 -9999
-9999 -9999 -9999 -9999 -9999 -9999 -9999 -9999 -9999 -9999 -9999 -9999 -9999 -9999 -9999 -9999 -9999 -9999 -9999 -9999 -9999 -9999 -9999 -9999 -9999 -9999 -9999 -9999 1130 1126 1126 1133 1137 1129 1107 1089 1084 1086 1094 1102 1105 1112 1122 1137 1148 1161 1179 1200 1221 1243 1263 1286 1315 1324 1328 1319 1313 1245 1252 1247 1258 1213 1161 1175 1034 1021 1002 1020 1007 969 950 867 824 829 837 783 715 -9999 -9999 -9999 -9999 -9999
-9999 -9999 -9999 -9999 -9999 -9999 -9999 -9999 -9999 -9999 -9999 -9999 -9999 -9999 -9999 -9999 -9999 -9999 -9999 -9999 -9999 -9999 -9999 -9999 -9999 -9999 1134 1133 1131 1130 1125 1126 1120 1139 1124 1102 1100 1104 1105 1115 1124 1131 1140 1154 1166 1181 1199 1222 1244 1264 1282 1307 1326 1327 1326 1299 1258 1258 1237 1236 1189 1241 1228 1193 1077 1088 991 975 986 968 940 879 802 792 826 812 747 734 -9999 -9999 -9999 -9999
-9999 -9999 -9999 -9999 -9999 -9999 -9999 -9999 -9999 -9999 -9999 -9999 -9999 -9999 -9999 -9999 -9999 -9999 -9999 -9999 -9999 -9999 -9999 -9999 1129 1134 1136 1140 1135 1130 1128 1121 1127 1133 1118 1118 1114 1116 1120 1128 1137 1147 1164 1180 1194 1215 1229 1247 1265 1283 1304 1320 1338 1336 1327 1302 1280 1259 1258 1231 1230 1188 1182 1235 1128 1119 1036 991 971 953 910 840 841 826 817 803 773 744 -9999 -9999 -9999 -9999
-9999 -9999 -9999 -9999 -9999 -9999 -9999 -9999 -9999 -9999 -9999 -9999 -9999 -9999 -9999 -9999 -9999 -9999 -9999 -9999 -9999 -9999 1114 1124 1136 1135 1137 1138 1135 1131 1131 1129 1122 1132 1131 1133 1131 1132 1136 1145 1156 1169 1183 1199 1216 1239 1260 1275 1289 1299 1324 1338 1341 1336 1309 1274 1280 1262 1266 1239 1194 1194 1191 1216 1158 1115 1019 968 948 922 886 873 834 839 816 794 764 748 -9999 -9999 -9999 -9999
-9999 -9999 -9999 -9999 -9999 -9999 -9999 -9999 -9999 -9999 -9999 -9999 -9999 -9999 -9999 -9999 -9999 -9999 -9999 -9999 1106 1117 1125 1137 1143 1138 1139 1138 1141 1138 1133 1142 1142 1137 1136 1142 1141 1141 1150 1158 1171 1189 1205 1223 1244 1263 1280 1299 1315 1325 1340 1347 1349 1348 1335 1315 1278 1281 1268 1196 1120 1180 1167 1213 1139 1111 1034 998 972 946 867 850 859 842 817 783 759 745 -9999 -9999 -9999 -9999
-9999 -9999 -9999 -9999 -9999 -9999 -9999 -9999 -9999 -9999 -9999 -9999 -9999 -9999 -9999 -9999 -9999 -9999 1086 1106 1124 1137 1147 1163 1156 1152 1148 1141 1141 1143 1150 1141 1131 1142 1148 1154 1153 1157 1164 1173 1189 1204 1221 1243 1260 1281 1297 1314 1329 1343 1351 1360 1363 1362 1349 1324 1304 1284 1268 1197 1076 1089 1169 1160 1184 1082 1038 983 989 962 928 874 867 834 818 788 760 740 -9999 -9999 -9999 -9999
-9999 -9999 -9999 -9999 -9999 -9999 -9999 -9999 -9999 -9999 -9999 -9999 -9999 -9999 -9999 -9999 -9999 -9999 1106 1129 1153 1156 1166 1177 1172 1165 1159 1153 1148 1148 1170 1138 1136 1144 1156 1164 1166 1167 1177 1189 1201 1217 1241 1262 1283 1304 1319 1336 1348 1361 1366 1375 1377 1350 1355 1358 1322 1294 1259 1176 1077 1070 1097 1081 1129 1160 1060 991 949 936 934 902 874 842 817 793 765 749 717 -9999 -9999 -9999
-9999 -9999 -9999 -9999 -9999 -9999 -9999 -9999 -9999 -9999 -9999 -9999 -9999 -9999 -9999 -9999 -9999 -9999 1127 1160 1180 1177 1185 1188 1176 1175 1169 1168 1168 1163 1164 1138 1134 1142 1155 1166 1172 1176 1185 1201 1216 1238 1256 1281 1308 1335 1349 1364 1374 1377 1383 1388 1382 1362 1329 1327 1358 1280 1241 1236 1194 1119 1097 1097 1093 1108 1101 981 924 919 927 902 880 854 834 807 775 739 738 -9999 -9999 -9999
-9999 -9999 -9999 -9999 -9999 -9999 -9999 -9999 -9999 -9999 -9999 -9999 -9999 -9999 -9999 -9999 -9999 1143 1149 1162 1195 1212 1218 1219 1197 1186 1175 1171 1162 1156 1143 1139 1138 1139 1153 1166 1178 1185 1196 1210 1233 1255 1272 1300 1332 1358 1379 1386 1391 1391 1392 1396 1390 1367 1352 1320 1332 1324 1294 1229 1170 1168 1153 1085 1013 1045 1062 1014 941 902 930 918 890 849 818 794 759 738 737 -9999 -9999 -9999
-9999 -9999 -9999 -9999 -9999 -9999 -9999 -9999 -9999 -9999 903 -9999 -9999 -9999 -9999 -9999 -9999 1161 1177 1191 1220 1248 1254 1231 1208 1198 1182 1177 1166 1161 1155 1143 1133 1136 1150 1163 1180 1192 1207 1223 1239 1262 1284 1311 1353 1380 1400 1406 1401 1396 1395 1399 1397 1389 1370 1340 1306 1317 1299 1232 1212 1205 1190 1116 1062 1026 1018 1017 984 986 965 927 901 867 827 789 766 736 726 -9999 -9999 -9999
-9999 -9999 -9999 -9999 -9999 -9999 -9999 -9999 -9999 877 -9999 -9999 -9999 -9999 -9999 -9999 -9999 -9999 1219 1223 1247 1265 1284 1257 1232 1211 1197 1182 1174 1162 1155 1134 1134 1136 1148 1164 1182 1194 1214 1234 1256 1275 1302 1329 1371 1410 1423 1418 1409 1403 1405 1408 1411 1408 1373 1354 1322 1289 1308 1290 1274 1258 1228 1114 1122 1077 1018 1019 970 926 921 869 872 866 837 792 758 721 703 -9999 -9999 -9999
-9999 -9999 -9999 -9999 -9999 -9999 -9999 -9999 -9999 -9999 -9999 -9999 -9999 -9999 -9999 -9999 -9999 1229 1249 1248 1256 1277 1317 1289 1246 1218 1202 1180 1167 1158 1145 1125 1122 1124 1141 1165 1179 1198 1222 1243 1264 1290 1315 1343 1386 1431 1442 1428 1417 1408 1408 1412 1416 1433 1418 1370 1348 1287 1266 1332 1267 1184 1214 1199 1186 1110 1061 1002 974 925 887 864 834 841 823 779 742 717 686 -9999 -9999 -9999
-9999 -9999 -9999 -9999 -9999 -9999 -9999 951 942 -9999 -9999 -9999 -9999 -9999 -9999 -9999 -9999 1291 1274 1263 1269 1277 1323 1310 1261 1231 1223 1188 1172 1171 1167 1127 1120 1131 1142 1158 1183 1201 1222 1243 1263 1294 1322 1354 1391 1429 1445 1430 1417 1408 1414 1437 1447 1440 1443 1420 1386 1267 1287 1309 1277 1144 1186 1177 1169 1114 1057 1013 997 898 907 852 831 842 815 769 734 706 688 -9999 -9999 -9999
-9999 -9999 -9999 -9999 -9999 -9999 1004 1020 1019 -9999 -9999 -9999 -9999 -9999 -9999 -9999 1354 1335 1300 1275 1282 1303 1338 1328 1297 1253 1220 1199 1178 1179 1153 1124 1137 1142 1152 1170 1185 1201 1221 1239 1261 1285 1315 1348 1378 1404 1422 1420 1413 1407 1425 1467 1462 1467 1436 1415 1372 1311 1342 1395 1235 1158 1216 1194 1159 1150 1086 1056 1020 974 959 916 852 863 820 778 743 705 687 -9999 -9999 -9999
-9999 -9999 -9999 -9999 -9999 -9999 1058 1092 1087 1119 1164 1216 1305 1356 1402 1401 1392 1365 1309 1316 1307 1314 1324 1309 1274 1259 1242 1218 1200 1183 1155 1139 1139 1146 1158 1174 1189 1206 1221 1238 1259 1286 1316 1343 1366 1387 1401 1405 1404 1407 1427 1468 1486 1494 1457 1420 1403 1330 1362 1443 1240 1190 1228 1204 1184 1132 1124 1089 1052 988 914 922 928 882 830 790 742 703 709 -9999 -9999 -9999
-9999 -9999 -9999 -9999 -9999 -9999 1103 1148 1166 1194 1236 1288 1337 1383 1422 1444 1431 1397 1361 1322 1333 1315 1318 1310 1288 1269 1247 1236 1210 1199 1183 1169 1166 1172 1171 1182 1196 1203 1220 1238 1258 1282 1308 1330 1350 1365 1375 1386 1393 1409 1416 1455 1473 1508 1468 1409 1477 1341 1467 1417 1231 1247 1273 1210 1172 1123 1112 1050 1028 980 955 929 919 879 825 789 741 696 674 -9999 -9999 -9999
-9999 -9999 -9999 -9999 -9999 1148 1166 1204 1227 1260 1309 1355 1395 1440 1469 1479 1441 1384 1342 1313 1314 1317 1328 1326 1306 1284 1262 1245 1225 1212 1204 1186 1181 1184 1186 1190 1201 1209 1224 1234 1255 1276 1298 1316 1329 1342 1351 1363 1399 1405 1404 1419 1439 1458 1489 1513 1539 1518 1414 1347 1252 1247 1260 1228 1177 1131 1093 1017 1017 954 973 961 937 895 834 788 739 692 678 -9999 -9999 -9999
-9999 -9999 -9999 -9999 -9999 1177 1200 1237 1272 1309 1360 1412 1445 1471 1501 1494 1423 1355 1320 1317 1318 1318 1324 1335 1314 1286 1263 1251 1239 1223 1214 1202 1193 1194 1195 1197 1203 1208 1213 1229 1253 1271 1288 1308 1317 1322 1327 1345 1367 1397 1445 1474 1535 1584 1543 1566 1608 1601 1543 1418 1295 1332 1309 1248 1198 1126 1117 1095 1069 1034 1013 986 938 890 840 788 737 688 638 -9999 -9999 -9999
-9999 -9999 -9999 -9999 -9999 1230 1261 1295 1332 1377 1400 1442 1478 1508 1521 1482 1450 1413 1379 1381 1364 1346 1349 1341 1320 1299 1275 1255 1259 1241 1228 1212 1202 1203 1199 1202 1205 1202 1207 1224 1248 1270 1286 1303 1311 1306 1313 1328 1359 1431 1494 1548 1597 1609 1603 1531 1526 1417 1531 1519 1400 1186 1279 1284 1228 1149 1115 1075 1061 1008 975 961 939 913 845 795 751 694 650 -9999 -9999 -9999
-9999 -9999 -9999 -9999 -9999 -9999 -9999 1346 1388 1429 1436 1479 1522 1538 1518 1449 1392 1465 1390 1368 1359 1347 1352 1344 1328 1302 1275 1258 1268 1247 1237 1226 1219 1216 1207 1209 1206 1195 1201 1225 1248 1271 1291 1302 1308 1300 1297 1307 1356 1432 1504 1593 1646 1578 1612 1662 1518 1452 1357 1292 1256 1233 1269 1327 1182 1175 1146 1112 1021 979 940 940 934 905 863 806 767 734 666 634 -9999 -9999
-9999 -9999 -9999 -9999 -9999 -9999 -9999 1398 1421 1454 1482 1526 1542 1549 1524 1441 1382 1442 1422 1368 1357 1354 1347 1336 1324 1302 1275 1271 1263 1255 1242 1234 1226 1217 1214 1211 1209 1214 1211 1231 1254 1273 1293 1307 1308 1303 1290 1303 1382 1452 1503 1637 1686 1686 1587 1592 1632 1484 1386 1133 1131 1268 1349 1312 1176 1159 1171 1069 1029 1016 960 919 949 931 883 806 789 762 712 639 -9999 -9999
-9999 -9999 -9999 -9999 -9999 -9999 -9999 1443 1458 1481 1528 1558 1537 1526 1493 1434 1413 1384 1409 1358 1359 1356 1356 1346 1332 1300 1265 1255 1286 1260 1246 1230 1222 1221 1221 1215 1216 1215 1224 1237 1260 1285 1306 1322 1323 1312 1296 1294 1386 1403 1544 1668 1696 1750 1713 1744 1641 1527 1539 1449 1203 1264 1216 1276 1269 1220 1146 1119 1067 1033 1003 989 1002 957 877 870 859 803 731 647 -9999 -9999
-9999 -9999 -9999 -9999 -9999 -9999 1438 1450 1495 1523 1554 1599 1585 1554 1478 1412 1378 1374 1390 1373 1366 1365 1347 1337 1314 1293 1288 1286 1266 1260 1237 1228 1219 1218 1219 1220 1222 1230 1241 1256 1277 1296 1323 1345 1358 1358 1337 1369 1417 1509 1640 1760 1784 1816 1748 1694 1698 1698 1684 1473 1350 1194 1198 1194 1247 1213 1147 1126 1112 1067 1053 1012 1004 957 873 874 867 820 734 698 -9999 -9999
-9999 -9999 -9999 -9999 -9999 1432 1459 1483 1541 1571 1578 1599 1603 1545 1489 1429 1421 1384 1378 1372 1376 1365 1360 1341 1308 1283 1269 1305 1266 1239 1221 1217 1217 1223 1232 1230 1241 1256 1255 1270 1288 1310 1338 1362 1377 1368 1373 1419 1483 1581 1705 1778 1793 1818 1847 1770 1599 1547 1656 1506 1390 1289 1325 1187 1212 1154 1144 1151 1093 1019 997 976 975 952 917 887 853 820 775 721 -9999 -9999
-9999 -9999 -9999 -9999 -9999 1443 1461 1494 1528 1560 1575 1603 1608 1535 1488 1436 1403 1389 1389 1390 1393 1373 1360 1332 1307 1302 1289 1307 1274 1257 1207 1209 1210 1219 1233 1240 1243 1252 1268 1293 1310 1327 1352 1383 1406 1414 1444 1444 1475 1526 1658 1702 1820 1906 1883 1824 1763 1540 1559 1557 1420 1390 1462 1340 1222 1156 1171 1091 1125 1101 1071 1022 981 966 943 919 877 836 754 654 -9999 -9999
-9999 -9999 -9999 -9999 -9999 -9999 1478 1508 1527 1555 1595 1617 1623 1597 1508 1473 1412 1392 1404 1416 1389 1368 1354 1348 1378 1363 1322 1344 1311 1322 1212 1196 1204 1220 1231 1248 1252 1272 1293 1302 1326 1350 1378 1405 1431 1456 1469 1479 1511 1555 1637 1715 1854 1997 1733 1784 1640 1650 1896 1881 1619 1531 1610 1469 1321 1219 1256 1216 1203 1147 1084 1008 968 971 957 920 842 744 673 627 -9999 -9999
-9999 -9999 -9999 -9999 -9999 -9999 1480 1510 1533 1559 1587 1612 1625 1557 1496 1479 1406 1390 1377 1394 1389 1412 1423 1415 1411 1380 1369 1401 1299 1268 1199 1185 1202 1231 1241 1262 1278 1292 1310 1321 1333 1364 1395 1428 1452 1493 1530 1553 1576 1617 1661 1759 1892 1956 1858 1713 1798 2008 1907 1828 1800 1738 1504 1577 1522 1282 1204 1190 1136 1083 1036 974 929 953 928 847 773 716 668 636 -9999 -9999
