L_lividipennis/M_variables/Set2/bio12_.asc
NCOLS 82 
NROWS 178 
XLLCORNER -73.9166666666667 
YLLCORNER -43.5416666666667 
CELLSIZE 0.0416666666666667 
NODATA_value -9999 
[rows 39 to 77 of 178, columns 0 to 81 of 82]
-9999 -9999 -9999 -9999 -9999 -9999 -9999 1510 1534 1561 1580 1599 1611 1573 1501 1429 1406 1402 1380 1399 1439 1460 1422 1386 1385 1392 1385 1361 1208 1137 1164 1176 1199 1223 1268 1275 1299 1318 1336 1352 1360 1376 1411 1452 1493 1530 1591 1637 1674 1737 1812 1837 1950 2012 1835 1688 1905 2044 1857 1586 1550 1664 1465 1496 1476 1313 1185 1175 1136 1062 1020 1004 987 941 868 806 752 707 685 703 -9999 -9999
-9999 -9999 -9999 -9999 -9999 -9999 -9999 1510 1526 1553 1581 1597 1607 1613 1572 1558 1498 1408 1382 1398 1433 1464 1444 1420 1381 1358 1360 1283 1141 1117 1130 1175 1203 1222 1282 1278 1315 1335 1362 1383 1402 1411 1448 1490 1537 1586 1653 1729 1797 1879 1993 2073 2127 2036 2036 1826 2155 1832 1799 1625 1479 1605 1556 1511 1316 1285 1184 1134 1160 1154 1121 1060 1006 940 871 822 762 710 665 650 -9999 -9999
-9999 -9999 -9999 -9999 -9999 -9999 -9999 -9999 1529 1549 1573 1592 1601 1568 1513 1485 1431 1402 1391 1397 1433 1387 1402 1419 1408 1386 1355 1258 1147 1092 1116 1201 1221 1269 1313 1309 1309 1345 1380 1412 1440 1443 1469 1529 1587 1656 1714 1773 1928 2039 2083 2162 2147 2147 2130 2216 1924 1690 1806 1596 1423 1458 1523 1364 1236 1056 1052 1094 1149 1159 1128 1016 1004 962 880 821 763 708 656 616 -9999 -9999
-9999 -9999 -9999 -9999 -9999 -9999 -9999 -9999 -9999 1541 1560 1587 1611 1615 1603 1496 1437 1398 1404 1391 1353 1308 1330 1362 1243 1197 1132 1085 1099 1075 1108 1149 1203 1270 1304 1337 1352 1368 1392 1424 1447 1486 1526 1554 1612 1708 1791 1866 2008 2056 2073 2060 2169 2193 2290 2349 2134 1996 1630 1369 1391 1545 1387 1390 1219 1179 1112 1059 1120 1147 1115 1021 1006 964 876 819 765 708 654 613 -9999 -9999
-9999 -9999 -9999 -9999 -9999 -9999 -9999 -9999 -9999 1538 1549 1579 1585 1530 1616 1623 1547 1402 1380 1369 1332 1329 1323 1289 1170 1193 1116 1112 1097 1129 1191 1200 1203 1293 1307 1339 1371 1400 1420 1452 1481 1505 1541 1598 1645 1770 1884 2016 2130 2204 2203 2130 2095 2037 2150 2274 2273 1681 1386 1293 1412 1668 1517 1531 1428 1301 1144 1082 1110 1129 1104 1074 1019 956 876 824 770 717 654 605 -9999 -9999
-9999 -9999 -9999 -9999 -9999 -9999 -9999 -9999 -9999 -9999 1540 1563 1577 1543 1512 1616 1513 1418 1387 1360 1324 1269 1218 1112 1045 991 957 1104 1230 1226 1239 1253 1253 1300 1374 1339 1380 1424 1455 1483 1504 1531 1578 1616 1727 1863 1930 2106 2154 2072 2265 2193 2006 2069 1962 2143 2360 2067 1960 1797 1430 1569 1749 1666 1337 1248 1214 1133 1104 1137 1089 1046 1020 964 886 822 766 716 656 606 576 -9999
-9999 -9999 -9999 -9999 -9999 -9999 -9999 -9999 -9999 -9999 1527 1540 1568 1598 1517 1472 1569 1418 1398 1380 1347 1271 1186 1105 1036 1000 962 989 1040 1110 1231 1247 1260 1281 1333 1372 1391 1439 1485 1517 1538 1571 1616 1691 1755 1856 2036 1958 2217 2105 2338 2421 2453 2171 1899 2175 2040 2069 2275 1746 1758 1552 1828 1686 1446 1471 1399 1261 1121 1071 1078 1076 1035 974 887 820 756 713 652 603 571 -9999
-9999 -9999 -9999 -9999 -9999 -9999 -9999 -9999 -9999 -9999 -9999 1509 1534 1453 1487 1404 1402 1392 1374 1359 1329 1262 1185 1110 1044 995 1000 1009 1043 1097 1190 1314 1310 1371 1381 1371 1423 1466 1507 1530 1560 1600 1649 1733 1859 2002 2161 2143 2115 2421 2523 2315 2439 2156 1930 2022 1866 1801 2038 2206 1957 1948 1844 1657 1522 1330 1219 1195 1156 1049 1093 1061 1037 928 870 811 756 704 643 595 562 -9999
-9999 -9999 -9999 -9999 -9999 -9999 -9999 -9999 -9999 -9999 -9999 1478 1498 1488 1489 1456 1367 1355 1320 1329 1322 1244 1173 1109 1053 1027 1064 1052 1064 1117 1152 1213 1253 1350 1415 1427 1452 1506 1534 1555 1568 1604 1660 1754 1888 2061 2191 2299 2414 2420 2377 2202 2010 2254 2015 1851 1757 1853 2005 2160 2141 1980 1688 1339 1270 1207 1163 1161 1081 1087 1050 1067 1019 937 868 813 756 694 639 586 556 -9999
-9999 -9999 -9999 -9999 -9999 -9999 -9999 -9999 -9999 -9999 -9999 1446 1464 1470 1458 1395 1388 1346 1314 1336 1302 1230 1166 1099 1058 1077 1082 1084 1098 1127 1162 1212 1276 1379 1453 1482 1502 1524 1539 1561 1581 1618 1700 1785 1877 2049 2216 2288 2364 2381 2335 2243 2173 2038 2022 2153 2116 1965 1941 2301 2070 1875 1829 1588 1506 1299 1186 1277 1088 1041 1088 1082 1005 986 876 808 744 685 634 579 542 -9999
-9999 -9999 -9999 -9999 -9999 -9999 -9999 -9999 -9999 -9999 -9999 1411 1429 1433 1413 1366 1335 1305 1343 1349 1324 1243 1142 1107 1062 1083 1118 1114 1144 1165 1204 1230 1285 1388 1379 1425 1468 1517 1539 1546 1560 1599 1675 1787 1935 2054 2181 2274 2205 2130 2120 2070 2017 2122 2423 2136 2226 2122 2042 2126 1735 1639 1865 1614 1340 1339 1387 1250 1170 1075 1048 1094 1042 973 888 820 739 680 615 570 549 -9999
-9999 -9999 -9999 -9999 -9999 -9999 -9999 -9999 -9999 -9999 1361 1379 1384 1379 1352 1340 1307 1301 1296 1253 1316 1278 1154 1111 1071 1121 1101 1126 1133 1185 1212 1246 1302 1346 1369 1429 1481 1526 1529 1521 1525 1556 1633 1748 1892 2061 2194 2239 2264 2226 2176 2123 1994 1948 2310 1901 1852 1717 2048 1929 1560 1485 1842 1574 1561 1433 1237 1254 1130 1024 1048 1038 1004 961 931 825 727 671 605 564 545 -9999
-9999 -9999 -9999 -9999 -9999 -9999 -9999 -9999 -9999 1334 1339 1345 1352 1356 1341 1329 1282 1243 1219 1291 1287 1253 1161 1060 1054 1108 1158 1162 1142 1168 1223 1251 1283 1318 1366 1411 1455 1491 1501 1495 1490 1505 1567 1683 1830 2002 2171 2242 2221 2102 2045 2202 1932 1763 1831 1892 2009 2045 2108 1785 1522 1742 1884 1748 1557 1251 1285 1218 1070 1075 1028 947 990 967 918 801 720 657 599 545 505 -9999
-9999 -9999 -9999 -9999 -9999 -9999 -9999 -9999 -9999 1312 1306 1311 1309 1308 1335 1299 1242 1243 1200 1187 1145 1176 1136 1096 997 1008 1043 1052 1127 1149 1173 1227 1278 1314 1353 1395 1429 1460 1469 1462 1452 1461 1528 1650 1812 1966 2103 2216 2252 2199 2254 2075 1942 1689 1435 1714 1730 1850 1672 1689 1437 1745 1828 1603 1332 1308 1387 1111 1160 1056 1018 994 991 970 915 798 716 662 605 540 482 -9999
-9999 -9999 -9999 -9999 -9999 -9999 -9999 -9999 -9999 1278 1278 1279 1280 1298 1282 1248 1232 1321 1283 1223 1110 1191 1079 1011 990 985 1011 1052 1089 1151 1195 1226 1263 1301 1336 1379 1419 1444 1451 1445 1429 1411 1470 1599 1731 1862 1983 2097 2198 2252 2173 1908 2069 1926 1751 1638 1708 1665 1643 1574 1486 1700 1759 1721 1523 1441 1396 1222 1122 1065 1039 1005 955 963 866 769 705 659 602 535 477 -9999
-9999 -9999 -9999 -9999 -9999 -9999 -9999 -9999 -9999 1281 1307 1312 1250 1257 1325 1277 1184 1189 1145 1177 1148 1055 1016 978 979 965 970 992 1055 1114 1168 1206 1246 1292 1335 1367 1402 1430 1442 1443 1438 1426 1467 1576 1694 1771 1879 1970 2079 2213 2254 2170 2098 2080 1752 1553 1580 1673 1590 1706 1527 1551 1625 1724 1623 1533 1261 1184 1116 1119 1026 986 959 963 875 753 687 627 571 516 471 -9999
-9999 -9999 -9999 -9999 -9999 -9999 -9999 -9999 -9999 1250 1326 1269 1281 1321 1279 1347 1237 1386 1308 1266 1319 1153 973 1022 939 945 978 1013 1047 1096 1155 1186 1244 1284 1331 1375 1406 1433 1451 1464 1469 1475 1505 1565 1650 1734 1796 1881 1976 2090 2190 2248 2208 1961 1983 1888 1676 1770 1580 1604 1854 1847 1784 1703 1615 1497 1326 1247 1163 1068 1031 991 947 912 846 745 673 609 550 499 456 -9999
-9999 -9999 -9999 -9999 -9999 -9999 -9999 -9999 -9999 1239 1301 1302 1391 1408 1314 1394 1384 1416 1439 1342 1096 1068 1053 949 935 936 984 1001 1031 1102 1271 1213 1247 1293 1336 1379 1410 1441 1466 1488 1503 1520 1553 1610 1700 1805 1902 1954 2015 2048 2117 2188 2214 2171 2114 2063 2016 1890 1601 1631 1916 1746 1542 1598 1576 1483 1222 1185 1106 1096 1030 971 938 912 891 796 686 613 565 495 435 -9999
-9999 -9999 -9999 -9999 -9999 -9999 -9999 -9999 -9999 1213 1243 1355 1399 1436 1442 1451 1403 1416 1405 1373 1261 1268 1193 1023 942 950 974 1005 1060 1118 1258 1312 1257 1301 1353 1394 1426 1461 1494 1521 1542 1570 1604 1654 1733 1834 1958 2082 2091 2077 2095 2097 2033 2079 1936 1870 1870 1849 1684 1792 1872 1425 1419 1538 1537 1453 1280 1188 1124 1086 1014 949 901 868 898 832 699 601 541 485 433 388
-9999 -9999 -9999 -9999 -9999 -9999 -9999 -9999 -9999 1198 1221 1317 1298 1276 1273 1301 1359 1309 1325 1324 1302 1269 1045 940 948 960 983 1016 1062 1139 1362 1413 1302 1338 1383 1407 1456 1482 1516 1553 1584 1616 1660 1705 1768 1882 2005 2076 2057 2059 2093 2112 2089 2003 1964 1676 1657 1806 1850 1896 1615 1394 1393 1472 1474 1417 1329 1168 1138 1060 1007 959 941 905 857 749 659 584 559 481 428 383
-9999 -9999 -9999 -9999 -9999 -9999 -9999 -9999 -9999 -9999 1197 1204 1264 1141 1176 1101 1234 1136 1209 1119 1154 1170 1043 958 956 979 996 1034 1076 1101 1231 1390 1341 1308 1384 1422 1476 1527 1567 1608 1640 1672 1706 1748 1816 1886 1978 2034 2046 2057 2072 2092 1944 1797 1782 1619 1590 1686 1704 1700 1533 1442 1336 1382 1401 1341 1307 1193 1133 1088 1030 987 944 909 874 791 669 600 537 483 432 392
-9999 -9999 -9999 -9999 -9999 -9999 -9999 -9999 -9999 -9999 1177 1157 1156 1099 1069 1095 1123 1037 1098 1012 1029 970 978 975 997 1002 1030 1088 1119 1120 1187 1371 1399 1333 1394 1451 1515 1565 1617 1659 1694 1728 1760 1798 1835 1886 1986 2042 2016 2016 1999 1954 1913 1806 1885 1777 1671 1703 1702 1552 1585 1470 1325 1344 1332 1319 1257 1199 1122 1081 1029 983 946 900 843 807 736 629 564 508 441 402
-9999 -9999 -9999 -9999 -9999 -9999 -9999 -9999 -9999 -9999 1179 1161 1134 1110 1074 1030 1048 984 932 920 937 938 958 984 1012 1030 1056 1076 1120 1160 1183 1249 1329 1356 1425 1497 1558 1606 1659 1704 1746 1784 1820 1857 1890 1931 1963 2010 2009 1951 1875 1618 1418 1665 1901 1807 1684 1612 1644 1535 1573 1591 1496 1422 1361 1275 1187 1163 1078 1068 1025 978 937 891 851 822 789 719 652 555 462 417
-9999 -9999 -9999 -9999 -9999 -9999 -9999 -9999 -9999 -9999 -9999 1178 1158 1125 1103 1097 1099 1057 979 948 954 974 997 1014 1037 1065 1094 1120 1152 1180 1200 1263 1330 1394 1467 1540 1599 1649 1704 1764 1810 1845 1881 1912 1957 1999 2010 2029 2022 1939 1794 1607 1488 1752 1933 1714 1618 1587 1508 1499 1496 1421 1353 1338 1336 1276 1206 1126 1035 1040 1005 963 926 885 849 821 794 745 648 553 493 444
-9999 -9999 -9999 -9999 -9999 -9999 -9999 -9999 -9999 -9999 -9999 1198 1179 1164 1135 1108 1075 1143 1058 1057 1020 1031 1048 1070 1090 1113 1139 1165 1188 1212 1242 1293 1409 1490 1534 1595 1657 1717 1776 1838 1880 1909 1929 1957 1992 2006 1999 1999 2021 1968 1816 1804 1803 1740 1867 1754 1640 1545 1465 1421 1354 1314 1294 1286 1284 1174 1127 1069 1011 970 982 939 894 863 842 819 785 777 717 652 573 467
-9999 -9999 -9999 -9999 -9999 -9999 -9999 -9999 -9999 -9999 -9999 -9999 1221 1193 1158 1123 1109 1170 1125 1124 1084 1100 1114 1128 1150 1169 1189 1210 1233 1264 1302 1350 1418 1528 1608 1644 1699 1766 1848 1889 1931 1972 1987 2008 2013 2010 1993 1976 1972 1985 1933 1880 1897 1886 1856 1672 1562 1489 1468 1454 1380 1382 1369 1277 1172 1088 1059 1020 984 933 943 913 887 876 837 780 781 780 740 698 586 464
-9999 -9999 -9999 -9999 -9999 -9999 -9999 -9999 -9999 -9999 -9999 -9999 1252 1238 1205 1178 1165 1159 1170 1185 1168 1160 1179 1191 1209 1227 1250 1271 1298 1328 1370 1418 1480 1550 1625 1697 1770 1839 1889 1952 1997 2025 2046 2042 2042 2031 1977 1967 2012 2016 1989 1961 1933 1906 1866 1804 1769 1676 1584 1499 1413 1352 1293 1266 1174 1102 1038 992 946 902 911 911 877 842 795 789 764 748 737 655 529 439
-9999 -9999 -9999 -9999 -9999 -9999 -9999 -9999 -9999 -9999 -9999 -9999 -9999 1297 1273 1249 1246 1244 1309 1356 1313 1288 1284 1259 1275 1298 1317 1340 1367 1403 1443 1492 1567 1689 1702 1787 1873 1942 1993 2027 2054 2091 2106 2106 2099 2068 2076 2086 2069 1965 1952 1946 1917 1732 1705 1695 1569 1670 1501 1424 1354 1281 1253 1220 1150 1085 1022 965 915 881 869 884 847 800 742 727 724 730 708 647 548 -9999
-9999 -9999 -9999 -9999 -9999 -9999 -9999 -9999 -9999 -9999 -9999 -9999 -9999 1343 1337 1322 1334 1365 1379 1307 1308 1342 1315 1329 1345 1367 1384 1409 1439 1480 1520 1567 1632 1746 1787 1867 1960 2024 2076 2112 2139 2152 2168 2177 2177 2171 2157 2146 2044 1968 1928 1829 1843 1785 1652 1699 1523 1444 1424 1361 1324 1305 1253 1177 1128 1064 999 928 872 856 833 855 829 757 701 709 704 702 719 657 514 -9999
-9999 -9999 -9999 -9999 -9999 -9999 -9999 -9999 -9999 -9999 -9999 -9999 -9999 -9999 1402 1402 1400 1401 1399 1384 1380 1407 1399 1407 1417 1434 1454 1482 1514 1550 1597 1638 1697 1785 1873 1950 2026 2089 2135 2164 2189 2226 2251 2257 2248 2236 2168 1963 1859 1854 1808 1734 1705 1683 1544 1542 1439 1346 1362 1352 1336 1289 1201 1156 1095 1017 972 919 860 831 807 806 779 690 731 761 740 700 681 652 536 -9999
-9999 -9999 -9999 -9999 -9999 -9999 -9999 -9999 -9999 -9999 -9999 -9999 -9999 -9999 1460 1468 1473 1483 1476 1466 1452 1500 1495 1493 1495 1509 1530 1557 1591 1625 1672 1719 1817 1856 1948 2051 2112 2157 2189 2221 2265 2314 2303 2291 2297 2257 2123 1976 1893 1895 1893 1737 1635 1632 1543 1457 1393 1375 1388 1305 1279 1217 1163 1117 1081 1008 959 905 845 785 771 756 714 655 674 699 719 705 654 659 561 -9999
-9999 -9999 -9999 -9999 -9999 -9999 -9999 -9999 -9999 -9999 -9999 -9999 -9999 -9999 1507 1542 1553 1553 1551 1553 1546 1590 1583 1583 1581 1593 1609 1657 1748 1705 1772 1852 1891 1930 2003 2111 2183 2236 2271 2318 2351 2368 2376 2377 2363 2327 2260 2047 1854 2014 2029 1968 1890 1786 1725 1592 1489 1460 1417 1269 1235 1206 1146 1084 1042 979 917 874 828 756 705 689 654 642 657 703 709 680 651 667 583 -9999
-9999 -9999 -9999 -9999 -9999 -9999 -9999 -9999 -9999 -9999 -9999 -9999 -9999 -9999 -9999 1623 1637 1637 1625 1627 1618 1661 1672 1690 1661 1682 1675 1708 1806 1790 1815 1865 1923 2001 2082 2133 2193 2263 2319 2356 2398 2400 2363 2239 2281 2181 2181 2253 2197 1962 1824 2032 1790 1560 1586 1549 1443 1341 1430 1288 1226 1170 1147 1062 1008 953 901 838 776 720 676 647 621 640 682 708 705 644 616 672 580 -9999
-9999 -9999 -9999 -9999 -9999 -9999 -9999 -9999 -9999 -9999 -9999 -9999 -9999 -9999 -9999 1703 1715 1721 1706 1690 1681 1715 1736 1792 1758 1754 1737 1771 1825 1887 1876 1929 1980 2067 2129 2178 2259 2301 2328 2360 2359 2376 2452 2389 2217 2059 1972 1943 2015 1836 1870 2016 1656 1510 1487 1436 1410 1377 1387 1255 1218 1169 1137 1077 1023 964 901 837 791 749 696 637 636 694 701 675 697 607 612 581 516 -9999
-9999 -9999 -9999 -9999 -9999 -9999 -9999 -9999 -9999 -9999 -9999 -9999 -9999 -9999 -9999 1760 1793 1801 1778 1764 1756 1772 1775 1745 1805 1786 1826 1854 1913 1945 1949 2020 2042 2121 2182 2245 2291 2350 2365 2409 2451 2478 2492 2477 2349 2069 1908 1940 1885 1908 2032 1974 1775 1729 1508 1502 1413 1347 1388 1276 1186 1142 1092 1055 1013 962 904 813 757 702 646 610 593 602 596 646 689 587 612 568 474 -9999
-9999 -9999 -9999 -9999 -9999 -9999 -9999 -9999 -9999 -9999 -9999 -9999 -9999 -9999 -9999 -9999 1839 1847 1824 1822 1839 1875 1879 1834 1827 1871 1900 1938 1999 1969 2039 2110 2105 2184 2241 2292 2333 2368 2391 2428 2469 2450 2437 2440 2419 2358 2301 2054 1863 2075 2066 1936 1889 1749 1653 1550 1425 1321 1303 1365 1162 1115 1078 1041 978 911 890 861 824 740 643 597 576 566 612 677 661 545 587 518 425 -9999
-9999 -9999 -9999 -9999 -9999 -9999 -9999 -9999 -9999 -9999 -9999 -9999 -9999 -9999 -9999 -9999 1862 1863 1863 1846 1863 1903 1891 1902 1947 1967 1936 1998 2034 2063 2081 2136 2168 2212 2266 2305 2347 2385 2416 2440 2447 2432 2435 2430 2411 2381 2354 2311 2211 2194 2121 1992 1598 1547 1439 1459 1440 1400 1264 1347 1148 1108 1048 1022 985 960 928 872 813 772 671 601 575 577 616 667 672 613 488 440 420 -9999
-9999 -9999 -9999 -9999 -9999 -9999 -9999 -9999 -9999 -9999 -9999 -9999 -9999 -9999 -9999 -9999 1878 1883 1912 1908 1911 1986 2002 2014 2008 2034 2013 2061 2114 2129 2146 2170 2220 2263 2297 2324 2362 2390 2341 2408 2467 2476 2474 2465 2439 2391 2310 2256 2176 2171 2053 2015 1901 1704 1535 1636 1586 1408 1407 1347 1177 1076 1053 1002 967 919 869 851 795 732 662 604 579 575 636 674 607 540 455 426 413 -9999
-9999 -9999 -9999 -9999 -9999 -9999 -9999 -9999 -9999 -9999 -9999 -9999 -9999 -9999 -9999 -9999 1882 1899 1934 1974 2026 2027 2015 2042 2032 2059 2083 2095 2127 2156 2162 2197 2242 2282 2312 2336 2361 2399 2414 2443 2454 2434 2455 2433 2355 2204 2050 1894 1923 2012 1969 1999 1978 1903 1811 1700 1603 1462 1324 1193 1149 1118 1042 989 956 898 843 790 732 677 643 613 578 571 636 643 479 438 435 479 461 -9999
