L_lividipennis/M_variables/Set2/bio1_.asc
NCOLS 82 
NROWS 178 
XLLCORNER -73.9166666666667 
YLLCORNER -43.5416666666667 
CELLSIZE 0.0416666666666667 
NODATA_value -9999 
[rows 22 to 43 of 178, columns 0 to 47 of 82]
-9999 -9999 -9999 -9999 -9999 -9999 -9999 -9999 -9999 12.8328704833984 -9999 -9999 -9999 -9999 -9999 -9999 -9999 -9999 12.744345664978 11.8628330230713 11.8068332672119 11.7851667404175 12.7624998092651 12.6126670837402 12.5209999084473 12.6883335113525 12.3746671676636 12.4298334121704 12.3913335800171 12.5384998321533 12.6931667327881 13.1031665802002 13.2986669540405 13.3486661911011 13.2908334732056 13.2600002288818 13.2655000686646 13.2220001220703 13.1513328552246 13.0978336334229 13.0368337631226 12.9709997177124 12.8921670913696 12.7919998168945 12.5974998474121 12.372166633606 12.1204996109009 11.837833404541
-9999 -9999 -9999 -9999 -9999 -9999 -9999 -9999 -9999 -9999 -9999 -9999 -9999 -9999 -9999 -9999 -9999 12.9916667938232 12.618182182312 11.6850004196167 10.8291664123535 11.239333152771 12.9180002212524 12.8451671600342 12.4756669998169 12.3444995880127 12.2883329391479 12.5866670608521 12.5856666564941 12.6891670227051 12.8803329467773 13.2565002441406 13.3756666183472 13.4274997711182 13.3368330001831 13.2901668548584 13.2488327026367 13.1815004348755 13.1011667251587 13.0531673431396 12.9863338470459 12.9324998855591 12.9125003814697 12.7985000610352 12.6086664199829 12.408166885376 12.1923332214355 11.9429998397827
-9999 -9999 -9999 -9999 -9999 -9999 -9999 12.6108331680298 12.7604169845581 -9999 -9999 -9999 -9999 -9999 -9999 -9999 -9999 12.8109378814697 12.0904998779297 10.7076663970947 10.9770002365112 11.3494997024536 12.6906661987305 13.055832862854 12.691499710083 12.2391662597656 12.1936664581299 12.7358331680298 12.7694997787476 12.6944999694824 12.6961669921875 13.2545003890991 13.4259996414185 13.3478336334229 13.3354997634888 13.283166885376 13.2419996261597 13.2174997329712 13.1459999084473 13.0781669616699 13.0129995346069 12.9361667633057 12.8859996795654 12.8024997711182 12.6636667251587 12.4491662979126 12.2403335571289 11.9731664657593
-9999 -9999 -9999 -9999 -9999 -9999 12.25 12.2047348022461 12.6872024536133 -9999 -9999 -9999 -9999 -9999 -9999 -9999 13.1625003814697 12.9445657730103 11.7156667709351 10.4841661453247 10.501166343689 11.4421663284302 12.7131671905518 12.844500541687 12.7633333206177 12.7848329544067 12.9931669235229 12.873833656311 12.96399974823 12.768500328064 13.1029996871948 13.4191665649414 13.2453336715698 13.3090000152588 13.3624992370605 13.3133335113525 13.2995004653931 13.2729997634888 13.1946668624878 13.1180000305176 13.0504999160767 12.9918336868286 12.9514999389648 12.8248329162598 12.7283334732056 12.5251665115356 12.3368330001831 12.1331663131714
-9999 -9999 -9999 -9999 -9999 -9999 12.0723037719727 11.8251667022705 12.6381664276123 13.0968332290649 13.1717014312744 13.074652671814 13.140832901001 13.2250003814697 13.2333335876465 13.2427082061768 13.2096662521362 12.4758329391479 11.0869998931885 11.3546667098999 11.5229997634888 11.8401670455933 12.1195001602173 12.2351665496826 12.051833152771 12.4953336715698 12.9215002059937 12.8988332748413 12.9285001754761 13.1213331222534 13.4281663894653 13.4643335342407 13.4986667633057 13.477499961853 13.4621667861938 13.3941669464111 13.3593330383301 13.2853336334229 13.1911668777466 13.0725002288818 12.9306669235229 12.8193330764771 12.7779998779297 12.7761669158936 12.7065000534058 12.5618333816528 12.3516664505005 12.2016668319702
-9999 -9999 -9999 -9999 -9999 -9999 12.2785987854004 11.7438335418701 12.099666595459 12.4408330917358 12.9538335800171 12.9482641220093 12.8168334960938 12.9320001602173 13.0343332290649 13.1471662521362 12.9838333129883 12.4223337173462 11.7703332901001 10.6695003509521 11.4806661605835 11.0103330612183 11.3765001296997 12.1944999694824 12.5410003662109 12.668833732605 12.9401664733887 12.7994995117188 13.2951669692993 13.4323329925537 13.4305000305176 13.3386669158936 13.3593330383301 13.3676662445068 13.3909997940063 13.3848333358765 13.3528337478638 13.3360004425049 13.2165002822876 13.0376663208008 12.8999996185303 12.7953329086304 12.7170000076294 12.6506662368774 12.5600004196167 12.4898338317871 12.3451662063599 12.1141662597656
-9999 -9999 -9999 -9999 -9999 12.6416664123535 11.9403982162476 11.7956666946411 11.9998331069946 12.3688335418701 12.8486661911011 12.8559999465942 12.7038335800171 12.8688335418701 12.9793329238892 12.966833114624 12.4096670150757 11.6133337020874 10.5845003128052 9.18933296203613 10.0716667175293 10.3941669464111 10.9426670074463 12.3023328781128 12.2180004119873 12.6736669540405 12.8625001907349 12.9923334121704 13.2483329772949 13.3468332290649 13.3514995574951 13.3748331069946 13.33899974823 13.2204999923706 13.3634996414185 13.363166809082 13.3328332901001 13.2956666946411 13.1441669464111 13.0676670074463 12.929666519165 12.8251667022705 12.7346668243408 12.6151666641235 12.4548330307007 12.3194999694824 12.2456665039062 11.9484996795654
-9999 -9999 -9999 -9999 -9999 12.591667175293 12.4221591949463 12.6241664886475 12.1958332061768 12.1606664657593 12.3876667022705 12.6498327255249 12.5260000228882 12.5065002441406 12.6628332138062 12.5013332366943 11.7411670684814 10.6005001068115 9.39333343505859 9.53666687011719 9.92416667938232 10.3221664428711 10.5988330841064 12.3108329772949 12.5006666183472 12.7723331451416 12.6393337249756 12.8275003433228 13.0793333053589 13.3476667404175 13.3681669235229 13.2666664123535 13.3238334655762 13.3514995574951 13.4700002670288 13.4111671447754 13.3318338394165 13.2741670608521 13.186333656311 13.1061668395996 12.9635000228882 12.8506669998169 12.7321672439575 12.5688333511353 12.3863334655762 12.1564998626709 11.9986667633057 11.7483329772949
-9999 -9999 -9999 -9999 -9999 12.8791666030884 12.9041662216187 12.6556253433228 12.4949998855591 12.4455003738403 12.1519994735718 12.2603330612183 12.2891664505005 12.3433332443237 12.3873329162598 12.0196666717529 11.7698335647583 11.4573335647583 11.0764999389648 11.3613338470459 11.3306665420532 11.110333442688 11.7521667480469 12.126166343689 12.1183338165283 12.5958337783813 12.9685001373291 12.9663333892822 12.5348329544067 13.1128330230713 13.3991670608521 13.4484996795654 13.470666885376 13.4825000762939 13.5021667480469 13.4913330078125 13.4181671142578 13.3118333816528 13.2084999084473 13.1263332366943 13.0003337860107 12.8748331069946 12.7248334884644 12.5488338470459 12.3629999160767 12.1848335266113 11.9996671676636 11.7790002822876
-9999 -9999 -9999 -9999 -9999 -9999 -9999 12.7291669845581 12.7653331756592 12.6043329238892 12.0488338470459 12.1063327789307 12.2216663360596 12.2143335342407 12.0115003585815 11.416166305542 10.7933330535889 11.8334999084473 11.0594997406006 10.7906665802002 10.7541666030884 10.3851671218872 10.3348331451416 10.9496669769287 11.7256669998169 12.554500579834 12.9351673126221 13.0684995651245 12.184666633606 13.1078338623047 13.1776666641235 13.4178333282471 13.4751672744751 13.4700002670288 13.4870004653931 13.4748334884644 13.44700050354 13.3883333206177 13.3021669387817 13.1383333206177 12.9818334579468 12.83899974823 12.6735000610352 12.4791669845581 12.2244997024536 12.059666633606 11.9678335189819 11.7926664352417
-9999 -9999 -9999 -9999 -9999 -9999 -9999 12.5854167938232 12.3686666488647 12.1938333511353 12.0096664428711 12.1151666641235 12.0548334121704 12.0281667709351 11.8304996490479 11.1001663208008 10.2903337478638 11.2344999313354 11.2075004577637 10.4385004043579 9.97783374786377 9.66549968719482 9.88116645812988 10.789999961853 11.2218332290649 12.3608331680298 12.7130002975464 12.4518337249756 12.5968332290649 13.2326669692993 13.2574996948242 13.3388338088989 13.4573335647583 13.4548330307007 13.4495000839233 13.4519996643066 13.4390001296997 13.4134998321533 13.3143329620361 13.1754999160767 13.0393333435059 12.8796663284302 12.666166305542 12.5030002593994 12.3826665878296 12.1763334274292 12.0206670761108 11.6666669845581
-9999 -9999 -9999 -9999 -9999 -9999 -9999 12.6745367050171 12.3964996337891 12.0159997940063 12.1106662750244 12.1421670913696 11.8241662979126 11.6828336715698 11.4176664352417 10.8076667785645 10.5170001983643 9.9263334274292 10.8395004272461 9.23999977111816 9.21483325958252 9.33133316040039 9.39183330535889 9.85249996185303 10.6923332214355 12.0983333587646 12.8346672058105 12.6529998779297 11.7445001602173 13.147500038147 13.4716663360596 13.4836664199829 13.4313335418701 13.3756666183472 13.4058332443237 13.4355001449585 13.4358329772949 13.3863334655762 13.3186664581299 13.206000328064 13.0559997558594 12.8970003128052 12.7384996414185 12.5981664657593 12.3696670532227 12.2248334884644 12.1309995651245 11.8798332214355
-9999 -9999 -9999 -9999 -9999 -9999 12.357292175293 12.143500328064 12.3459997177124 12.2676668167114 12.1374998092651 12.2910003662109 12.0246667861938 11.7403335571289 11.1253337860107 10.1979999542236 9.0218334197998 8.98449993133545 10.1558332443237 9.91083335876465 8.9486665725708 8.79650020599365 9.55066680908203 10.2399997711182 11.2403335571289 11.9633331298828 11.9158334732056 11.7796669006348 12.0883331298828 12.5366668701172 13.2574996948242 13.3766670227051 13.4720001220703 13.4870004653931 13.4968328475952 13.4790000915527 13.4593334197998 13.4143333435059 13.3194999694824 13.2053337097168 13.0841665267944 12.9513330459595 12.8568334579468 12.735333442688 12.5473337173462 12.3610000610352 11.9455003738403 11.5431671142578
-9999 -9999 -9999 -9999 -9999 12.466667175293 12.4787282943726 12.2368335723877 12.639666557312 12.6548328399658 12.2790002822876 12.1319999694824 12.0333337783813 11.5563335418701 11.0513334274292 10.3240003585815 10.257833480835 9.05700016021729 9.12083339691162 9.13683319091797 8.32783317565918 8.64633369445801 8.91400051116943 10.2333335876465 11.3199996948242 11.7671661376953 11.8106670379639 11.0068330764771 11.8509998321533 12.5094995498657 13.0893335342407 13.3206663131714 13.3800001144409 13.3441667556763 13.3663330078125 13.3866662979126 13.2838335037231 13.1215000152588 13.2761669158936 13.1816663742065 13.0483331680298 12.9976663589478 12.8823337554932 12.6791667938232 12.3183336257935 11.8773336410522 11.7691669464111 11.4371671676636
-9999 -9999 -9999 -9999 -9999 12.7270832061768 12.1486110687256 12.046667098999 12.0966663360596 12.247166633606 12.0588331222534 12.1318330764771 12.0319995880127 11.3796663284302 10.9593334197998 10.1933336257935 9.41950035095215 8.10866641998291 8.06383323669434 8.08833312988281 7.76833343505859 8.49033355712891 9.26949977874756 10.5876665115356 11.1358337402344 11.2016668319702 11.3328332901001 10.9306669235229 11.5939998626709 11.9976663589478 13.0725002288818 13.2030000686646 13.2694997787476 13.2976665496826 13.2641668319702 13.2656669616699 13.3041667938232 13.2959995269775 13.248833656311 13.0065002441406 12.9551668167114 13.0018329620361 12.9484996795654 12.8451662063599 12.6086664199829 11.9368333816528 11.4720001220703 11.6591663360596
-9999 -9999 -9999 -9999 -9999 -9999 12.4221353530884 12.2985000610352 11.9820003509521 11.9861669540405 12.1746664047241 12.3038330078125 12.2173328399658 11.9431667327881 11.1145000457764 10.6873331069946 9.56683349609375 8.08199977874756 7.40000009536743 6.96299982070923 8.02883338928223 9.02550029754639 9.97866630554199 10.1511669158936 9.30366706848145 9.84500026702881 10.699333190918 10.2375001907349 10.8365001678467 10.8725004196167 12.8191661834717 13.1273336410522 13.171667098999 13.168999671936 13.2141666412354 13.1273336410522 13.2326669692993 13.1096668243408 13.0051670074463 13.0278329849243 12.8606662750244 12.7741670608521 12.6801662445068 12.5326671600342 12.2475004196167 12.2405004501343 12.2748336791992 12.3255004882812
-9999 -9999 -9999 -9999 -9999 -9999 12.7230768203735 12.6350002288818 12.1883335113525 12.1723327636719 12.2686672210693 12.4274997711182 12.4138336181641 11.5656661987305 10.7968330383301 10.7081670761108 9.04816627502441 8.61233329772949 8.28366661071777 7.69933319091797 8.34283351898193 7.96483325958252 7.73166656494141 8.13583374023438 8.27833366394043 9.20166683197021 9.72700023651123 9.13399982452393 10.9053335189819 11.4708337783813 12.6805000305176 13.0236663818359 13.0649995803833 12.9458332061768 13.0273332595825 12.8703336715698 12.8573331832886 12.8463335037231 12.7854995727539 12.90149974823 12.9615001678467 12.7971668243408 12.6378335952759 12.4166669845581 12.138500213623 11.8488330841064 11.7131662368774 11.8210000991821
-9999 -9999 -9999 -9999 -9999 -9999 -9999 12.7926473617554 12.6005001068115 12.4341669082642 12.4704999923706 12.4610004425049 12.6000003814697 12.0026664733887 11.1283330917358 9.8571662902832 9.39516639709473 10.2469997406006 9.60750007629395 8.55200004577637 7.2631664276123 6.80766677856445 7.49650001525879 8.47366619110107 8.76183319091797 8.83416652679443 9.21633338928223 9.8415002822876 11.9508333206177 12.8090000152588 12.8144998550415 12.9233331680298 12.951000213623 12.944167137146 12.720832824707 12.6871662139893 12.5769996643066 12.5686664581299 12.5415000915527 12.5416669845581 12.6643333435059 12.7391672134399 12.5381669998169 12.2243328094482 11.908166885376 11.8345003128052 11.4153337478638 11.3773336410522
-9999 -9999 -9999 -9999 -9999 -9999 -9999 12.8187503814697 12.8092803955078 12.65149974823 12.6695003509521 12.6363334655762 12.6859998703003 12.5974998474121 12.0209999084473 11.923999786377 11.3879995346069 10.1949996948242 9.32649993896484 8.21599960327148 7.13749980926514 6.58033323287964 7.10516691207886 8.01049995422363 8.97416687011719 9.448166847229 9.61016654968262 10.8546667098999 12.3245000839233 12.7849998474121 12.8541669845581 12.7445001602173 12.7551670074463 12.8423337936401 12.5076665878296 12.6598329544067 12.4711666107178 12.4124994277954 12.272500038147 12.2721662521362 12.2845001220703 12.4303331375122 12.2065000534058 11.9329996109009 11.6291666030884 11.4879999160767 11.1743335723877 10.7679996490479
-9999 -9999 -9999 -9999 -9999 -9999 -9999 -9999 12.8708333969116 12.8380002975464 12.7154998779297 12.7346668243408 12.6506671905518 11.9191665649414 11.2873334884644 10.9551668167114 10.0048332214355 9.38433361053467 9.31116676330566 8.76566696166992 7.52250003814697 8.43583297729492 8.3241662979126 8.33516693115234 8.82950019836426 9.14433288574219 9.8120002746582 11.0581665039062 12.0191669464111 12.6001663208008 12.7431669235229 12.4676666259766 12.515832901001 12.3708333969116 12.1894998550415 12.3551664352417 12.4728336334229 12.3438329696655 12.1653337478638 12.0101671218872 11.9163331985474 12.1094999313354 12.0723333358765 11.6535005569458 11.3824996948242 11.1133337020874 10.8246669769287 10.2259998321533
-9999 -9999 -9999 -9999 -9999 -9999 -9999 -9999 -9999 12.7794275283813 12.727499961853 12.8094997406006 12.8730001449585 12.7518339157104 12.4968338012695 11.3036670684814 10.5938329696655 9.91199970245361 8.8129997253418 9.17316627502441 9.63183307647705 10.3133335113525 9.93616676330566 9.56083297729492 10.907000541687 11.3066663742065 11.6591663360596 11.9443330764771 12.0616664886475 12.4843330383301 12.5986661911011 12.5781669616699 12.5045003890991 12.2668333053589 12.1443328857422 12.0500001907349 12.059666633606 12.1029996871948 12.0881671905518 11.996166229248 11.9473333358765 11.6918334960938 11.5740003585815 11.595832824707 11.3819999694824 10.9125003814697 10.4029998779297 10.1960000991821
-9999 -9999 -9999 -9999 -9999 -9999 -9999 -9999 -9999 12.794792175293 12.7480001449585 12.7895002365112 12.3146667480469 11.3599996566772 12.4794998168945 12.7526664733887 12.0773334503174 10.518500328064 9.64316654205322 9.54783344268799 10.5556669235229 10.2303333282471 10.0886669158936 10.3238334655762 11.2778329849243 11.1803331375122 11.6181669235229 11.6923332214355 11.8795003890991 11.9945001602173 11.9701662063599 12.1173334121704 12.3395004272461 11.9736661911011 12.029167175293 11.9861669540405 11.8683338165283 11.8066663742065 11.820499420166 11.7098331451416 11.6365003585815 11.614333152771 11.4945001602173 11.2863330841064 11.331000328064 10.8218336105347 10.3888330459595 9.81666660308838
