L_lividipennis/M_variables/Set2/bio1_.asc
NCOLS 82 
NROWS 178 
XLLCORNER -73.9166666666667 
YLLCORNER -43.5416666666667 
CELLSIZE 0.0416666666666667 
NODATA_value -9999 
[rows 88 to 109 of 178, columns 0 to 47 of 82]
-9999 -9999 -9999 -9999 -9999 -9999 -9999 -9999 -9999 -9999 -9999 -9999 10.7466144561768 11.0803337097168 11.1506671905518 11.458833694458 11.6643333435059 11.3359994888306 10.650333404541 10.3948335647583 11.1286668777466 11.4206666946411 11.3393335342407 11.4126663208008 11.3551664352417 11.3444995880127 11.1555004119873 11.0310001373291 11.3783330917358 11.3583335876465 11.1016664505005 10.4069995880127 10.2919998168945 10.4160003662109 9.68916702270508 10.7863330841064 11.5618333816528 11.5003337860107 10.610333442688 8.69016647338867 7.14383363723755 8.52266693115234 11.0786666870117 11.0578336715698 10.2655000686646 9.96783351898193 10.8675003051758 9.10616683959961
-9999 -9999 -9999 -9999 -9999 -9999 -9999 -9999 -9999 -9999 11.0260419845581 10.9895830154419 10.9079866409302 10.8781671524048 11.2720003128052 11.6358337402344 11.6111669540405 11.3158330917358 10.5054998397827 10.1573333740234 10.1975002288818 10.6099996566772 10.7608337402344 10.9508333206177 10.4504995346069 10.8543329238892 11.5091667175293 11.5138330459595 11.5050001144409 11.3538331985474 11.043999671936 10.9013328552246 10.82200050354 10.7924995422363 10.6531667709351 10.3234996795654 9.46383285522461 8.93633365631104 10.6586666107178 11.2519998550415 9.0116662979126 7.68516683578491 9.57200050354004 10.7329998016357 9.69083309173584 9.35299968719482 9.7053337097168 9.41499996185303
-9999 -9999 -9999 -9999 -9999 -9999 -9999 -9999 -9999 11.2819442749023 10.3140354156494 10.3394927978516 11.1986112594604 11.1891660690308 11.0021667480469 11.2373332977295 11.2141666412354 11.2101669311523 11.4361667633057 10.7223329544067 10.1703329086304 9.76866626739502 10.0590000152588 10.3606662750244 9.40833377838135 9.90116691589355 11.2296667098999 11.2181663513184 11.3136672973633 11.4168329238892 11.3400001525879 11.1651668548584 10.9398336410522 10.503833770752 9.92933368682861 9.54516696929932 8.28316688537598 7.86350011825562 7.61866664886475 9.31816673278809 11.1364994049072 11.0938329696655 11.0453329086304 9.56383323669434 6.42316675186157 5.74200010299683 7.24816656112671 8.39499950408936
-9999 -9999 -9999 -9999 -9999 -9999 -9999 -9999 -9999 10.2192707061768 9.47416687011719 10.054666519165 11.2697372436523 10.8736667633057 11.2781744003296 10.7491664886475 10.9571666717529 10.6121664047241 11.2943334579468 11.0453329086304 10.4506664276123 9.99433326721191 9.8881664276123 9.31633377075195 9.45750045776367 10.3836669921875 11.1400003433228 10.8623332977295 10.9143333435059 11.2244997024536 11.1751670837402 11.0101671218872 10.8923330307007 10.1708335876465 9.37183380126953 8.68299961090088 7.8129997253418 7.6816668510437 7.62050008773804 7.56150007247925 7.55083322525024 8.71016693115234 9.03400039672852 7.34566688537598 5.2044997215271 2.94933342933655 5.83249998092651 7.62400007247925
-9999 -9999 -9999 -9999 -9999 -9999 -9999 -9999 -9999 10.9271669387817 9.46249961853027 8.98050022125244 10.0228328704834 9.91650009155273 10.5456666946411 10.5363330841064 9.54833316802979 9.70800018310547 10.9644994735718 10.6758337020874 10.3118333816528 9.8730001449585 10.1678333282471 9.375 10.0045003890991 11.03600025177 11.2703332901001 10.6900005340576 10.9653329849243 11.1273336410522 10.9918336868286 10.9766664505005 10.8903331756592 10.6608333587646 9.89949989318848 9.21166706085205 9.05616664886475 7.68400001525879 7.51849985122681 7.04283332824707 6.80999994277954 7.01383352279663 7.11500024795532 7.1710000038147 5.53266668319702 5.66883325576782 6.95800018310547 7.90366649627686
-9999 -9999 -9999 -9999 -9999 -9999 -9999 -9999 -9999 9.40666675567627 9.58633327484131 9.34683322906494 8.86533355712891 9.12933349609375 9.43316650390625 9.89133358001709 9.45816612243652 10.3318338394165 10.8546667098999 10.8240003585815 10.5508327484131 10.5741662979126 10.4783334732056 10.8598337173462 11.2076663970947 11.3258333206177 11.2379999160767 11.0973329544067 10.9966669082642 11.0823335647583 10.9953336715698 10.9068336486816 10.8321666717529 10.460000038147 9.78066635131836 9.1763334274292 8.50300025939941 7.92816686630249 7.35783338546753 6.85666656494141 6.93333339691162 7.79783344268799 8.58349990844727 6.51100015640259 6.74716663360596 7.02983331680298 7.79900026321411 8.35566711425781
-9999 -9999 -9999 -9999 -9999 -9999 -9999 -9999 -9999 8.71316623687744 8.48983383178711 8.38700008392334 9.41499996185303 9.1564998626709 8.65283298492432 9.20049953460693 9.12150001525879 9.48799991607666 10.3766670227051 10.2390003204346 10.4673337936401 10.587833404541 10.8835000991821 11.0673332214355 11.3373327255249 11.2019996643066 10.7358331680298 10.9141664505005 10.997166633606 11.0419998168945 10.9793338775635 10.8861665725708 10.7474994659424 10.6773338317871 10.1566667556763 9.77366638183594 9.31750011444092 7.95616674423218 7.25099992752075 6.63283348083496 7.37750005722046 8.79916667938232 8.05116653442383 6.60683345794678 7.2073335647583 6.0625 9.12416648864746 6.13516664505005
-9999 -9999 -9999 -9999 -9999 -9999 -9999 -9999 -9999 7.53466653823853 7.56983327865601 8.20966625213623 8.81983375549316 9.32283306121826 8.96716690063477 9.19833374023438 9.54516696929932 10.066499710083 10.3696670532227 10.0863332748413 10.3724994659424 10.3763332366943 10.7696666717529 10.9966669082642 10.9028329849243 11.1443328857422 11.111499786377 11.1193332672119 11.0983333587646 11.0523328781128 10.9843330383301 10.8610000610352 10.831166267395 11.0279998779297 11.1761665344238 11.3696670532227 11.3473329544067 11.2416667938232 9.08199977874756 6.97133350372314 8.32450008392334 10.3993330001831 8.73233318328857 7.62116670608521 6.70483350753784 6.59066677093506 9.40883350372314 6.21799993515015
-9999 -9999 -9999 -9999 -9999 -9999 -9999 -9999 -9999 -9999 7.66849994659424 8.02816677093506 8.27766704559326 9.0116662979126 9.80683326721191 9.83883380889893 9.82483291625977 10.3175001144409 10.5696668624878 10.3181667327881 10.2383337020874 9.51733303070068 10.0861663818359 10.7005004882812 11.2316665649414 11.2945003509521 11.2480001449585 11.1630001068115 11.0181665420532 10.8956661224365 10.8150005340576 10.8529996871948 10.9794998168945 11.1766662597656 11.8498334884644 12.0538330078125 12.1239995956421 12.121000289917 11.3011665344238 11.0381669998169 9.90916633605957 7.30533313751221 6.30999994277954 7.2591667175293 7.71133327484131 8.82699966430664 9.44133281707764 7.29133319854736
-9999 -9999 -9999 -9999 -9999 -9999 -9999 -9999 -9999 -9999 6.96066665649414 7.38766670227051 8.13683319091797 9.04399967193604 10.1653337478638 10.2425003051758 10.3295001983643 10.2116670608521 10.3446664810181 10.5538330078125 10.7483329772949 10.3894996643066 11.0341663360596 11.191333770752 11.2926664352417 11.2600002288818 11.2136669158936 11.1789999008179 11.0576667785645 11.0334997177124 11.2161664962769 11.2663335800171 11.3468332290649 12.0155000686646 12.2141666412354 12.2784996032715 12.2891664505005 12.3281669616699 12.268666267395 12.1094999313354 9.62583351135254 8.8730001449585 8.9913330078125 10.9045000076294 10.9701662063599 11.268666267395 10.0666666030884 9.57083320617676
-9999 -9999 -9999 -9999 -9999 -9999 -9999 -9999 -9999 -9999 8.34416675567627 8.48483371734619 8.14166641235352 8.66050052642822 10.5734996795654 10.1999998092651 9.92133331298828 10.2998332977295 10.5208330154419 10.8506669998169 11.186333656311 11.1616668701172 11.3031663894653 11.2933330535889 11.2988328933716 11.2726669311523 11.2331666946411 11.191499710083 11.1161670684814 11.2864999771118 11.4263334274292 11.6549997329712 11.7828330993652 12.176833152771 12.2750005722046 12.3225002288818 12.2383337020874 12.3450002670288 12.3983335494995 12.1428327560425 11.2864999771118 10.4693336486816 11.2410001754761 10.6496667861938 10.1283330917358 11.6330003738403 10.3241662979126 9.03333282470703
-9999 -9999 -9999 -9999 -9999 -9999 -9999 -9999 -9999 -9999 9.85733318328857 9.98433303833008 8.71183300018311 9.48166656494141 10.7188329696655 11.070333480835 10.6498336791992 10.6505002975464 11.085000038147 11.2133331298828 11.3140001296997 11.3488330841064 11.3166666030884 11.3303337097168 11.335000038147 11.3326663970947 11.3723335266113 11.3173332214355 11.3101663589478 11.3404998779297 11.3549995422363 11.4995002746582 11.8688335418701 12.1946668624878 12.2965002059937 12.3278331756592 12.3546667098999 12.4114999771118 12.136833190918 11.8039999008179 10.8606662750244 11.5375003814697 10.5120000839233 11.4976663589478 11.9213333129883 12.2223329544067 9.37383365631104 6.49916648864746
-9999 -9999 -9999 -9999 -9999 -9999 -9999 -9999 -9999 -9999 9.21199989318848 10.8716669082642 10.2086668014526 10.5493335723877 11.110333442688 11.0441665649414 10.8993330001831 10.8489999771118 11.0290002822876 11.3640003204346 11.4093332290649 11.4171667098999 11.4359998703003 11.4153337478638 11.4116668701172 11.4036664962769 11.3286666870117 11.2913331985474 11.1623334884644 11.1033334732056 11.0728330612183 11.1861667633057 11.3874998092651 11.9781665802002 12.1206665039062 11.9919996261597 12.0451669692993 12.0528335571289 12.2888336181641 12.2683334350586 11.4464998245239 11.4855003356934 11.3483333587646 10.3889999389648 9.57816696166992 11.7333335876465 11.3835000991821 10.7693338394165
-9999 -9999 -9999 -9999 -9999 -9999 -9999 -9999 -9999 -9999 10.1920003890991 10.9103336334229 10.2561664581299 10.9928331375122 11.2884998321533 11.3021669387817 11.2801666259766 11.2840003967285 11.3553333282471 11.3031663894653 11.3451662063599 11.2743330001831 11.2938327789307 11.3531665802002 11.3628330230713 11.3229999542236 11.3055000305176 11.2808332443237 11.2401666641235 11.1710004806519 11.0776662826538 11.0010004043579 11.021333694458 11.0508337020874 10.5758333206177 9.63449954986572 9.14583301544189 8.69933319091797 8.04766654968262 9.13350009918213 9.27116680145264 11.1751670837402 10.5205001831055 11.0795001983643 10.4401664733887 10.6335000991821 10.2335004806519 8.87600040435791
-9999 -9999 -9999 -9999 -9999 -9999 -9999 -9999 -9999 -9999 -9999 10.7681665420532 10.5550003051758 11.013500213623 11.1149997711182 11.2081670761108 10.8263330459595 10.956166267395 11.1931667327881 11.1405000686646 11.1996669769287 11.3061666488647 11.3286666870117 11.3158330917358 11.3024997711182 11.3198337554932 11.3291664123535 11.3171663284302 11.2856664657593 11.2338333129883 11.1098337173462 10.9713335037231 10.775333404541 10.5068330764771 10.1280002593994 9.56983375549316 8.68483352661133 7.75400018692017 7.9171667098999 7.52466678619385 9.49816703796387 9.72083377838135 8.77716636657715 10.1216669082642 9.44333362579346 9.5178337097168 9.33800029754639 7.22716665267944
-9999 -9999 -9999 -9999 -9999 -9999 -9999 -9999 -9999 -9999 -9999 10.5383338928223 10.8991670608521 11.0276670455933 10.9236669540405 11.2226667404175 10.6761665344238 10.7833337783813 11.0965003967285 11.1215000152588 11.111499786377 11.1531667709351 11.1961669921875 11.2974996566772 11.3223333358765 11.296667098999 11.3428335189819 11.3383331298828 11.2810001373291 11.2411670684814 11.1691665649414 11.0736665725708 10.8753328323364 10.5406665802002 9.85366630554199 8.88350009918213 8.3861665725708 7.83300018310547 5.91650009155273 7.17149972915649 6.36766672134399 6.89016675949097 8.6341667175293 9.60616683959961 8.56466674804688 9.14900016784668 9.75899982452393 7.63166666030884
-9999 -9999 -9999 -9999 -9999 -9999 -9999 -9999 -9999 -9999 -9999 10.752833366394 10.6850004196167 10.6761665344238 11.0121669769287 11.1258335113525 10.9421663284302 10.6236667633057 10.9608335494995 11.0384998321533 11.0550003051758 11.0706663131714 11.1058330535889 11.1683330535889 11.271333694458 11.3155002593994 11.3365001678467 11.3385000228882 11.3011665344238 11.2558336257935 11.1348333358765 11.0191669464111 10.824333190918 10.4923334121704 9.86116695404053 8.90250015258789 8.1254997253418 7.625 5.50449991226196 5.53166675567627 5.07983350753784 5.08983325958252 6.34916639328003 8.37033367156982 6.62150001525879 7.54699993133545 7.9980001449585 7.15233325958252
-9999 -9999 -9999 -9999 -9999 -9999 -9999 -9999 -9999 -9999 -9999 10.5764999389648 10.9565000534058 10.8730001449585 10.7509994506836 11.1213331222534 11.0605001449585 11.0093336105347 11.0136661529541 11.0625 11.0671672821045 11.043999671936 11.081166267395 11.1348333358765 11.2084999084473 11.2795000076294 11.3041667938232 11.2790002822876 11.2593336105347 11.2209997177124 11.1000003814697 10.9771671295166 10.8476667404175 10.5904998779297 10.1470003128052 9.41749954223633 8.73099994659424 8.05249977111816 7.40616655349731 5.79199981689453 4.90866661071777 4.59216690063477 5.54416656494141 6.38816690444946 5.33599996566772 5.70900011062622 6.37283325195312 6.53749990463257
-9999 -9999 -9999 -9999 -9999 -9999 -9999 -9999 -9999 -9999 -9999 10.6673336029053 10.6988334655762 10.3550004959106 10.429500579834 10.8926668167114 10.9364995956421 10.9805002212524 11.1561670303345 11.0818338394165 11.0026664733887 10.9993333816528 11.0568332672119 11.1201667785645 11.1660003662109 11.2253332138062 11.2898330688477 11.2573328018188 11.2351665496826 11.1751670837402 11.0939998626709 11.0218334197998 10.9176664352417 10.7593336105347 10.5626668930054 9.93350028991699 8.69533348083496 7.95866680145264 7.9060001373291 8.31616687774658 6.21633338928223 5.28066682815552 4.48616647720337 3.9503333568573 5.44149971008301 6.53866672515869 6.71950006484985 6.11916637420654
-9999 -9999 -9999 -9999 -9999 -9999 -9999 -9999 -9999 -9999 -9999 -9999 10.2045001983643 10.2431669235229 10.6560001373291 10.6611661911011 10.6905002593994 10.9995002746582 11.0418329238892 11.0396671295166 11.0404996871948 11.0016670227051 11.0591669082642 11.1298332214355 11.1638336181641 11.1750001907349 11.1971664428711 11.2673330307007 11.2639999389648 11.1899995803833 11.1094999313354 11.0203332901001 11.0436668395996 11.0573329925537 11.0904998779297 10.8004999160767 10.0541667938232 9.40883350372314 8.32333374023438 6.78383350372314 7.12816667556763 7.05433320999146 5.32333326339722 4.28416681289673 6.76133346557617 8.16166687011719 6.88166666030884 7.03333330154419
-9999 -9999 -9999 -9999 -9999 -9999 -9999 -9999 -9999 -9999 -9999 -9999 9.90633296966553 10.2863330841064 10.5496664047241 10.5236663818359 10.9096670150757 11.0151672363281 10.9829998016357 10.9451665878296 10.9878330230713 11.0600004196167 11.0839996337891 11.1228332519531 11.1643333435059 11.1791667938232 11.2008333206177 11.2071666717529 11.1960000991821 11.1606664657593 11.1614999771118 11.2335004806519 11.4300003051758 11.5590000152588 11.7108335494995 11.7231664657593 11.6713333129883 11.1883335113525 10.5329999923706 10.569167137146 10.5161666870117 10.0481662750244 9.41783332824707 9.19083309173584 9.29083347320557 8.27099990844727 8.31766700744629 6.5881667137146
-9999 -9999 -9999 -9999 -9999 -9999 -9999 -9999 -9999 -9999 -9999 -9999 9.82950019836426 10.0946664810181 10.352499961853 10.5206670761108 10.8725004196167 10.930832862854 10.933500289917 10.9956665039062 11.0279998779297 11.0764999389648 11.0804996490479 11.1280002593994 11.179666519165 11.2034997940063 11.208833694458 11.1893329620361 11.1763334274292 11.1301670074463 11.0799999237061 11.2853336334229 11.3468332290649 11.5491666793823 11.658166885376 11.664999961853 11.6616668701172 11.4183330535889 10.9680004119873 8.58183288574219 7.44983339309692 7.82616662979126 9.42166709899902 8.79983329772949 8.66499996185303 6.9995002746582 6.99233341217041 5.5406665802002
