L_cantharoides/M_variables/Set2/bio13_.asc
NCOLS 77 
NROWS 145 
XLLCORNER -73.8333333333333 
YLLCORNER -42.1666666666667 
CELLSIZE 0.0416666666666666 
NODATA_value -9999 
[rows 0 to 45 of 145, columns 0 to 76 of 77]
-9999.000000000000000 -9999 -9999 -9999 -9999 -9999 -9999 -9999 -9999 -9999 -9999 -9999 -9999 -9999 -9999 -9999 -9999 -9999 -9999 -9999 -9999 -9999 -9999 -9999 -9999 -9999 -9999 -9999 -9999 -9999 -9999 -9999 -9999 -9999 -9999 -9999 -9999 -9999 -9999 -9999 -9999 -9999 -9999 -9999 -9999 -9999 -9999 -9999 -9999 -9999 -9999 -9999 240 248 255 259 254 245 249 249 239 229 219 -9999 -9999 -9999 -9999 -9999 -9999 -9999 -9999 -9999 -9999 -9999 -9999 -9999 -9999
-9999 -9999 -9999 -9999 -9999 -9999 -9999 -9999 -9999 -9999 -9999 -9999 -9999 -9999 -9999 -9999 -9999 -9999 -9999 -9999 -9999 -9999 -9999 -9999 -9999 -9999 -9999 -9999 -9999 -9999 -9999 -9999 -9999 -9999 -9999 -9999 -9999 -9999 -9999 -9999 -9999 -9999 -9999 -9999 -9999 -9999 -9999 -9999 -9999 224 231 238 247 253 259 264 255 252 245 242 228 223 219 208 204 201 -9999 -9999 -9999 -9999 -9999 -9999 -9999 -9999 -9999 -9999 -9999
-9999 -9999 -9999 -9999 -9999 -9999 -9999 -9999 -9999 -9999 -9999 -9999 -9999 -9999 -9999 -9999 -9999 -9999 -9999 -9999 -9999 -9999 -9999 -9999 -9999 -9999 -9999 -9999 -9999 -9999 -9999 -9999 -9999 -9999 -9999 -9999 -9999 -9999 -9999 -9999 -9999 -9999 -9999 -9999 -9999 -9999 -9999 216 219 224 232 242 252 259 264 266 264 262 251 247 227 220 219 211 204 192 181 -9999 -9999 -9999 -9999 -9999 -9999 -9999 -9999 -9999 -9999
-9999 -9999 -9999 -9999 -9999 -9999 -9999 -9999 -9999 -9999 -9999 -9999 -9999 -9999 -9999 -9999 -9999 -9999 -9999 -9999 -9999 -9999 -9999 -9999 -9999 -9999 -9999 -9999 -9999 -9999 -9999 -9999 -9999 -9999 -9999 -9999 -9999 -9999 -9999 -9999 -9999 -9999 -9999 -9999 -9999 212 216 219 222 227 233 243 254 262 268 273 272 249 243 241 242 220 212 199 189 191 186 183 187 -9999 -9999 -9999 -9999 -9999 -9999 -9999 -9999
-9999 -9999 -9999 -9999 -9999 -9999 -9999 -9999 -9999 -9999 -9999 -9999 -9999 -9999 -9999 -9999 -9999 -9999 -9999 -9999 -9999 -9999 -9999 -9999 -9999 -9999 -9999 -9999 -9999 -9999 -9999 -9999 -9999 -9999 -9999 -9999 -9999 -9999 -9999 -9999 -9999 -9999 -9999 206 209 213 217 220 225 231 237 247 256 268 270 272 269 237 245 239 236 222 205 197 184 185 184 179 182 183 -9999 -9999 -9999 -9999 -9999 -9999 -9999
-9999 -9999 -9999 -9999 -9999 -9999 -9999 -9999 -9999 -9999 -9999 -9999 -9999 -9999 -9999 -9999 -9999 -9999 -9999 -9999 -9999 -9999 -9999 -9999 -9999 -9999 -9999 -9999 -9999 -9999 -9999 -9999 -9999 -9999 -9999 -9999 -9999 -9999 -9999 -9999 -9999 206 207 208 210 215 217 223 227 233 240 247 259 269 269 268 258 239 234 237 227 231 215 204 199 183 190 182 172 180 181 -9999 -9999 -9999 -9999 -9999 -9999
-9999 -9999 -9999 -9999 -9999 -9999 -9999 -9999 -9999 -9999 -9999 -9999 -9999 -9999 -9999 -9999 -9999 -9999 -9999 -9999 -9999 -9999 -9999 -9999 -9999 -9999 -9999 -9999 -9999 -9999 -9999 -9999 -9999 -9999 -9999 -9999 -9999 -9999 -9999 209 208 208 210 210 213 217 221 226 231 237 245 253 260 269 274 275 260 248 231 229 230 219 216 207 200 188 181 173 171 173 168 163 -9999 -9999 -9999 -9999 -9999
-9999 -9999 -9999 -9999 -9999 -9999 -9999 -9999 -9999 -9999 -9999 -9999 -9999 -9999 -9999 -9999 -9999 -9999 -9999 -9999 -9999 -9999 -9999 -9999 -9999 -9999 -9999 -9999 -9999 -9999 -9999 -9999 -9999 -9999 -9999 -9999 -9999 214 213 212 211 210 212 215 217 222 226 229 235 241 249 257 261 265 265 261 250 262 233 227 228 218 211 206 202 196 180 178 174 174 157 157 147 -9999 -9999 -9999 -9999
-9999 -9999 -9999 -9999 -9999 -9999 -9999 -9999 -9999 -9999 -9999 -9999 -9999 -9999 -9999 -9999 -9999 -9999 -9999 -9999 -9999 -9999 -9999 -9999 -9999 -9999 -9999 -9999 -9999 -9999 -9999 -9999 -9999 -9999 -9999 222 218 215 213 215 214 213 214 216 219 223 228 233 239 246 253 258 264 266 257 242 240 253 239 229 229 215 204 213 204 198 190 181 167 163 159 155 162 149 -9999 -9999 -9999
-9999 -9999 -9999 -9999 -9999 -9999 -9999 -9999 -9999 -9999 -9999 -9999 -9999 -9999 -9999 -9999 -9999 -9999 -9999 -9999 -9999 -9999 -9999 -9999 -9999 -9999 -9999 -9999 -9999 -9999 -9999 -9999 -9999 237 231 224 221 218 218 217 216 217 215 217 223 226 231 235 241 250 256 260 264 268 271 248 234 245 244 238 230 221 209 217 209 211 195 191 165 158 155 159 164 151 -9999 -9999 -9999
-9999 -9999 -9999 -9999 -9999 -9999 -9999 -9999 -9999 -9999 -9999 -9999 -9999 -9999 -9999 -9999 -9999 -9999 -9999 -9999 -9999 -9999 -9999 -9999 -9999 -9999 -9999 -9999 -9999 -9999 -9999 255 242 241 234 225 225 224 222 221 220 219 218 221 226 228 231 236 242 248 256 261 264 266 274 257 237 237 233 233 231 226 225 221 214 211 200 195 178 164 158 149 161 153 -9999 -9999 -9999
-9999 -9999 -9999 -9999 -9999 -9999 -9999 -9999 -9999 -9999 -9999 -9999 -9999 -9999 -9999 -9999 -9999 -9999 -9999 -9999 -9999 -9999 -9999 -9999 -9999 -9999 -9999 -9999 -9999 277 275 262 248 235 231 227 226 223 222 223 223 223 220 223 228 231 235 238 243 249 255 260 261 263 265 268 266 247 234 229 231 231 217 209 213 207 204 198 192 173 170 164 161 148 136 -9999 -9999
-9999 -9999 -9999 -9999 -9999 -9999 -9999 -9999 -9999 -9999 -9999 -9999 -9999 -9999 -9999 -9999 -9999 -9999 -9999 -9999 -9999 -9999 -9999 -9999 -9999 -9999 -9999 268 268 273 271 265 254 243 236 230 229 227 224 223 223 224 225 226 229 233 238 241 247 252 259 261 262 262 261 250 252 251 252 244 233 234 208 206 202 206 203 196 190 170 158 161 162 149 135 -9999 -9999
-9999 -9999 -9999 -9999 -9999 -9999 -9999 -9999 -9999 -9999 -9999 -9999 -9999 -9999 -9999 -9999 -9999 -9999 -9999 -9999 -9999 -9999 -9999 -9999 -9999 270 269 267 264 263 261 260 254 244 238 233 230 228 228 227 225 226 229 232 234 239 243 246 250 254 257 260 261 258 252 251 250 248 240 246 245 237 217 220 199 195 198 195 188 172 150 148 155 156 140 137 -9999
-9999 -9999 -9999 -9999 -9999 -9999 -9999 -9999 -9999 -9999 -9999 -9999 -9999 -9999 -9999 -9999 -9999 -9999 -9999 -9999 -9999 -9999 -9999 264 268 268 266 264 261 258 256 255 251 249 243 237 232 231 230 229 230 231 234 238 240 243 248 251 253 255 259 260 261 257 253 250 253 248 245 237 238 245 227 224 210 199 195 189 178 161 161 157 154 152 147 141 -9999
-9999 -9999 -9999 -9999 -9999 -9999 -9999 -9999 -9999 -9999 -9999 -9999 -9999 -9999 -9999 -9999 -9999 -9999 -9999 -9999 -9999 255 260 260 263 264 261 259 259 260 257 256 257 254 248 243 238 236 234 234 236 237 239 243 247 249 250 252 256 258 257 257 255 251 255 252 256 252 242 239 238 239 229 222 202 188 185 180 170 169 157 159 154 149 146 142 -9999
-9999 -9999 -9999 -9999 -9999 -9999 -9999 -9999 -9999 -9999 -9999 -9999 -9999 -9999 -9999 -9999 -9999 -9999 -9999 240 246 255 258 258 260 258 260 258 257 258 259 258 258 256 252 247 242 240 239 241 243 243 244 247 249 255 256 255 258 260 258 256 256 255 251 254 253 240 223 238 235 239 227 222 202 193 188 182 163 160 162 158 153 148 144 140 -9999
-9999 -9999 -9999 -9999 -9999 -9999 -9999 -9999 -9999 -9999 -9999 -9999 -9999 -9999 -9999 -9999 -9999 -9999 239 245 252 260 259 260 258 257 257 256 257 255 256 257 259 259 255 252 248 246 245 245 246 246 247 249 254 257 259 260 260 260 260 259 257 257 256 255 254 242 211 217 234 231 234 215 203 190 193 185 177 166 164 157 154 148 140 139 -9999
-9999 -9999 -9999 -9999 -9999 -9999 -9999 -9999 -9999 -9999 -9999 -9999 -9999 -9999 -9999 -9999 233 240 248 252 257 262 263 261 259 258 257 255 260 253 255 256 259 261 258 255 250 249 248 249 250 251 251 255 258 261 264 265 264 263 263 261 260 259 258 254 248 233 211 209 217 214 225 230 210 192 184 181 179 173 167 160 155 149 143 142 -9999
-9999 -9999 -9999 -9999 -9999 -9999 -9999 -9999 -9999 -9999 -9999 -9999 -9999 -9999 -9999 -9999 234 247 255 253 260 261 260 261 260 259 259 258 256 250 251 252 256 258 258 254 252 252 252 253 253 255 258 263 265 267 269 267 267 265 263 260 261 259 259 252 246 244 237 220 214 215 218 220 218 189 176 177 179 175 170 165 161 155 148 141 140
-9999 -9999 -9999 -9999 -9999 -9999 -9999 -9999 -9999 -9999 -9999 -9999 -9999 -9999 -9999 233 234 241 256 261 264 265 261 260 259 258 254 253 251 251 250 250 251 255 257 257 253 252 253 254 255 258 261 265 270 270 269 266 265 264 265 262 262 260 260 257 252 242 233 232 229 217 197 205 211 198 179 171 179 176 171 162 157 152 144 140 -9999
-9999 -9999 -9999 -9999 -9999 -9999 -9999 -9999 -9999 -9999 -9999 -9999 -9999 -9999 -9999 235 242 248 261 271 271 268 264 262 258 257 254 253 252 250 247 245 246 250 255 254 253 254 255 256 257 258 265 269 274 273 268 263 261 262 262 262 265 262 256 257 252 242 237 236 234 222 209 201 199 200 190 190 186 178 174 164 159 151 147 139 -9999
-9999 -9999 -9999 -9999 -9999 -9999 -9999 -9999 -9999 -9999 -9999 -9999 -9999 -9999 -9999 -9999 250 257 266 273 275 271 266 262 259 255 253 250 248 243 244 244 244 248 250 251 254 257 259 259 261 264 270 278 278 273 268 264 261 260 262 265 265 264 258 254 254 248 246 243 241 220 222 214 201 202 187 177 175 164 167 165 158 148 142 134 -9999
-9999 -9999 -9999 -9999 -9999 -9999 -9999 -9999 -9999 -9999 -9999 -9999 -9999 -9999 -9999 249 254 260 267 274 280 276 266 260 257 251 249 247 243 237 237 237 240 245 247 250 255 259 260 262 264 267 275 282 282 274 270 264 261 258 260 270 269 264 261 252 247 255 246 234 239 236 231 219 210 197 188 174 166 161 156 158 153 142 137 132 -9999
-9999 -9999 -9999 -9999 -9999 -9999 176 -9999 -9999 -9999 -9999 -9999 -9999 -9999 -9999 260 260 265 268 272 282 278 269 262 260 251 247 246 247 234 232 235 237 240 246 251 253 256 257 261 264 268 274 280 280 274 267 263 261 265 269 265 270 275 266 250 250 250 246 224 234 232 230 218 207 197 193 166 170 157 151 155 148 138 134 130 -9999
-9999 -9999 -9999 -9999 -9999 194 195 -9999 -9999 -9999 -9999 -9999 -9999 -9999 270 268 266 266 270 274 283 280 274 263 254 251 247 246 239 230 235 235 238 242 245 248 252 252 252 255 259 265 270 273 274 271 266 261 260 274 277 274 274 277 267 252 255 262 240 227 235 237 229 226 212 206 198 184 179 169 155 158 150 142 138 131 -9999
-9999 -9999 -9999 -9999 197 208 207 212 221 232 250 264 274 275 275 276 269 273 273 275 277 273 265 263 259 255 251 247 238 233 232 233 235 240 244 247 249 249 251 254 259 264 267 268 270 269 266 261 258 268 274 277 276 272 268 255 258 265 239 229 234 234 233 222 222 212 205 189 170 173 175 163 152 145 137 131 -9999
-9999 -9999 -9999 -9999 201 216 222 227 235 247 258 270 279 284 283 279 276 275 278 276 276 271 265 263 259 257 251 249 243 239 238 239 236 240 243 242 246 247 248 253 257 261 263 265 264 264 262 260 256 261 264 273 274 267 276 255 270 265 238 239 242 235 229 221 217 203 198 187 182 176 173 162 150 145 137 128 -9999
-9999 -9999 -9999 203 212 222 228 237 248 259 268 277 284 289 284 277 272 269 272 274 276 273 270 266 262 258 254 251 247 242 240 240 239 241 243 243 246 246 247 250 254 256 256 258 258 259 262 258 255 254 252 250 255 267 276 280 265 256 240 239 239 236 231 219 211 193 193 180 185 183 179 167 153 145 135 126 -9999
-9999 -9999 -9999 208 214 222 233 245 258 269 277 283 290 291 281 271 269 269 270 271 272 273 270 263 259 257 257 252 249 245 240 241 240 239 240 241 241 242 246 248 250 254 253 254 252 255 257 259 264 264 272 285 287 286 287 290 285 267 248 253 248 238 230 215 214 208 201 197 192 186 175 165 153 145 134 124 -9999
-9999 -9999 -9999 217 225 232 243 254 263 274 283 290 296 290 287 281 278 280 277 275 275 274 271 266 259 256 260 256 252 244 239 238 236 236 238 235 235 237 241 244 247 251 251 250 250 251 255 265 273 279 290 296 297 289 288 270 285 284 266 226 244 244 233 219 213 204 202 192 185 184 180 173 154 144 136 126 -9999
-9999 -9999 -9999 -9999 -9999 242 250 261 268 280 290 296 295 285 278 291 280 277 277 275 277 275 272 265 259 256 259 254 252 246 240 239 233 232 231 229 229 234 239 242 246 248 250 249 248 249 258 269 277 292 310 300 304 308 287 277 259 244 237 231 238 250 226 226 219 212 193 184 176 179 177 169 160 147 141 137 -9999
-9999 -9999 -9999 -9999 -9999 251 258 267 277 285 293 299 296 282 275 287 284 278 276 275 275 271 271 264 258 259 257 254 250 245 238 233 229 228 227 227 225 230 235 238 243 245 246 248 245 250 264 274 280 305 316 315 301 303 309 285 267 204 202 240 254 247 222 220 221 201 194 190 180 171 180 177 167 147 147 143 -9999
-9999 -9999 -9999 -9999 -9999 260 262 273 282 290 291 295 289 281 278 278 282 272 274 273 272 273 271 263 255 252 261 254 248 242 235 230 228 228 228 227 227 226 231 237 241 244 247 248 246 247 265 266 290 314 318 327 321 323 308 292 291 270 222 238 229 240 239 229 217 212 200 194 190 189 194 183 163 167 168 154 -9999
-9999 -9999 -9999 -9999 258 262 269 274 286 296 297 298 286 277 273 275 280 275 275 274 269 266 264 259 259 259 254 252 244 240 233 227 229 231 232 232 230 229 229 236 241 246 251 253 255 264 271 288 313 335 338 342 329 321 319 318 315 278 254 222 223 225 235 229 219 216 214 206 202 193 191 181 163 166 167 159 -9999
-9999 -9999 -9999 258 263 268 278 284 290 298 302 295 288 279 280 277 276 275 275 271 271 269 263 259 255 263 255 247 241 237 232 227 229 233 236 236 233 232 231 236 242 249 256 258 260 272 284 303 326 338 339 341 346 333 303 295 313 285 262 242 247 226 234 223 221 222 209 196 192 187 185 179 176 171 163 157 -9999
-9999 -9999 -9999 261 261 269 278 286 292 299 302 292 286 280 276 274 276 275 276 272 269 265 262 261 258 263 256 251 238 235 229 224 229 233 236 236 237 235 236 239 245 252 258 265 276 273 279 287 313 318 340 356 354 345 334 293 295 294 268 264 277 257 235 221 224 209 213 207 201 190 184 186 182 176 168 160 -9999
-9999 -9999 -9999 -9999 261 267 276 285 295 302 306 303 289 284 276 273 276 278 275 271 267 267 272 271 264 268 261 263 240 233 230 226 225 231 235 236 236 236 239 244 251 256 263 269 270 271 280 290 304 319 345 375 329 338 312 311 354 349 301 288 301 278 253 232 237 229 224 214 204 191 184 187 184 176 159 137 -9999
-9999 -9999 -9999 -9999 261 268 273 283 293 302 307 295 286 285 272 269 267 273 275 279 279 276 276 272 271 277 255 249 238 232 233 232 224 227 231 234 235 235 240 247 252 260 266 278 289 290 292 301 309 327 351 370 352 323 335 371 355 339 334 325 287 300 291 246 231 227 216 207 197 186 176 181 178 158 141 129 -9999
-9999 -9999 -9999 -9999 -9999 265 272 280 287 295 302 294 282 274 271 269 266 274 282 285 278 271 271 272 270 266 239 225 231 233 234 231 233 228 232 236 240 244 245 248 256 265 275 285 301 311 316 328 340 342 364 376 344 314 354 376 340 294 289 311 280 286 283 251 225 225 216 200 195 193 189 178 163 148 137 128 -9999
-9999 -9999 -9999 -9999 -9999 268 270 277 286 294 299 304 296 296 284 270 265 268 276 280 279 277 269 266 265 251 226 222 223 233 236 232 239 233 239 242 247 251 255 255 265 275 287 299 316 340 351 358 379 390 399 376 378 337 394 338 332 300 276 300 295 288 251 244 224 214 221 222 216 204 193 177 162 151 137 128 -9999
-9999 -9999 -9999 -9999 -9999 -9999 270 275 284 290 295 290 282 278 273 269 266 267 271 263 266 273 271 266 260 245 226 216 220 237 238 242 247 242 239 244 253 258 263 261 269 285 298 314 332 358 380 393 396 406 402 395 390 405 353 312 331 296 267 273 288 258 232 191 192 202 216 223 218 195 192 185 163 151 137 127 -9999
-9999 -9999 -9999 -9999 -9999 -9999 -9999 274 280 288 293 293 293 275 267 263 267 263 255 246 253 261 237 228 215 208 212 209 217 224 232 239 243 248 249 250 254 258 262 271 282 288 300 325 351 367 387 390 391 386 404 407 419 427 391 365 301 255 259 285 260 259 226 216 204 194 210 222 216 194 191 183 160 148 137 124 -9999
-9999 -9999 -9999 -9999 -9999 -9999 -9999 270 274 284 288 281 293 292 280 260 258 256 250 251 249 243 217 222 210 211 210 218 230 231 228 242 242 246 250 255 259 264 269 272 282 296 303 335 364 394 404 414 408 394 388 377 394 413 412 313 252 230 261 305 279 281 263 241 211 198 203 215 212 206 193 180 161 150 138 127 -9999
-9999 -9999 -9999 -9999 -9999 -9999 -9999 -9999 272 278 284 277 273 289 275 264 261 257 247 237 226 202 189 180 173 204 230 232 235 237 236 241 254 244 250 258 262 266 271 277 287 294 319 353 365 396 403 388 417 404 370 379 359 392 423 374 355 331 265 289 318 304 247 229 223 208 202 211 207 199 193 182 164 149 137 128 -9999
-9999 -9999 -9999 -9999 -9999 -9999 -9999 -9999 268 271 277 283 274 269 284 267 262 257 250 236 217 201 187 181 173 178 189 203 226 230 232 235 243 249 250 257 268 274 278 284 292 310 321 341 375 350 407 391 424 434 439 395 349 394 373 378 408 320 320 283 330 307 264 268 257 232 207 199 203 204 196 182 162 147 135 127 -9999
