L_cantharoides/M_variables/Set2/bio13_.asc
NCOLS 77 
NROWS 145 
XLLCORNER -73.8333333333333 
YLLCORNER -42.1666666666667 
CELLSIZE 0.0416666666666666 
NODATA_value -9999 
[rows 92 to 137 of 145, columns 0 to 76 of 77]
-9999 -9999 -9999 -9999 -9999 -9999 -9999 -9999 -9999 -9999 -9999 -9999 -9999 -9999 -9999 -9999 -9999 -9999 -9999 330 335 328 346 385 403 383 391 392 387 387 386 376 367 360 361 340 337 329 336 330 331 332 326 317 310 311 301 292 286 285 294 272 246 241 232 233 232 203 199 198 189 179 174 168 159 155 145 136 129 125 120 118 109 102 -9999 -9999 -9999
-9999 -9999 -9999 -9999 -9999 -9999 -9999 -9999 -9999 -9999 -9999 -9999 -9999 -9999 -9999 -9999 -9999 -9999 -9999 325 329 339 356 375 384 379 378 379 379 376 374 368 360 355 345 340 332 323 323 335 346 317 322 310 315 320 293 299 279 285 309 269 257 250 240 232 235 222 203 201 194 188 178 166 156 151 146 134 132 129 124 120 111 104 -9999 -9999 -9999
-9999 -9999 -9999 -9999 -9999 -9999 -9999 -9999 -9999 -9999 -9999 -9999 -9999 -9999 -9999 -9999 -9999 -9999 -9999 313 318 329 340 349 350 358 364 365 365 360 357 357 349 350 349 331 325 314 325 344 330 304 319 299 339 285 303 294 274 277 293 262 250 241 234 231 219 214 209 199 198 189 175 170 163 155 149 137 134 132 126 119 114 108 -9999 -9999 -9999
-9999 -9999 -9999 -9999 -9999 -9999 -9999 -9999 -9999 -9999 -9999 -9999 -9999 -9999 -9999 -9999 -9999 -9999 -9999 -9999 302 307 316 325 334 346 353 354 351 350 348 344 343 345 348 352 340 313 331 355 342 326 308 298 339 283 314 276 271 266 274 286 262 235 230 227 213 214 209 195 193 189 184 178 170 161 150 140 137 133 125 116 111 109 -9999 -9999 -9999
-9999 -9999 -9999 -9999 -9999 -9999 -9999 -9999 -9999 -9999 -9999 -9999 -9999 -9999 -9999 -9999 -9999 -9999 -9999 -9999 295 292 293 306 317 327 334 335 337 337 337 333 329 334 338 345 352 349 350 327 306 314 316 328 335 301 324 288 276 267 268 269 284 258 244 232 232 230 221 211 205 198 189 179 174 172 157 142 134 128 121 118 112 107 -9999 -9999 -9999
-9999 -9999 -9999 -9999 -9999 -9999 -9999 -9999 -9999 -9999 -9999 -9999 -9999 -9999 -9999 -9999 -9999 -9999 -9999 -9999 -9999 261 273 286 297 307 315 316 317 321 323 315 319 327 332 335 338 341 338 335 332 349 352 352 345 340 286 272 269 261 278 255 270 259 261 255 241 236 227 213 209 199 193 189 176 160 147 142 134 128 121 115 110 106 -9999 -9999 -9999
-9999 -9999 -9999 -9999 -9999 -9999 -9999 -9999 -9999 -9999 -9999 -9999 -9999 -9999 -9999 -9999 -9999 -9999 -9999 -9999 -9999 241 253 265 278 291 300 302 307 310 312 309 315 324 332 332 334 340 351 354 356 351 346 352 349 334 299 291 261 274 269 252 260 233 238 235 232 215 209 208 200 197 193 181 182 160 140 137 133 129 122 117 112 108 -9999 -9999 -9999
-9999 -9999 -9999 -9999 -9999 -9999 -9999 -9999 -9999 -9999 -9999 -9999 -9999 -9999 -9999 -9999 -9999 -9999 -9999 -9999 -9999 225 236 249 262 276 286 294 299 302 301 301 307 316 324 329 338 346 351 356 358 361 355 349 332 296 306 297 278 268 255 249 248 252 231 231 219 213 214 196 205 191 196 183 178 159 146 139 134 128 122 119 113 107 -9999 -9999 -9999
-9999 -9999 -9999 -9999 -9999 -9999 -9999 -9999 -9999 -9999 -9999 -9999 -9999 -9999 -9999 -9999 -9999 -9999 -9999 -9999 -9999 -9999 221 235 251 265 277 285 292 298 302 299 307 320 327 335 336 339 347 353 359 363 354 358 354 352 338 320 301 267 259 257 248 237 235 226 219 222 221 204 204 195 191 189 176 159 150 142 135 127 122 117 113 108 -9999 -9999 -9999
-9999 -9999 -9999 -9999 -9999 -9999 -9999 -9999 -9999 -9999 -9999 -9999 -9999 -9999 -9999 -9999 -9999 -9999 -9999 -9999 -9999 -9999 215 227 241 256 266 277 285 294 302 312 328 341 344 346 336 348 345 361 364 369 365 363 356 340 313 316 310 308 285 260 255 248 241 232 235 233 218 214 196 192 187 185 180 173 151 142 138 130 123 119 112 108 -9999 -9999 -9999
-9999 -9999 -9999 -9999 -9999 -9999 -9999 -9999 -9999 -9999 -9999 -9999 -9999 -9999 -9999 -9999 -9999 -9999 -9999 -9999 -9999 -9999 211 224 236 250 262 272 284 293 304 317 328 338 338 329 335 336 355 356 344 364 353 356 348 314 315 301 285 280 284 252 251 236 233 232 239 223 218 208 204 189 179 184 182 169 153 147 140 133 129 123 117 112 -9999 -9999 -9999
-9999 -9999 -9999 -9999 -9999 -9999 -9999 -9999 -9999 -9999 -9999 -9999 -9999 -9999 -9999 -9999 -9999 -9999 -9999 -9999 -9999 -9999 -9999 220 233 245 256 267 281 289 300 312 327 333 336 334 328 351 325 331 347 359 342 349 354 318 305 308 285 263 257 258 249 246 244 242 220 219 215 209 199 189 175 181 172 156 154 147 139 132 126 120 116 112 -9999 -9999 -9999
-9999 -9999 -9999 -9999 -9999 -9999 -9999 -9999 -9999 -9999 -9999 -9999 -9999 -9999 -9999 -9999 -9999 -9999 -9999 -9999 -9999 -9999 -9999 220 232 243 254 268 279 289 300 310 324 329 329 329 329 338 326 319 322 348 315 325 331 319 316 292 302 272 250 259 252 251 226 224 230 219 224 212 199 186 176 174 167 157 163 156 140 133 125 119 113 -9999 -9999 -9999 -9999
-9999 -9999 -9999 -9999 -9999 -9999 -9999 -9999 -9999 -9999 -9999 -9999 -9999 -9999 -9999 -9999 -9999 -9999 -9999 -9999 -9999 -9999 -9999 222 230 239 252 264 276 286 298 308 321 330 335 332 328 327 321 311 326 335 310 311 315 305 305 291 290 294 253 247 253 235 252 217 223 220 214 206 195 188 179 174 173 179 173 156 136 131 124 119 115 -9999 -9999 -9999 -9999
-9999 -9999 -9999 -9999 -9999 -9999 -9999 -9999 -9999 -9999 -9999 -9999 -9999 -9999 -9999 -9999 -9999 -9999 -9999 -9999 -9999 -9999 -9999 -9999 233 241 250 261 275 286 295 307 317 329 333 329 328 341 320 322 304 291 318 316 305 298 291 297 299 303 261 255 251 231 218 238 223 210 206 195 184 184 178 182 181 175 170 147 136 131 124 121 113 -9999 -9999 -9999 -9999
-9999 -9999 -9999 -9999 -9999 -9999 -9999 -9999 -9999 -9999 -9999 -9999 -9999 -9999 -9999 -9999 -9999 -9999 -9999 -9999 -9999 -9999 -9999 -9999 237 245 254 263 272 284 293 305 313 328 338 341 332 305 311 309 302 294 331 336 302 310 292 281 283 305 286 271 260 249 246 246 233 207 193 190 182 182 180 182 179 174 166 147 138 129 126 123 114 -9999 -9999 -9999 -9999
-9999 -9999 -9999 -9999 -9999 -9999 -9999 -9999 -9999 -9999 -9999 -9999 -9999 -9999 -9999 -9999 -9999 -9999 -9999 -9999 -9999 -9999 -9999 -9999 -9999 250 260 268 274 281 289 299 312 325 335 344 349 353 362 368 364 364 365 340 341 305 281 285 298 287 297 279 260 235 221 224 218 223 215 201 186 179 178 168 163 172 162 143 155 148 130 118 113 -9999 -9999 -9999 -9999
-9999 -9999 -9999 -9999 -9999 -9999 -9999 -9999 -9999 -9999 -9999 -9999 -9999 -9999 -9999 -9999 -9999 -9999 -9999 -9999 -9999 -9999 -9999 -9999 -9999 256 265 274 281 287 295 306 316 330 343 356 367 344 332 343 372 357 352 311 313 293 293 276 291 288 293 280 265 229 221 214 200 202 197 193 184 177 179 168 162 166 156 149 138 132 125 114 109 -9999 -9999 -9999 -9999
-9999 -9999 -9999 -9999 -9999 -9999 -9999 -9999 -9999 -9999 -9999 -9999 -9999 -9999 -9999 -9999 -9999 -9999 -9999 -9999 -9999 -9999 -9999 -9999 -9999 258 270 278 283 289 303 316 323 338 355 367 367 338 328 324 329 330 319 314 304 296 300 301 306 304 291 287 257 225 221 208 206 204 204 195 191 184 179 165 149 147 145 146 142 134 124 116 109 -9999 -9999 -9999 -9999
-9999 -9999 -9999 -9999 -9999 -9999 -9999 -9999 -9999 -9999 -9999 -9999 -9999 -9999 -9999 -9999 -9999 -9999 -9999 -9999 -9999 -9999 -9999 -9999 -9999 -9999 271 278 285 294 301 309 320 343 358 343 350 345 331 324 305 314 326 324 293 263 281 284 266 270 296 296 277 245 211 206 199 188 197 196 190 186 176 161 153 152 154 156 155 144 125 116 108 -9999 -9999 -9999 -9999
-9999 -9999 -9999 -9999 -9999 -9999 -9999 -9999 -9999 -9999 -9999 -9999 -9999 -9999 -9999 -9999 -9999 -9999 -9999 -9999 -9999 -9999 -9999 -9999 -9999 -9999 269 277 285 294 303 314 324 340 360 365 336 317 320 331 341 311 324 316 301 271 278 289 291 303 287 294 273 264 227 207 202 190 185 196 193 183 175 172 159 151 146 142 142 142 125 115 112 -9999 -9999 -9999 -9999
-9999 -9999 -9999 -9999 -9999 -9999 -9999 -9999 -9999 -9999 -9999 -9999 -9999 -9999 -9999 -9999 -9999 -9999 -9999 -9999 -9999 -9999 -9999 -9999 -9999 -9999 268 277 288 298 310 319 337 348 359 375 371 366 384 404 388 314 318 344 296 287 268 266 290 280 250 269 279 262 253 234 199 199 187 190 188 184 179 174 160 150 150 144 140 139 127 123 119 -9999 -9999 -9999 -9999
-9999 -9999 -9999 -9999 -9999 -9999 -9999 -9999 -9999 -9999 -9999 -9999 -9999 -9999 -9999 -9999 -9999 -9999 -9999 -9999 -9999 -9999 -9999 -9999 -9999 -9999 -9999 278 290 298 315 334 343 358 374 390 397 404 411 411 397 345 322 341 346 288 279 268 280 248 259 230 242 264 240 240 215 189 183 189 188 182 176 171 162 152 141 137 132 128 116 113 109 -9999 -9999 -9999 -9999
-9999 -9999 -9999 -9999 -9999 -9999 -9999 -9999 -9999 -9999 -9999 -9999 -9999 -9999 -9999 -9999 -9999 -9999 -9999 -9999 -9999 -9999 -9999 -9999 -9999 -9999 -9999 276 289 299 313 332 342 354 375 368 370 356 339 340 355 324 304 386 360 344 318 275 258 253 234 218 226 248 246 238 219 207 190 175 176 176 168 157 147 139 134 128 125 127 115 104 103 -9999 -9999 -9999 -9999
-9999 -9999 -9999 -9999 -9999 -9999 -9999 -9999 -9999 -9999 -9999 -9999 -9999 -9999 -9999 -9999 -9999 -9999 -9999 -9999 -9999 -9999 -9999 -9999 -9999 -9999 -9999 -9999 286 299 318 331 333 363 347 339 340 306 353 377 356 322 336 400 302 294 268 268 270 256 234 223 225 229 252 236 222 195 176 177 165 156 150 140 136 137 128 121 127 130 114 105 108 -9999 -9999 -9999 -9999
-9999 -9999 -9999 -9999 -9999 -9999 -9999 -9999 -9999 -9999 -9999 -9999 -9999 -9999 -9999 -9999 -9999 -9999 -9999 -9999 -9999 -9999 -9999 -9999 -9999 -9999 -9999 -9999 279 300 322 335 337 348 331 334 327 382 404 377 397 326 306 413 325 338 313 270 305 294 286 285 259 253 251 241 227 208 191 175 159 153 148 141 142 134 131 125 125 124 114 107 108 -9999 -9999 -9999 -9999
-9999 -9999 -9999 -9999 -9999 -9999 -9999 -9999 -9999 -9999 -9999 -9999 -9999 -9999 -9999 -9999 -9999 -9999 -9999 -9999 -9999 -9999 -9999 -9999 -9999 -9999 -9999 -9999 277 293 323 329 335 335 363 392 396 414 466 468 449 331 327 432 366 384 351 310 295 254 242 228 209 237 241 230 219 211 199 182 167 154 144 138 130 128 129 118 118 121 117 108 104 -9999 -9999 -9999 -9999
-9999 -9999 -9999 -9999 -9999 -9999 -9999 -9999 -9999 -9999 -9999 -9999 -9999 -9999 -9999 -9999 -9999 -9999 -9999 -9999 -9999 -9999 -9999 -9999 -9999 -9999 -9999 -9999 -9999 290 312 291 304 370 393 422 455 477 476 433 421 442 449 370 284 291 299 288 286 247 238 233 248 224 205 214 214 204 194 184 171 158 147 140 127 122 123 112 118 118 114 108 102 -9999 -9999 -9999 -9999
-9999 -9999 -9999 -9999 -9999 -9999 -9999 -9999 -9999 -9999 -9999 -9999 -9999 -9999 -9999 -9999 -9999 -9999 -9999 -9999 -9999 -9999 -9999 -9999 -9999 -9999 -9999 -9999 -9999 282 295 320 337 364 365 370 419 482 329 334 316 417 412 335 325 223 191 225 248 233 254 252 228 198 201 207 197 200 184 174 170 158 146 142 136 124 115 111 116 115 110 107 -9999 -9999 -9999 -9999 -9999
-9999 -9999 -9999 -9999 -9999 -9999 -9999 -9999 -9999 -9999 -9999 -9999 -9999 -9999 -9999 -9999 -9999 -9999 -9999 -9999 -9999 -9999 -9999 -9999 -9999 -9999 -9999 -9999 -9999 281 290 306 330 322 313 310 324 479 328 312 347 395 274 281 280 229 190 208 231 231 217 198 193 183 182 191 189 197 185 173 168 161 149 141 130 129 121 118 123 117 112 110 -9999 -9999 -9999 -9999 -9999
-9999 -9999 -9999 -9999 -9999 -9999 -9999 -9999 -9999 -9999 -9999 -9999 -9999 -9999 -9999 -9999 -9999 -9999 -9999 -9999 -9999 -9999 -9999 -9999 -9999 -9999 -9999 -9999 -9999 -9999 294 310 332 342 334 309 339 480 314 303 383 385 380 327 312 287 254 241 245 256 235 219 210 186 178 188 190 194 180 177 175 168 151 138 130 132 128 126 123 118 115 118 -9999 -9999 -9999 -9999 -9999
-9999 -9999 -9999 -9999 -9999 -9999 -9999 -9999 -9999 -9999 -9999 -9999 -9999 -9999 -9999 -9999 -9999 -9999 -9999 -9999 -9999 -9999 -9999 -9999 -9999 -9999 -9999 -9999 -9999 -9999 318 327 340 354 369 330 334 434 387 315 410 295 314 361 299 272 259 248 238 211 227 218 230 217 180 205 196 185 175 168 167 160 147 141 140 143 136 129 122 117 118 121 -9999 -9999 -9999 -9999 -9999
-9999 -9999 -9999 -9999 -9999 -9999 -9999 -9999 -9999 -9999 -9999 -9999 -9999 -9999 -9999 -9999 -9999 -9999 -9999 -9999 -9999 -9999 -9999 -9999 -9999 -9999 -9999 -9999 -9999 -9999 327 325 338 366 382 362 309 379 353 416 343 308 317 305 335 284 251 257 254 248 223 209 199 205 209 206 193 183 181 176 168 162 156 157 155 144 132 123 117 114 115 108 -9999 -9999 -9999 -9999 -9999
-9999 -9999 -9999 -9999 -9999 -9999 -9999 -9999 -9999 -9999 -9999 -9999 -9999 -9999 -9999 -9999 -9999 -9999 -9999 -9999 -9999 -9999 -9999 -9999 -9999 -9999 -9999 -9999 -9999 -9999 -9999 323 324 318 363 377 378 395 312 309 325 328 296 276 294 279 245 249 254 255 259 234 231 216 216 207 187 185 180 173 174 166 163 162 159 151 143 130 123 119 115 107 -9999 -9999 -9999 -9999 -9999
-9999 -9999 -9999 -9999 -9999 -9999 -9999 -9999 -9999 -9999 -9999 -9999 -9999 -9999 -9999 -9999 -9999 -9999 -9999 -9999 -9999 -9999 -9999 -9999 -9999 -9999 -9999 -9999 -9999 -9999 -9999 315 331 330 324 355 399 382 325 308 339 369 322 290 265 261 273 243 260 239 240 222 188 188 208 182 191 184 175 166 164 161 158 162 156 151 134 128 122 116 110 103 -9999 -9999 -9999 -9999 -9999
-9999 -9999 -9999 -9999 -9999 -9999 -9999 -9999 -9999 -9999 -9999 -9999 -9999 -9999 -9999 -9999 -9999 -9999 -9999 -9999 -9999 -9999 -9999 -9999 -9999 -9999 -9999 -9999 -9999 -9999 -9999 -9999 329 326 337 362 392 339 323 353 324 307 325 286 284 266 287 249 244 236 242 219 220 200 193 172 193 177 177 171 163 165 161 158 152 151 138 131 123 111 104 100 -9999 -9999 -9999 -9999 -9999
-9999 -9999 -9999 -9999 -9999 -9999 -9999 -9999 -9999 -9999 -9999 -9999 -9999 -9999 -9999 -9999 -9999 -9999 -9999 -9999 -9999 -9999 -9999 -9999 -9999 -9999 -9999 -9999 -9999 -9999 -9999 -9999 -9999 326 312 347 387 343 348 292 288 328 299 278 282 291 253 273 224 217 241 226 226 184 196 177 182 179 172 167 162 158 156 152 149 149 139 126 118 109 104 102 -9999 -9999 -9999 -9999 -9999
-9999 -9999 -9999 -9999 -9999 -9999 -9999 -9999 -9999 -9999 -9999 -9999 -9999 -9999 -9999 -9999 -9999 -9999 -9999 -9999 -9999 -9999 -9999 -9999 -9999 -9999 -9999 -9999 -9999 -9999 -9999 -9999 -9999 321 319 356 375 343 329 284 329 297 309 277 291 287 278 295 286 219 211 239 238 224 220 213 172 175 174 168 163 157 147 149 144 145 140 129 124 114 107 -9999 -9999 -9999 -9999 -9999 -9999
-9999 -9999 -9999 -9999 -9999 -9999 -9999 -9999 -9999 -9999 -9999 -9999 -9999 -9999 -9999 -9999 -9999 -9999 -9999 -9999 -9999 -9999 -9999 -9999 -9999 -9999 -9999 -9999 -9999 -9999 -9999 -9999 -9999 -9999 299 341 344 298 305 305 339 293 282 265 268 317 244 234 240 274 209 211 217 197 188 212 183 172 166 160 152 149 142 136 133 137 140 136 131 123 107 -9999 -9999 -9999 -9999 -9999 -9999
-9999 -9999 -9999 -9999 -9999 -9999 -9999 -9999 -9999 -9999 -9999 -9999 -9999 -9999 -9999 -9999 -9999 -9999 -9999 -9999 -9999 -9999 -9999 -9999 -9999 -9999 -9999 -9999 -9999 -9999 -9999 -9999 -9999 -9999 299 343 330 308 339 336 294 292 275 268 249 292 234 228 253 282 278 273 258 247 224 206 184 169 153 148 148 147 141 135 131 132 135 136 128 119 110 -9999 -9999 -9999 -9999 -9999 -9999
-9999 -9999 -9999 -9999 -9999 -9999 -9999 -9999 -9999 -9999 -9999 -9999 -9999 -9999 -9999 -9999 -9999 -9999 -9999 -9999 -9999 -9999 -9999 -9999 -9999 -9999 -9999 -9999 -9999 -9999 -9999 -9999 -9999 -9999 -9999 345 348 352 329 337 324 290 267 273 284 300 250 238 258 225 205 200 211 236 199 186 180 156 155 149 151 145 140 135 127 125 134 134 128 121 113 -9999 -9999 -9999 -9999 -9999 -9999
-9999 -9999 -9999 -9999 -9999 -9999 -9999 -9999 -9999 -9999 -9999 -9999 -9999 -9999 -9999 -9999 -9999 -9999 -9999 -9999 -9999 -9999 -9999 -9999 -9999 -9999 -9999 -9999 -9999 -9999 -9999 -9999 -9999 -9999 -9999 340 343 326 301 310 340 319 272 283 298 260 260 232 225 209 217 215 204 200 214 194 178 167 160 159 151 145 144 135 121 125 130 130 128 112 -9999 -9999 -9999 -9999 -9999 -9999 -9999
-9999 -9999 -9999 -9999 -9999 -9999 -9999 -9999 -9999 -9999 -9999 -9999 -9999 -9999 -9999 -9999 -9999 -9999 -9999 -9999 -9999 -9999 -9999 -9999 -9999 -9999 -9999 -9999 -9999 -9999 -9999 -9999 -9999 -9999 -9999 -9999 313 331 306 305 298 325 314 313 296 274 264 232 215 213 215 195 182 184 188 190 179 167 144 148 148 138 133 130 120 122 124 130 116 99 -9999 -9999 -9999 -9999 -9999 -9999 -9999
-9999 -9999 -9999 -9999 -9999 -9999 -9999 -9999 -9999 -9999 -9999 -9999 -9999 -9999 -9999 -9999 -9999 -9999 -9999 -9999 -9999 -9999 -9999 -9999 -9999 -9999 -9999 -9999 -9999 -9999 -9999 -9999 -9999 -9999 -9999 -9999 -9999 309 311 297 289 293 321 317 280 246 270 223 223 207 204 192 186 164 174 173 168 163 148 135 144 142 131 124 115 112 113 122 112 -9999 -9999 -9999 -9999 -9999 -9999 -9999 -9999
-9999 -9999 -9999 -9999 -9999 -9999 -9999 -9999 -9999 -9999 -9999 -9999 -9999 -9999 -9999 -9999 -9999 -9999 -9999 -9999 -9999 -9999 -9999 -9999 -9999 -9999 -9999 -9999 -9999 -9999 -9999 -9999 -9999 -9999 -9999 -9999 -9999 -9999 289 292 288 275 295 292 297 244 223 237 224 208 205 208 195 182 179 178 164 154 139 132 127 133 133 122 115 106 104 102 -9999 -9999 -9999 -9999 -9999 -9999 -9999 -9999 -9999
-9999 -9999 -9999 -9999 -9999 -9999 -9999 -9999 -9999 -9999 -9999 -9999 -9999 -9999 -9999 -9999 -9999 -9999 -9999 -9999 -9999 -9999 -9999 -9999 -9999 -9999 -9999 -9999 -9999 -9999 -9999 -9999 -9999 -9999 -9999 -9999 -9999 -9999 295 292 291 289 291 270 300 280 236 224 198 201 202 199 199 186 184 176 160 157 153 138 128 130 127 117 110 106 101 97 -9999 -9999 -9999 -9999 -9999 -9999 -9999 -9999 -9999
