L_cantharoides/M_variables/Set2/bio13_.asc
NCOLS 77 
NROWS 145 
XLLCORNER -73.8333333333333 
YLLCORNER -42.1666666666667 
CELLSIZE 0.0416666666666666 
NODATA_value -9999 
[rows 46 to 91 of 145, columns 0 to 76 of 77]
-9999 -9999 -9999 -9999 -9999 -9999 -9999 -9999 -9999 263 268 260 266 256 259 259 257 254 248 233 215 202 191 179 180 180 188 198 215 239 239 252 252 244 253 261 269 274 281 290 299 315 341 368 398 386 375 427 448 420 436 389 353 367 340 329 368 397 354 349 331 300 278 245 225 219 212 192 205 199 195 171 157 145 135 125 -9999
-9999 -9999 -9999 -9999 -9999 -9999 -9999 -9999 -9999 256 261 261 262 259 250 248 242 248 247 231 216 202 190 185 193 190 192 201 206 217 223 241 253 254 258 267 271 275 279 287 298 316 340 371 394 411 426 428 423 398 365 402 365 338 320 335 360 388 384 355 306 247 233 221 213 213 197 197 192 201 192 171 156 145 133 122 -9999
-9999 -9999 -9999 -9999 -9999 -9999 -9999 -9999 -9999 254 257 259 256 251 252 246 244 250 243 228 217 200 191 195 194 196 197 201 207 214 227 247 260 264 267 269 269 273 279 288 304 317 333 364 396 408 418 420 417 403 390 367 366 388 378 354 351 415 374 336 325 287 271 237 215 233 198 188 199 203 188 185 160 147 132 122 -9999
-9999 -9999 -9999 -9999 -9999 -9999 -9999 -9999 -9999 249 253 253 251 245 241 237 249 251 248 232 211 205 194 197 201 198 203 207 213 215 226 244 238 247 254 263 265 267 272 280 295 314 341 360 383 400 394 386 385 377 365 385 435 386 401 384 370 382 314 297 335 290 243 242 250 228 214 196 191 205 197 183 166 152 133 119 -9999
-9999 -9999 -9999 -9999 -9999 -9999 -9999 -9999 243 247 249 248 244 243 235 239 240 232 246 239 215 206 199 207 200 202 202 210 214 219 226 233 235 246 255 262 264 263 264 270 284 304 329 358 380 390 396 394 388 378 357 352 412 343 334 310 364 344 282 269 328 284 277 257 226 230 208 185 192 193 188 180 175 152 130 119 -9999
-9999 -9999 -9999 -9999 -9999 -9999 -9999 236 239 242 246 249 245 243 233 226 224 238 238 233 214 195 193 202 210 208 204 209 218 220 222 226 235 242 250 255 257 256 256 259 269 288 313 343 373 385 384 370 364 387 344 317 331 340 356 363 373 319 275 311 335 312 277 226 233 223 194 195 187 170 182 180 169 145 129 116 -9999
-9999 -9999 -9999 -9999 -9999 -9999 -9999 230 231 234 233 236 245 238 226 228 220 217 209 216 208 201 181 184 188 186 199 203 205 215 223 226 232 240 245 250 250 249 248 250 261 283 309 335 356 376 383 375 385 366 345 299 254 310 314 334 303 304 259 309 325 286 242 236 248 201 210 189 185 183 183 181 169 145 129 118 -9999
-9999 -9999 -9999 -9999 -9999 -9999 -9999 225 224 227 229 235 234 229 225 242 236 226 203 217 194 182 181 179 184 190 195 203 212 217 220 226 230 238 244 245 247 244 242 239 249 270 293 312 332 350 369 382 372 336 364 335 310 294 308 302 297 283 267 298 313 307 269 254 249 222 205 194 190 185 174 177 158 138 125 116 -9999
-9999 -9999 -9999 -9999 -9999 -9999 -9999 226 233 235 222 226 241 234 216 217 209 216 209 191 186 178 178 174 171 175 187 199 207 213 218 225 232 237 241 243 243 245 243 239 246 265 284 295 314 329 349 374 384 374 366 359 308 275 283 300 287 303 270 271 284 307 289 273 229 218 205 205 188 180 175 179 161 133 121 110 -9999
-9999 -9999 -9999 -9999 -9999 -9999 -9999 219 235 226 229 237 231 245 228 254 241 233 240 210 178 185 168 170 176 182 187 196 207 210 222 226 234 242 246 246 247 249 248 248 252 262 276 288 298 313 330 349 370 382 377 342 343 327 295 309 282 286 326 326 317 304 289 267 242 229 214 196 189 181 174 168 154 132 119 107 -9999
-9999 -9999 -9999 -9999 -9999 -9999 -9999 216 229 231 247 253 238 253 252 255 260 245 200 195 191 170 167 165 176 178 183 197 228 218 224 231 239 245 249 251 252 252 252 255 260 270 285 302 319 327 337 343 354 369 375 370 361 353 345 327 283 291 341 313 277 283 280 265 223 220 204 203 190 176 171 167 164 145 122 108 -9999
-9999 -9999 -9999 -9999 -9999 -9999 -9999 210 216 237 246 253 255 258 250 252 250 246 227 227 213 184 169 169 174 178 189 200 225 234 224 234 243 251 253 257 259 260 261 267 270 278 289 310 332 352 356 351 349 355 351 357 334 325 325 325 301 320 334 257 255 271 273 260 229 217 207 201 186 172 162 155 164 152 124 107 -9999
-9999 -9999 -9999 -9999 -9999 -9999 -9999 204 209 228 221 217 217 224 235 227 230 231 229 225 184 165 168 169 173 177 188 203 240 249 231 241 246 251 258 260 264 266 267 273 282 288 294 315 337 351 350 351 350 354 354 344 339 297 294 320 331 340 291 249 249 259 259 251 239 212 209 196 187 174 173 164 158 135 118 104 -9999
-9999 -9999 -9999 -9999 -9999 -9999 -9999 -9999 204 205 214 191 199 187 210 194 207 193 200 204 184 169 168 171 173 179 188 193 215 242 235 230 243 251 260 266 272 275 277 282 287 294 302 314 331 342 346 350 351 352 335 313 311 283 280 300 304 304 275 257 239 246 249 238 236 216 207 200 192 184 175 165 160 148 123 110 -9999
-9999 -9999 -9999 -9999 -9999 -9999 -9999 -9999 199 195 195 185 179 184 190 176 189 174 177 167 169 171 176 175 181 190 194 194 204 235 244 234 245 255 267 273 280 284 286 290 294 300 304 311 329 342 339 341 340 336 331 314 324 308 293 302 304 278 283 263 236 239 237 235 227 218 203 199 193 183 173 166 160 153 138 117 -9999
-9999 -9999 -9999 -9999 -9999 -9999 -9999 -9999 198 197 191 187 181 174 179 169 163 161 163 163 165 170 175 178 182 185 194 200 204 215 230 237 249 262 273 281 288 292 298 301 305 309 315 321 326 334 337 331 322 281 243 289 328 311 293 285 290 273 281 286 271 258 246 229 215 213 197 198 191 181 172 167 158 153 147 135 -9999
-9999 -9999 -9999 -9999 -9999 -9999 -9999 -9999 -9999 201 196 188 183 184 185 180 169 165 166 169 172 173 177 182 188 193 198 202 206 216 229 240 252 265 276 284 293 301 308 313 318 319 328 335 335 338 338 328 307 276 252 303 330 292 279 276 264 264 266 254 243 240 243 236 223 206 189 193 187 178 170 162 155 148 149 140 -9999
-9999 -9999 -9999 -9999 -9999 -9999 -9999 -9999 -9999 202 198 194 190 184 178 191 180 181 175 176 179 182 185 188 192 198 202 205 210 219 242 255 262 273 283 294 303 311 318 321 322 327 332 334 335 334 339 333 306 307 309 294 312 295 281 267 256 249 238 232 229 229 234 214 207 197 188 178 180 173 167 159 152 148 145 145 -9999
-9999 -9999 -9999 -9999 -9999 -9999 -9999 -9999 -9999 -9999 203 198 193 186 185 196 190 192 185 187 189 192 194 197 199 203 206 212 218 227 239 258 271 277 287 300 313 316 324 327 329 334 334 334 332 330 330 331 320 311 313 312 308 286 268 258 254 253 241 245 247 231 210 195 192 184 183 173 175 170 163 159 155 146 140 143 -9999
-9999 -9999 -9999 -9999 -9999 -9999 -9999 -9999 -9999 -9999 206 205 199 196 194 192 196 201 199 196 200 201 203 205 207 210 214 219 226 234 244 257 270 284 296 310 318 325 331 336 336 336 336 333 327 326 331 329 326 321 317 315 310 302 298 285 272 262 249 240 230 228 212 200 188 181 174 168 171 172 164 157 151 145 140 140 -9999
-9999 -9999 -9999 -9999 -9999 -9999 -9999 -9999 -9999 -9999 -9999 216 212 207 205 204 216 226 219 214 214 212 213 216 218 220 225 230 235 242 254 278 280 296 312 323 332 336 338 342 342 340 339 337 336 338 337 322 321 320 316 290 286 285 267 282 258 248 235 223 222 220 209 198 187 179 169 162 162 168 161 153 144 140 136 137 -9999
-9999 -9999 -9999 -9999 -9999 -9999 -9999 -9999 -9999 -9999 -9999 223 221 218 219 224 228 217 215 223 219 220 224 228 230 232 236 240 244 249 259 282 290 307 325 333 342 347 349 349 350 350 352 350 347 347 335 324 325 308 307 297 278 286 258 245 246 236 230 231 227 211 203 193 184 173 163 158 155 163 159 147 138 137 134 131 -9999
-9999 -9999 -9999 -9999 -9999 -9999 -9999 -9999 -9999 -9999 -9999 -9999 231 233 230 229 227 226 226 235 232 232 232 235 238 242 246 249 256 262 272 288 305 318 331 342 349 353 354 359 362 362 360 358 350 324 309 309 302 290 288 282 260 260 239 215 229 234 234 228 208 201 193 180 175 170 162 156 151 153 150 134 139 140 135 130 -9999
-9999 -9999 -9999 -9999 -9999 -9999 -9999 -9999 -9999 -9999 -9999 -9999 240 241 241 242 242 240 238 247 248 247 244 246 249 252 255 260 265 272 293 298 317 335 344 353 358 362 368 373 369 370 370 364 348 328 316 316 314 291 274 274 259 244 232 231 237 223 221 209 199 193 189 175 172 164 156 149 144 141 138 127 132 131 129 125 -9999
-9999 -9999 -9999 -9999 -9999 -9999 -9999 -9999 -9999 -9999 -9999 -9999 246 252 253 252 255 254 253 261 263 262 259 259 259 266 281 269 281 297 302 309 324 344 355 362 369 376 380 380 383 385 384 380 371 340 309 333 337 328 316 301 291 268 252 248 243 218 214 211 199 185 179 169 163 158 151 141 135 131 126 125 125 129 128 -9999 -9999
-9999 -9999 -9999 -9999 -9999 -9999 -9999 -9999 -9999 -9999 -9999 -9999 -9999 265 267 267 264 263 263 272 277 279 272 273 270 274 292 285 287 294 304 320 334 345 356 367 375 381 389 388 384 366 374 359 360 373 363 327 311 339 303 268 276 265 250 233 249 221 211 201 202 184 179 173 162 154 144 135 129 124 120 122 128 130 127 -9999 -9999
-9999 -9999 -9999 -9999 -9999 -9999 -9999 -9999 -9999 -9999 -9999 -9999 -9999 277 279 279 274 274 274 282 284 295 290 286 280 284 293 304 298 305 314 331 343 351 365 370 375 378 384 387 401 391 364 342 330 327 337 311 316 337 279 258 257 249 247 242 244 223 216 208 205 192 185 177 164 151 144 138 130 122 120 132 132 125 126 -9999 -9999
-9999 -9999 -9999 -9999 -9999 -9999 -9999 -9999 -9999 -9999 -9999 -9999 -9999 288 291 290 287 287 288 291 293 289 297 293 295 296 307 313 312 324 326 341 352 363 370 378 379 387 396 402 406 406 389 344 321 328 321 322 341 332 297 289 255 257 245 235 248 222 208 202 193 182 176 166 157 145 138 129 122 118 112 114 113 121 124 -9999 -9999
-9999 -9999 -9999 -9999 -9999 -9999 -9999 -9999 -9999 -9999 -9999 -9999 -9999 -9999 300 301 296 297 302 308 310 301 300 306 309 315 323 316 329 340 337 351 360 369 376 381 384 392 402 398 398 400 398 388 380 344 317 351 350 327 318 300 283 266 248 231 232 245 207 195 190 187 172 163 161 152 147 137 121 113 109 107 117 126 122 -9999 -9999
-9999 -9999 -9999 -9999 -9999 -9999 -9999 -9999 -9999 -9999 -9999 -9999 -9999 -9999 304 305 305 303 308 316 312 313 320 322 315 324 330 335 337 344 348 355 366 371 378 383 391 397 401 399 401 400 397 392 389 384 371 369 357 335 276 267 248 249 248 246 224 238 204 198 183 182 178 171 163 146 139 137 125 110 104 107 118 127 126 -9999 -9999
-9999 -9999 -9999 -9999 -9999 -9999 -9999 -9999 -9999 -9999 -9999 -9999 -9999 -9999 308 309 312 315 317 329 330 328 329 332 330 336 344 345 348 352 358 364 368 372 381 389 384 396 405 409 411 409 405 398 386 377 366 366 348 343 325 295 265 280 273 244 246 239 211 193 193 186 176 164 157 146 133 128 116 108 105 105 122 132 121 -9999 -9999
-9999 -9999 -9999 -9999 -9999 -9999 -9999 -9999 -9999 -9999 -9999 -9999 -9999 -9999 312 315 318 325 334 337 337 337 334 336 340 342 347 349 352 356 363 366 369 373 380 391 394 399 403 404 408 405 395 374 352 327 335 346 337 340 337 327 313 295 278 257 236 216 210 205 187 180 179 168 157 145 135 127 119 112 107 105 120 130 90 -9999 -9999
-9999 -9999 -9999 -9999 -9999 -9999 -9999 -9999 -9999 -9999 -9999 -9999 -9999 -9999 320 322 327 330 333 337 339 341 344 341 342 346 353 353 357 366 374 379 378 382 388 392 400 405 403 381 370 379 376 348 338 311 329 313 305 305 287 317 299 276 281 248 235 223 209 202 195 186 176 172 165 155 144 131 123 120 116 112 112 114 88 -9999 -9999
-9999 -9999 -9999 -9999 -9999 -9999 -9999 -9999 -9999 -9999 -9999 -9999 -9999 -9999 322 328 333 336 337 338 341 343 350 349 349 350 356 359 363 365 373 371 385 386 391 385 389 402 410 406 392 387 365 338 324 275 289 302 308 302 281 285 297 270 280 251 233 227 222 210 198 191 182 168 154 147 139 129 123 118 120 123 115 117 106 -9999 -9999
-9999 -9999 -9999 -9999 -9999 -9999 -9999 -9999 -9999 -9999 -9999 -9999 -9999 -9999 328 335 346 345 346 341 339 342 344 350 351 357 359 360 361 365 369 375 385 383 389 396 391 404 405 403 409 400 386 336 327 323 310 297 294 297 274 272 281 262 277 258 233 224 208 199 188 179 171 162 153 146 141 133 127 120 116 121 118 114 107 -9999 -9999
-9999 -9999 -9999 -9999 -9999 -9999 -9999 -9999 -9999 -9999 -9999 -9999 -9999 -9999 -9999 341 346 349 348 343 344 343 345 350 353 363 368 369 371 375 377 379 382 387 391 397 398 400 401 403 403 394 390 364 335 326 313 295 280 281 264 265 276 260 266 234 227 218 204 199 183 175 167 158 156 150 143 139 129 122 125 122 118 105 104 -9999 -9999
-9999 -9999 -9999 -9999 -9999 -9999 -9999 -9999 -9999 -9999 -9999 -9999 -9999 -9999 -9999 351 350 344 343 344 347 347 351 359 364 366 366 362 371 374 383 388 391 390 391 394 399 401 403 405 404 397 386 381 367 350 313 291 274 270 282 268 269 259 251 233 222 218 208 201 190 179 173 164 152 145 139 131 124 120 124 122 117 102 91 -9999 -9999
-9999 -9999 -9999 -9999 -9999 -9999 -9999 -9999 -9999 -9999 -9999 -9999 -9999 -9999 -9999 353 348 345 343 345 349 351 352 360 368 372 372 372 378 372 374 385 394 396 395 396 396 396 401 403 388 362 340 342 367 367 326 310 302 271 270 263 262 254 247 215 215 223 216 202 192 172 160 156 149 145 142 135 126 120 119 125 117 93 83 -9999 -9999
-9999 -9999 -9999 -9999 -9999 -9999 -9999 -9999 -9999 -9999 -9999 -9999 -9999 -9999 -9999 -9999 352 348 344 346 350 349 355 361 366 375 379 381 386 390 392 394 397 398 397 396 391 392 396 393 377 369 344 324 319 352 328 336 303 288 263 269 262 253 251 177 175 200 206 206 196 186 169 158 152 148 142 134 124 121 116 106 99 89 84 -9999 -9999
-9999 -9999 -9999 -9999 -9999 -9999 -9999 -9999 -9999 -9999 -9999 -9999 -9999 -9999 -9999 -9999 357 353 349 348 353 353 360 366 374 379 382 387 392 394 393 394 396 398 397 394 390 390 392 354 338 348 330 327 345 340 355 338 280 299 275 268 261 259 249 217 203 201 191 190 184 185 178 167 155 149 142 132 121 120 116 109 103 93 86 -9999 -9999
-9999 -9999 -9999 -9999 -9999 -9999 -9999 -9999 -9999 -9999 -9999 -9999 -9999 -9999 -9999 -9999 362 359 360 359 361 362 369 376 382 381 385 389 392 396 398 399 399 399 399 394 394 396 391 375 335 342 351 324 349 354 327 346 300 301 274 273 255 256 242 239 225 204 200 193 187 179 173 168 158 150 138 135 124 118 115 113 107 96 88 -9999 -9999
-9999 -9999 -9999 -9999 -9999 -9999 -9999 -9999 -9999 -9999 -9999 -9999 -9999 -9999 -9999 -9999 -9999 368 367 363 363 368 374 380 389 394 397 399 399 397 395 401 394 393 375 363 354 351 351 379 379 372 341 349 361 321 301 326 321 299 275 267 264 240 236 246 235 229 213 200 189 181 173 163 156 149 142 134 127 123 116 108 101 94 -9999 -9999 -9999
-9999 -9999 -9999 -9999 -9999 -9999 -9999 -9999 -9999 -9999 -9999 -9999 -9999 -9999 -9999 -9999 -9999 363 369 364 374 378 385 387 398 403 406 405 402 393 395 397 380 388 386 388 381 357 331 356 377 373 361 358 363 336 312 299 299 303 278 273 265 254 251 235 220 217 209 198 193 179 171 162 152 145 141 137 134 125 118 109 103 96 -9999 -9999 -9999
-9999 -9999 -9999 -9999 -9999 -9999 -9999 -9999 -9999 -9999 -9999 -9999 -9999 -9999 -9999 -9999 -9999 -9999 357 360 366 373 376 391 407 408 406 405 399 397 397 399 396 391 378 370 389 386 354 337 363 374 364 354 356 344 312 297 289 297 272 273 249 250 245 233 230 215 201 200 188 179 172 161 151 148 140 134 129 125 117 114 105 98 -9999 -9999 -9999
-9999 -9999 -9999 -9999 -9999 -9999 -9999 -9999 -9999 -9999 -9999 -9999 -9999 -9999 -9999 -9999 -9999 -9999 348 341 353 363 350 365 407 409 406 404 402 396 395 389 383 374 353 346 343 373 384 379 377 368 324 312 324 327 326 315 306 293 263 262 246 234 230 223 216 212 215 201 189 182 171 165 156 149 142 132 128 121 115 114 107 101 -9999 -9999 -9999
-9999 -9999 -9999 -9999 -9999 -9999 -9999 -9999 -9999 -9999 -9999 -9999 -9999 -9999 -9999 -9999 -9999 -9999 342 339 344 341 345 374 405 397 396 402 398 394 390 378 366 359 343 339 338 337 338 358 359 335 323 280 316 309 324 306 298 307 272 275 244 235 233 236 212 205 202 196 193 180 174 164 153 147 146 137 129 124 115 114 107 100 -9999 -9999 -9999
