L_variabilis/M_variables/Set1/bio_13.asc
NCOLS 96 
NROWS 289 
XLLCORNER -75.2083333333333 
YLLCORNER -49.9166666666667 
CELLSIZE 0.0416666666666667 
NODATA_value -9999 
[rows 156 to 194 of 289, columns 0 to 87 of 96]
-9999 -9999 -9999 -9999 -9999 -9999 -9999 -9999 -9999 -9999 -9999 -9999 -9999 -9999 -9999 -9999 255 259 264 268 273 272 273 283 292 295 296 306 290 290 303 315 312 320 326 318 324 332 334 -9999 -9999 -9999 -9999 -9999 -9999 332 322 321 325 320 331 314 307 310 323 322 317 312 290 272 269 286 299 275 217 191 175 178 190 185 203 195 198 189 201 163 165 161 149 145 148 136 128 124 123 115 115 116
-9999 -9999 -9999 -9999 -9999 -9999 -9999 -9999 -9999 -9999 -9999 -9999 -9999 -9999 -9999 -9999 255 254 265 268 266 267 267 276 293 290 294 301 307 312 307 318 316 317 318 328 323 329 329 330 -9999 -9999 -9999 -9999 -9999 333 330 310 293 310 325 322 308 271 298 318 305 315 309 287 281 301 298 246 222 196 193 198 179 174 182 188 207 208 180 168 168 155 156 143 140 133 127 120 121 115 117 114
-9999 -9999 -9999 -9999 -9999 -9999 -9999 -9999 -9999 -9999 -9999 -9999 -9999 -9999 -9999 250 255 255 266 267 261 267 276 274 286 292 297 301 305 305 308 305 309 317 323 324 320 322 323 327 -9999 -9999 -9999 -9999 -9999 -9999 328 312 296 299 294 294 318 290 305 281 265 260 294 303 276 300 300 281 246 231 213 185 181 196 197 191 196 175 165 163 154 148 147 143 138 130 126 126 120 120 116 111
-9999 -9999 -9999 -9999 -9999 -9999 -9999 -9999 -9999 -9999 -9999 -9999 -9999 -9999 -9999 -9999 256 257 260 264 269 266 264 270 269 287 293 291 296 302 306 308 306 317 320 319 320 320 320 325 -9999 -9999 -9999 -9999 325 324 -9999 308 292 300 276 282 281 307 315 286 267 263 256 273 304 303 280 272 257 212 193 192 199 175 169 177 192 186 175 168 161 155 154 144 137 137 133 129 124 116 112 110
-9999 -9999 -9999 -9999 -9999 -9999 -9999 -9999 -9999 -9999 -9999 236 -9999 -9999 -9999 -9999 -9999 -9999 -9999 270 271 270 273 269 276 281 290 298 294 299 305 302 -9999 319 309 316 312 314 319 322 -9999 -9999 -9999 322 322 319 323 299 316 314 318 288 265 307 269 265 261 254 262 285 305 281 254 224 235 252 244 235 201 202 201 190 188 171 171 166 160 150 145 141 134 134 130 127 121 116 110 105
-9999 -9999 -9999 -9999 -9999 -9999 -9999 -9999 -9999 -9999 234 236 -9999 244 244 248 250 -9999 -9999 266 269 272 270 269 272 276 289 289 294 295 296 300 303 307 299 295 298 314 314 -9999 -9999 -9999 322 317 320 318 318 305 289 284 315 313 308 316 313 289 261 261 294 307 305 255 226 229 208 200 219 215 205 215 198 186 179 181 161 163 151 149 149 149 145 137 136 127 126 129 125 115
-9999 -9999 -9999 -9999 -9999 -9999 -9999 -9999 -9999 -9999 233 238 242 244 245 250 252 256 259 265 265 263 273 280 278 279 275 275 280 289 291 295 304 310 303 291 290 307 315 -9999 -9999 -9999 320 309 317 299 297 316 317 300 291 279 302 272 295 314 308 307 309 308 305 266 246 225 212 217 234 238 239 227 229 181 172 175 178 158 153 152 155 143 145 146 144 139 133 124 114 109
-9999 -9999 -9999 -9999 -9999 -9999 -9999 -9999 -9999 -9999 233 -9999 242 245 248 249 255 256 259 261 261 267 268 272 271 270 269 276 279 292 285 286 298 307 301 283 291 303 312 315 -9999 -9999 321 302 309 306 294 282 304 299 263 247 288 279 251 258 278 302 309 306 288 255 226 244 262 265 222 215 218 226 204 208 187 177 194 176 186 170 158 150 147 140 132 124 121 116 111 107
-9999 -9999 -9999 -9999 -9999 -9999 -9999 -9999 -9999 -9999 -9999 -9999 -9999 -9999 -9999 252 254 253 260 265 264 266 267 267 278 277 278 279 285 291 297 293 297 300 306 301 299 302 309 314 -9999 323 319 292 310 299 296 282 301 296 278 260 259 267 256 280 301 305 306 305 299 274 242 261 214 230 207 195 207 199 193 201 215 202 205 166 164 156 153 143 134 132 129 127 123 115 111 108
-9999 -9999 -9999 -9999 -9999 -9999 -9999 -9999 -9999 -9999 -9999 -9999 -9999 -9999 -9999 -9999 254 253 257 268 269 268 266 272 275 274 280 285 287 290 294 297 294 299 308 298 286 294 296 308 -9999 -9999 317 315 286 306 310 282 311 288 296 285 276 276 292 311 311 311 295 269 300 294 274 239 220 213 203 193 191 185 180 206 202 168 180 155 156 151 143 146 136 131 128 124 119 114 111 106
-9999 -9999 -9999 -9999 -9999 -9999 -9999 -9999 -9999 -9999 -9999 -9999 -9999 -9999 -9999 -9999 -9999 254 254 256 260 267 269 272 288 283 282 272 284 280 284 281 277 284 302 297 279 283 299 307 -9999 -9999 -9999 306 308 302 300 296 309 307 283 263 264 304 315 314 305 270 238 246 279 284 236 229 222 212 215 203 194 198 179 212 181 165 165 162 157 144 139 135 128 128 121 109 111 110 105 -9999
-9999 -9999 -9999 -9999 -9999 -9999 -9999 -9999 -9999 -9999 -9999 -9999 -9999 -9999 -9999 -9999 -9999 -9999 262 264 262 266 270 271 275 279 284 287 272 287 292 292 293 287 294 299 302 297 302 -9999 -9999 -9999 -9999 313 290 283 272 283 283 270 273 261 292 313 311 290 249 237 240 271 279 267 223 226 221 238 202 193 197 206 179 204 180 165 163 154 152 140 133 126 126 116 111 106 103 105 103 -9999
-9999 -9999 -9999 -9999 -9999 -9999 -9999 -9999 -9999 -9999 -9999 -9999 -9999 -9999 -9999 -9999 -9999 -9999 257 262 266 269 268 274 267 263 272 283 275 280 285 285 285 287 290 295 298 304 305 -9999 -9999 -9999 -9999 -9999 -9999 308 288 275 266 288 282 301 280 297 296 243 248 244 250 243 233 249 271 258 267 239 202 198 190 202 179 171 203 168 152 144 140 137 129 126 123 120 118 115 111 103 -9999 -9999
-9999 -9999 -9999 -9999 -9999 -9999 -9999 -9999 -9999 -9999 -9999 -9999 -9999 242 245 -9999 -9999 -9999 250 254 262 266 262 272 269 267 270 280 268 272 273 282 278 267 274 293 298 -9999 -9999 -9999 301 301 307 -9999 309 310 310 298 302 313 307 271 254 299 273 236 238 244 219 244 232 221 225 225 244 258 264 220 188 226 175 184 196 206 168 150 149 144 133 133 123 121 116 113 114 112 -9999 -9999
-9999 -9999 -9999 -9999 -9999 -9999 -9999 -9999 -9999 -9999 -9999 -9999 -9999 -9999 243 -9999 -9999 -9999 -9999 260 259 265 259 257 265 267 268 270 278 272 276 284 287 288 288 284 289 293 -9999 -9999 -9999 302 303 -9999 279 283 274 290 278 307 267 256 264 301 270 242 241 224 219 229 228 225 216 221 216 249 225 228 217 226 218 219 214 211 200 169 155 142 142 129 120 115 114 113 109 107 -9999 -9999
-9999 -9999 -9999 -9999 -9999 -9999 -9999 -9999 -9999 -9999 -9999 -9999 -9999 -9999 -9999 -9999 -9999 -9999 -9999 260 257 255 257 264 271 268 274 274 272 272 281 271 276 284 286 289 286 293 -9999 302 301 302 302 -9999 274 269 266 266 289 275 267 254 270 274 262 241 241 220 229 213 221 239 234 237 254 254 196 191 187 183 170 167 211 189 190 157 150 157 150 134 126 117 113 106 107 -9999 -9999 -9999
-9999 -9999 -9999 -9999 -9999 -9999 -9999 -9999 -9999 -9999 -9999 -9999 -9999 -9999 -9999 -9999 -9999 -9999 254 257 255 260 265 257 263 264 262 259 265 264 268 264 263 277 277 285 287 -9999 292 296 298 300 302 298 288 268 281 262 268 257 260 254 237 218 251 242 226 231 228 206 204 208 202 205 241 198 196 197 182 174 187 163 177 191 183 160 143 140 137 139 135 125 114 111 109 -9999 -9999 -9999
-9999 -9999 -9999 -9999 -9999 -9999 -9999 -9999 -9999 -9999 -9999 -9999 -9999 -9999 -9999 -9999 -9999 -9999 258 252 257 262 256 256 250 261 260 254 264 265 259 266 266 274 278 279 284 -9999 -9999 295 296 299 298 271 297 297 260 252 219 223 251 256 251 253 264 260 239 233 218 218 218 219 207 226 202 189 179 182 188 196 185 204 196 212 179 152 141 128 125 125 124 116 122 107 -9999 -9999 -9999 -9999
-9999 -9999 -9999 -9999 -9999 -9999 -9999 -9999 -9999 -9999 -9999 -9999 -9999 -9999 -9999 -9999 250 250 -9999 256 255 258 254 257 249 264 253 267 263 258 264 263 269 260 256 270 284 -9999 -9999 292 296 298 298 273 282 296 274 258 248 207 235 241 259 263 258 242 237 231 223 216 217 207 254 221 185 194 194 187 177 169 166 166 160 208 180 166 151 148 142 149 144 116 118 108 -9999 -9999 -9999 -9999
-9999 -9999 -9999 -9999 -9999 -9999 -9999 -9999 -9999 -9999 -9999 -9999 -9999 -9999 -9999 246 244 252 -9999 253 252 258 263 264 260 263 -9999 271 260 265 258 257 254 272 273 280 285 -9999 290 292 294 290 294 292 278 296 294 278 255 230 225 243 227 257 237 247 223 226 222 226 201 221 256 185 192 183 179 177 203 183 155 162 201 199 173 158 154 153 153 133 143 142 115 -9999 -9999 -9999 -9999 -9999
-9999 -9999 -9999 -9999 -9999 -9999 -9999 -9999 -9999 -9999 -9999 -9999 -9999 241 241 248 247 251 252 247 248 255 257 256 263 268 264 258 263 263 256 258 270 273 275 281 286 -9999 289 290 291 278 291 269 250 274 296 290 264 238 239 234 241 241 231 228 250 240 222 213 205 250 198 190 189 178 181 173 167 180 202 205 169 148 146 150 148 141 143 126 121 137 135 -9999 -9999 -9999 -9999 -9999
-9999 -9999 -9999 -9999 -9999 -9999 -9999 -9999 -9999 -9999 -9999 -9999 -9999 239 242 244 -9999 245 250 253 245 252 257 256 264 261 258 245 253 260 262 261 261 264 275 280 281 286 286 279 268 281 294 273 257 264 293 296 288 258 262 232 254 226 230 225 227 244 255 225 217 252 188 187 197 179 175 176 166 196 196 204 189 175 166 142 129 128 125 130 121 109 -9999 -9999 -9999 -9999 -9999 -9999
-9999 -9999 -9999 -9999 -9999 -9999 -9999 -9999 -9999 -9999 -9999 -9999 -9999 -9999 241 245 241 240 243 245 251 251 259 246 261 264 264 254 258 258 257 262 254 253 274 275 274 -9999 -9999 279 281 287 286 283 280 291 289 278 268 269 277 249 260 237 238 216 231 215 219 261 255 236 212 192 186 182 205 213 200 170 153 170 148 155 173 176 140 122 118 117 114 119 -9999 -9999 -9999 -9999 -9999 -9999
-9999 -9999 -9999 -9999 -9999 -9999 -9999 -9999 -9999 -9999 -9999 -9999 -9999 -9999 242 245 244 237 241 241 241 247 252 254 250 256 265 263 260 246 248 265 265 266 274 274 -9999 -9999 277 271 261 269 288 285 287 272 258 250 251 270 -9999 290 255 235 227 213 225 226 214 239 285 267 262 235 222 236 245 204 174 168 154 153 144 139 141 159 166 147 136 130 119 -9999 -9999 -9999 -9999 -9999 -9999 -9999
-9999 -9999 -9999 -9999 -9999 -9999 -9999 -9999 -9999 -9999 -9999 -9999 -9999 -9999 -9999 -9999 -9999 -9999 244 244 243 239 250 253 253 258 260 258 249 257 247 255 257 263 273 274 -9999 -9999 278 276 280 -9999 285 283 264 278 253 244 245 257 277 284 276 244 238 232 266 286 263 259 289 278 275 266 241 259 217 177 168 164 161 154 151 136 132 147 160 145 131 116 108 -9999 -9999 -9999 -9999 -9999 -9999 -9999
-9999 -9999 -9999 -9999 -9999 -9999 -9999 -9999 -9999 -9999 -9999 -9999 -9999 -9999 -9999 -9999 244 235 238 240 248 250 -9999 -9999 -9999 258 259 259 259 258 259 261 263 265 273 -9999 276 272 275 276 -9999 276 252 267 253 258 247 249 249 246 270 248 272 288 288 279 284 286 279 276 240 206 258 217 225 238 255 234 195 169 154 184 149 137 132 147 151 130 116 115 109 -9999 -9999 -9999 -9999 -9999 -9999 -9999
-9999 -9999 -9999 -9999 -9999 -9999 -9999 -9999 -9999 -9999 -9999 -9999 -9999 -9999 -9999 -9999 238 234 240 241 237 241 248 255 253 259 259 252 244 252 255 259 259 264 271 270 265 269 270 267 -9999 263 242 266 241 255 238 241 241 264 247 233 251 264 266 256 279 246 234 249 252 253 253 212 205 204 223 196 189 203 202 188 163 159 151 160 149 138 129 119 -9999 -9999 -9999 -9999 -9999 -9999 -9999 -9999
-9999 -9999 -9999 -9999 -9999 -9999 -9999 -9999 -9999 -9999 -9999 -9999 -9999 -9999 -9999 -9999 240 236 233 232 235 238 237 245 254 -9999 249 252 247 251 258 261 253 259 265 258 246 250 271 265 274 249 238 259 240 239 231 231 263 255 244 226 235 256 220 228 224 221 207 255 268 244 243 217 184 176 176 196 174 159 155 154 158 185 183 158 132 123 131 141 -9999 -9999 -9999 -9999 -9999 -9999 -9999 -9999
-9999 -9999 -9999 -9999 -9999 -9999 -9999 -9999 -9999 228 228 230 -9999 -9999 -9999 -9999 238 237 233 233 235 237 242 244 255 251 246 252 244 251 256 260 259 262 265 259 249 251 258 264 267 241 246 241 243 232 231 258 261 237 235 240 214 246 222 195 211 202 230 237 211 230 200 229 215 208 168 183 160 162 161 148 145 169 182 183 171 163 149 -9999 -9999 -9999 -9999 -9999 -9999 -9999 -9999 -9999
-9999 -9999 -9999 -9999 -9999 -9999 -9999 -9999 225 227 229 -9999 -9999 -9999 233 234 230 236 238 230 230 231 232 238 247 251 254 248 239 238 242 242 257 262 263 261 258 256 261 264 258 233 238 238 258 246 261 246 219 216 220 221 218 252 202 190 201 227 228 188 192 186 233 225 227 227 189 168 156 150 147 155 166 186 184 144 133 129 118 -9999 -9999 -9999 -9999 -9999 -9999 -9999 -9999 -9999
-9999 -9999 -9999 -9999 -9999 -9999 -9999 -9999 221 224 228 -9999 232 229 227 231 230 235 236 237 234 232 230 238 245 -9999 253 240 233 235 237 252 257 260 257 238 244 245 261 264 243 241 233 236 261 266 261 254 249 255 242 229 237 237 204 213 245 244 198 199 200 201 225 200 219 221 198 184 170 166 149 150 176 187 182 144 122 123 -9999 -9999 -9999 -9999 -9999 -9999 -9999 -9999 -9999 -9999
-9999 -9999 -9999 -9999 -9999 -9999 -9999 -9999 225 228 225 228 233 228 230 230 236 229 234 230 236 239 234 243 246 248 250 240 238 228 229 248 -9999 257 256 250 243 237 249 -9999 251 235 233 255 259 247 243 259 254 232 222 223 229 225 220 235 219 212 189 183 190 177 218 194 182 199 185 188 179 191 181 181 184 182 178 166 149 142 -9999 -9999 -9999 -9999 -9999 -9999 -9999 -9999 -9999 -9999
-9999 -9999 -9999 -9999 -9999 -9999 -9999 -9999 223 222 -9999 228 230 227 227 228 232 235 231 233 229 240 234 237 246 247 248 249 245 243 248 255 -9999 257 254 254 258 237 241 260 239 239 246 245 236 229 216 231 250 217 212 222 246 239 209 202 196 193 181 174 179 174 181 218 171 156 151 152 159 166 178 175 179 179 173 163 151 -9999 -9999 -9999 -9999 -9999 -9999 -9999 -9999 -9999 -9999 -9999
-9999 -9999 -9999 -9999 -9999 -9999 -9999 -9999 -9999 -9999 -9999 227 230 226 231 232 226 226 225 224 237 237 230 236 235 237 247 247 243 239 249 252 249 247 255 245 256 253 254 249 249 250 252 240 228 223 225 218 223 213 214 245 232 200 201 185 189 185 185 170 172 174 200 181 175 190 185 185 171 170 171 162 174 170 161 147 146 -9999 -9999 -9999 -9999 -9999 -9999 -9999 -9999 -9999 -9999 -9999
-9999 -9999 -9999 -9999 -9999 -9999 -9999 -9999 -9999 -9999 228 227 227 235 -9999 226 224 232 237 229 230 238 239 241 241 240 241 243 244 234 240 252 249 248 251 247 249 252 255 254 242 234 226 226 219 221 208 204 214 235 241 234 228 211 203 199 201 192 175 187 197 192 195 193 182 172 178 166 139 135 133 153 129 138 142 145 -9999 -9999 -9999 -9999 -9999 -9999 -9999 -9999 -9999 -9999 -9999 -9999
-9999 -9999 -9999 -9999 -9999 -9999 -9999 -9999 226 226 222 226 229 225 228 232 229 234 228 229 228 229 237 224 226 227 234 243 245 236 246 250 247 247 246 244 238 -9999 -9999 252 247 241 237 231 216 210 210 225 239 230 222 216 199 190 197 199 189 200 190 201 189 161 168 151 158 156 146 162 161 135 145 120 119 111 116 137 -9999 -9999 -9999 -9999 -9999 -9999 -9999 -9999 -9999 -9999 -9999 -9999
-9999 -9999 -9999 -9999 -9999 -9999 -9999 224 224 224 227 226 230 231 234 230 230 234 234 226 225 228 230 229 229 231 236 241 246 237 245 241 242 245 248 247 246 247 -9999 232 231 234 237 237 243 244 237 222 209 205 197 201 187 179 161 164 184 181 176 172 167 181 157 148 155 146 136 135 143 160 132 126 127 117 127 112 -9999 -9999 -9999 -9999 -9999 -9999 -9999 -9999 -9999 -9999 -9999 -9999
-9999 -9999 -9999 -9999 -9999 -9999 -9999 225 226 228 230 228 233 238 242 245 241 232 230 236 230 228 233 242 234 234 235 234 231 243 244 241 242 240 245 244 242 248 242 236 226 220 225 222 238 223 226 223 203 196 207 188 169 168 160 162 168 165 152 160 153 150 159 146 151 150 148 149 141 139 137 144 133 131 116 -9999 -9999 -9999 -9999 -9999 -9999 -9999 -9999 -9999 -9999 -9999 -9999 -9999
-9999 -9999 -9999 -9999 -9999 -9999 -9999 228 228 232 230 229 235 239 243 245 245 239 231 234 231 231 232 239 239 239 234 228 237 241 243 237 239 240 231 222 233 244 237 219 223 223 223 228 222 209 205 215 231 228 212 195 189 172 172 181 182 182 173 145 162 148 153 144 131 133 136 126 131 127 129 125 112 119 108 -9999 -9999 -9999 -9999 -9999 -9999 -9999 -9999 -9999 -9999 -9999 -9999 -9999
