L_variabilis/M_variables/Set1/bio_4.asc
NCOLS 96 
NROWS 289 
XLLCORNER -75.2083333333333 
YLLCORNER -49.9166666666667 
CELLSIZE 0.0416666666666667 
NODATA_value -9999 
[rows 161 to 183 of 289, columns 0 to 50 of 96]
-9999 -9999 -9999 -9999 -9999 -9999 -9999 -9999 -9999 -9999 333.697875976562 335.782135009766 -9999 327.579711914062 335.081970214844 340.00390625 336.048248291016 -9999 -9999 326.044189453125 330.593414306641 329.921203613281 336.677764892578 339.300323486328 340.331512451172 341.805053710938 341.898406982422 339.739929199219 337.286315917969 332.904602050781 329.775573730469 331.985626220703 332.322875976562 332.164916992188 337.279693603516 342.031677246094 345.610107421875 345.936981201172 345.580169677734 -9999 -9999 -9999 333.220062255859 336.334503173828 341.329437255859 343.568572998047 343.738159179688 346.299041748047 349.191925048828 351.659210205078 350.991851806641
-9999 -9999 -9999 -9999 -9999 -9999 -9999 -9999 -9999 -9999 330.225891113281 329.743713378906 323.867706298828 328.173156738281 334.140289306641 337.518890380859 337.618286132812 337.812622070312 338.381774902344 332.765228271484 338.550323486328 335.691284179688 339.184387207031 340.529510498047 342.219177246094 343.800323486328 343.262603759766 342.729949951172 340.475341796875 339.412689208984 340.14892578125 340.635681152344 341.002044677734 333.066955566406 337.830474853516 343.50244140625 346.8388671875 346.844970703125 346.141662597656 -9999 -9999 -9999 338.555877685547 341.991424560547 345.565643310547 347.121124267578 348.503265380859 349.290008544922 350.669464111328 352.438415527344 353.883453369141
-9999 -9999 -9999 -9999 -9999 -9999 -9999 -9999 -9999 -9999 324.969390869141 -9999 323.974761962891 328.965942382812 334.258178710938 337.203216552734 336.147033691406 337.549591064453 339.098480224609 331.568267822266 337.691864013672 342.123565673828 340.816772460938 340.836273193359 341.463073730469 342.457916259766 343.329193115234 344.899566650391 344.278350830078 341.72705078125 340.952239990234 342.12109375 339.760375976562 332.443389892578 335.508483886719 341.47314453125 344.339263916016 342.960418701172 340.334503173828 340.217132568359 -9999 -9999 339.938385009766 342.788604736328 346.983947753906 349.338287353516 351.54345703125 353.767608642578 352.587951660156 352.445037841797 356.522308349609
-9999 -9999 -9999 -9999 -9999 -9999 -9999 -9999 -9999 -9999 -9999 -9999 -9999 -9999 -9999 335.591979980469 334.744262695312 337.411651611328 341.306640625 342.882171630859 332.869812011719 339.481048583984 342.712371826172 342.093933105469 343.475280761719 343.691833496094 342.966278076172 343.949829101562 342.606811523438 336.041229248047 332.410552978516 333.310485839844 336.133178710938 337.029113769531 330.410064697266 335.044647216797 341.718231201172 340.802154541016 340.597259521484 340.734375 -9999 320.528411865234 338.092041015625 341.431335449219 345.374267578125 349.019653320312 350.864837646484 352.992462158203 353.146270751953 353.392974853516 355.021331787109
-9999 -9999 -9999 -9999 -9999 -9999 -9999 -9999 -9999 -9999 -9999 -9999 -9999 -9999 -9999 -9999 332.404296875 336.174468994141 338.561645507812 341.046630859375 332.805419921875 337.806335449219 339.422668457031 340.652160644531 340.723541259766 341.522277832031 342.282623291016 342.520721435547 341.486114501953 340.6943359375 337.209381103516 334.836090087891 338.654693603516 342.141296386719 322.22119140625 329.802062988281 339.263702392578 343.457855224609 344.706512451172 336.268157958984 -9999 -9999 335.87255859375 340.739562988281 344.440002441406 347.183166503906 349.616668701172 352.331268310547 352.543395996094 353.796844482422 353.820434570312
-9999 -9999 -9999 -9999 -9999 -9999 -9999 -9999 -9999 -9999 -9999 -9999 -9999 -9999 -9999 -9999 -9999 334.41162109375 334.841033935547 337.707153320312 340.829254150391 339.381561279297 333.14501953125 334.693664550781 325.994750976562 330.29443359375 332.728546142578 335.250610351562 341.610321044922 344.812072753906 342.634948730469 337.854644775391 342.693878173828 341.309906005859 328.578399658203 329.595825195312 336.958435058594 343.42041015625 347.009826660156 348.425842285156 -9999 -9999 -9999 340.158721923828 342.153717041016 345.383483886719 349.077392578125 353.025390625 352.06689453125 353.123565673828 355.325866699219
-9999 -9999 -9999 -9999 -9999 -9999 -9999 -9999 -9999 -9999 -9999 -9999 -9999 -9999 -9999 -9999 -9999 -9999 331.807220458984 334.718200683594 339.755676269531 339.698974609375 338.60986328125 330.183776855469 332.232482910156 337.951049804688 336.448699951172 329.301605224609 337.634490966797 345.060272216797 345.114166259766 332.192749023438 340.813659667969 343.484527587891 343.296020507812 329.147552490234 332.021667480469 335.171295166016 342.237518310547 -9999 -9999 -9999 -9999 339.548217773438 342.586853027344 345.818786621094 352.492706298828 355.799346923828 355.322814941406 357.621704101562 357.486907958984
-9999 -9999 -9999 -9999 -9999 -9999 -9999 -9999 -9999 -9999 -9999 -9999 -9999 -9999 -9999 -9999 -9999 -9999 334.175445556641 336.098480224609 339.298614501953 340.749542236328 338.580810546875 337.022399902344 338.413055419922 342.462707519531 344.273101806641 345.675842285156 343.260498046875 340.679779052734 339.719024658203 333.841796875 338.997283935547 344.396087646484 344.3720703125 339.564239501953 327.820770263672 325.508148193359 328.094543457031 -9999 -9999 -9999 -9999 -9999 -9999 343.763916015625 347.898193359375 351.854431152344 355.020568847656 355.734710693359 356.539093017578
-9999 -9999 -9999 -9999 -9999 -9999 -9999 -9999 -9999 -9999 -9999 -9999 -9999 326.324127197266 326.533660888672 -9999 -9999 -9999 332.275543212891 335.425384521484 341.157836914062 341.638305664062 337.615844726562 340.261505126953 343.048065185547 345.496978759766 347.3759765625 348.214660644531 345.380187988281 343.914306640625 340.922241210938 336.674499511719 337.449188232422 342.106018066406 342.40869140625 342.416778564453 325.174499511719 -9999 -9999 -9999 332.336120605469 332.524108886719 333.870788574219 -9999 339.627685546875 344.456176757812 344.518646240234 347.837768554688 351.147583007812 351.900146484375 354.825805664062
-9999 -9999 -9999 -9999 -9999 -9999 -9999 -9999 -9999 -9999 -9999 -9999 -9999 -9999 329.017547607422 -9999 -9999 -9999 -9999 330.640655517578 332.685729980469 339.748687744141 341.840393066406 343.338562011719 345.239288330078 345.768371582031 345.649322509766 345.571716308594 346.005889892578 345.427642822266 342.241729736328 336.457672119141 337.139739990234 337.331604003906 331.223510742188 327.688171386719 331.648406982422 332.610443115234 -9999 -9999 -9999 330.160858154297 334.089111328125 -9999 345.032104492188 349.649108886719 352.473205566406 353.824676513672 354.680816650391 355.7744140625 359.710510253906
-9999 -9999 -9999 -9999 -9999 -9999 -9999 -9999 -9999 -9999 -9999 -9999 -9999 -9999 -9999 -9999 -9999 -9999 -9999 327.418151855469 332.789306640625 338.226379394531 341.456207275391 343.487121582031 342.626525878906 340.791748046875 342.665100097656 341.994506835938 340.591949462891 339.735076904297 341.049591064453 342.484527587891 343.933990478516 342.674194335938 336.419158935547 329.346496582031 333.601806640625 337.435699462891 -9999 328.322174072266 331.715728759766 332.483612060547 334.442657470703 -9999 347.890350341797 356.172821044922 359.367340087891 359.975189208984 358.777893066406 359.79345703125 361.084075927734
-9999 -9999 -9999 -9999 -9999 -9999 -9999 -9999 -9999 -9999 -9999 -9999 -9999 -9999 -9999 -9999 -9999 -9999 331.041442871094 333.798614501953 336.905059814453 342.064727783203 342.269104003906 331.697662353516 337.13037109375 341.546783447266 343.837493896484 343.585540771484 345.808654785156 347.128387451172 347.927551269531 349.130065917969 350.778015136719 349.957092285156 346.625732421875 344.142608642578 349.95751953125 -9999 324.541625976562 325.830841064453 329.401397705078 334.396240234375 338.059020996094 342.334777832031 348.056945800781 354.258728027344 356.792022705078 360.588928222656 364.877105712891 367.501342773438 369.481079101562
-9999 -9999 -9999 -9999 -9999 -9999 -9999 -9999 -9999 -9999 -9999 -9999 -9999 -9999 -9999 -9999 -9999 -9999 334.734191894531 334.645080566406 339.846405029297 341.250274658203 339.295196533203 332.924987792969 337.773132324219 344.194061279297 345.480072021484 346.155120849609 349.895538330078 352.205871582031 351.950134277344 353.526489257812 353.567565917969 352.785491943359 352.143432617188 350.872741699219 351.9697265625 -9999 -9999 328.577026367188 330.128112792969 334.720611572266 342.2392578125 347.419982910156 347.884735107422 349.554809570312 354.786895751953 362.298400878906 369.336364746094 371.865844726562 378.675628662109
-9999 -9999 -9999 -9999 -9999 -9999 -9999 -9999 -9999 -9999 -9999 -9999 -9999 -9999 -9999 -9999 331.372528076172 333.292816162109 -9999 331.818389892578 337.316192626953 340.117034912109 339.841796875 333.891052246094 338.698516845703 344.461975097656 344.11474609375 346.330505371094 349.375671386719 352.097320556641 353.447448730469 354.556335449219 354.506103515625 352.544738769531 352.537384033203 353.2998046875 353.726715087891 -9999 -9999 334.241546630859 330.031463623047 331.736907958984 345.001861572266 347.773834228516 347.581878662109 344.831329345703 352.521667480469 358.776153564453 364.815093994141 369.290283203125 377.642639160156
-9999 -9999 -9999 -9999 -9999 -9999 -9999 -9999 -9999 -9999 -9999 -9999 -9999 -9999 -9999 332.357208251953 332.385772705078 337.487701416016 -9999 333.730743408203 338.7109375 342.964752197266 343.856872558594 334.653503417969 339.331817626953 341.583587646484 -9999 344.269134521484 346.832611083984 351.343414306641 352.696258544922 352.861663818359 351.893920898438 351.858276367188 352.480682373047 354.998382568359 353.901947021484 -9999 327.781494140625 328.174194335938 329.869995117188 333.416320800781 342.733001708984 346.493957519531 347.180938720703 347.243957519531 351.373229980469 355.402313232422 358.621368408203 363.076385498047 369.05615234375
-9999 -9999 -9999 -9999 -9999 -9999 -9999 -9999 -9999 -9999 -9999 -9999 -9999 325.321228027344 330.257873535156 333.79541015625 336.727264404297 341.040283203125 330.689086914062 333.158660888672 338.942504882812 344.719482421875 344.350006103516 339.765869140625 342.8447265625 342.023712158203 345.757354736328 345.785369873047 347.123474121094 350.784118652344 350.038360595703 350.410827636719 351.035217285156 350.570404052734 348.887878417969 351.047515869141 352.5205078125 -9999 335.108520507812 332.300384521484 335.707733154297 337.198944091797 343.639282226562 347.557037353516 349.439331054688 349.532653808594 350.406188964844 354.031219482422 351.694244384766 355.468627929688 360.080139160156
-9999 -9999 -9999 -9999 -9999 -9999 -9999 -9999 -9999 -9999 -9999 -9999 -9999 326.047760009766 328.333984375 330.571197509766 -9999 333.952453613281 334.483123779297 340.186431884766 339.489105224609 342.510375976562 343.609588623047 344.325378417969 346.975463867188 340.698547363281 344.797637939453 348.374938964844 350.028930664062 350.242126464844 350.308685302734 351.287902832031 352.218780517578 351.195831298828 347.179229736328 343.974945068359 345.228790283203 331.645050048828 331.861022949219 334.764953613281 340.349761962891 342.505401611328 343.803619384766 347.077117919922 348.383605957031 347.192321777344 345.431823730469 345.282867431641 345.604064941406 351.267944335938 353.676177978516
-9999 -9999 -9999 -9999 -9999 -9999 -9999 -9999 -9999 -9999 -9999 -9999 -9999 -9999 329.91552734375 331.123107910156 333.97314453125 338.092559814453 343.801788330078 345.625335693359 346.328430175781 342.779174804688 342.391357421875 341.410797119141 343.670166015625 342.574829101562 342.657104492188 345.826232910156 348.712890625 350.058685302734 352.069580078125 353.404357910156 353.672119140625 352.464904785156 350.169403076172 339.40966796875 337.762237548828 -9999 -9999 335.798461914062 341.174163818359 343.323272705078 340.887878417969 342.165557861328 343.942077636719 341.808898925781 348.982757568359 351.593688964844 355.299591064453 358.326599121094 350.772918701172
-9999 -9999 -9999 -9999 -9999 -9999 -9999 -9999 -9999 -9999 -9999 -9999 -9999 -9999 334.603271484375 328.333129882812 334.343811035156 339.240997314453 344.156646728516 345.184692382812 345.218536376953 344.827514648438 342.405334472656 339.981689453125 338.769989013672 339.773345947266 336.891632080078 338.183959960938 344.76025390625 350.365753173828 351.8193359375 352.776245117188 352.79833984375 350.516326904297 347.413909912109 337.926971435547 -9999 -9999 329.154968261719 335.985473632812 342.821624755859 344.78369140625 340.516540527344 339.224792480469 347.340789794922 349.704467773438 353.091613769531 358.411560058594 364.077453613281 362.254547119141 -9999
-9999 -9999 -9999 -9999 -9999 -9999 -9999 -9999 -9999 -9999 -9999 -9999 -9999 -9999 -9999 -9999 -9999 -9999 341.097290039062 341.118316650391 340.586669921875 341.943634033203 342.240844726562 341.150482177734 336.497009277344 328.912078857422 333.689147949219 334.537414550781 339.51904296875 347.115600585938 347.898681640625 349.478118896484 348.157012939453 343.084625244141 335.059600830078 328.564117431641 -9999 -9999 347.093994140625 338.608673095703 338.859771728516 -9999 347.762054443359 347.736785888672 349.878784179688 352.793884277344 354.953735351562 360.829315185547 365.114440917969 362.536773681641 358.808624267578
-9999 -9999 -9999 -9999 -9999 -9999 -9999 -9999 -9999 -9999 -9999 -9999 -9999 -9999 -9999 -9999 331.603942871094 331.937255859375 334.309295654297 336.185333251953 337.267120361328 339.276672363281 -9999 -9999 -9999 328.178955078125 332.941955566406 333.884094238281 339.321380615234 345.499877929688 345.734497070312 347.835998535156 347.728149414062 342.358825683594 343.653228759766 -9999 339.097717285156 343.314392089844 348.453491210938 348.644226074219 -9999 342.489196777344 347.534606933594 351.930847167969 355.373352050781 359.716552734375 360.944915771484 364.749084472656 366.306701660156 363.198669433594 359.767333984375
-9999 -9999 -9999 -9999 -9999 -9999 -9999 -9999 -9999 -9999 -9999 -9999 -9999 -9999 -9999 -9999 332.49853515625 336.290283203125 338.6298828125 339.731658935547 341.945220947266 343.456878662109 345.829315185547 330.6337890625 332.689544677734 329.473510742188 331.396759033203 337.268859863281 343.444152832031 348.57421875 349.60595703125 348.624603271484 345.019409179688 343.358673095703 342.448120117188 337.136108398438 343.024139404297 349.837646484375 351.477508544922 349.957855224609 -9999 340.013885498047 349.158660888672 355.076263427734 359.614959716797 363.827270507812 365.095642089844 367.875091552734 366.720336914062 361.384307861328 361.611663818359
-9999 -9999 -9999 -9999 -9999 -9999 -9999 -9999 -9999 -9999 -9999 -9999 -9999 -9999 -9999 -9999 337.013977050781 341.360168457031 339.338287353516 342.026763916016 344.626983642578 344.449157714844 343.341430664062 339.809173583984 331.396606445312 -9999 330.432067871094 339.155670166016 344.717681884766 346.550354003906 347.957611083984 347.746612548828 345.561737060547 343.464477539062 337.897918701172 341.306793212891 348.633605957031 352.166259765625 353.000061035156 351.488342285156 333.949920654297 340.47412109375 351.708892822266 358.509002685547 362.190856933594 365.4111328125 367.363983154297 366.772277832031 361.393646240234 360.260070800781 362.115509033203
