L_variabilis/M_variables/Set1/bio_2.asc
NCOLS 96 
NROWS 289 
XLLCORNER -75.2083333333333 
YLLCORNER -49.9166666666667 
CELLSIZE 0.0416666666666667 
NODATA_value -9999 
[rows 184 to 206 of 289, columns 0 to 50 of 96]
-9999 -9999 -9999 -9999 -9999 -9999 -9999 -9999 -9999 4.40416669845581 4.43333339691162 4.44166660308838 -9999 -9999 -9999 -9999 4.68277788162231 4.82708311080933 4.93442010879517 5.00233364105225 5.03298616409302 5.07453680038452 5.08872556686401 5.11083364486694 4.83750009536743 4.84166669845581 5.02806997299194 5.16666650772095 5.41083335876465 5.56847810745239 5.58958339691162 5.38194417953491 5.39351844787598 5.43333339691162 5.58030271530151 5.83999967575073 5.96866655349731 6.11033344268799 6.15566682815552 6.12857151031494 5.73666667938232 6.1013331413269 6.44833326339722 6.58066654205322 6.4229998588562 6.43499994277954 6.46233320236206 6.31133317947388 6.34566688537598 6.51766681671143 6.57866668701172
-9999 -9999 -9999 -9999 -9999 -9999 -9999 -9999 4.31145858764648 4.50064134597778 4.55416679382324 -9999 -9999 -9999 4.62435913085938 4.70515871047974 4.71535062789917 4.78281259536743 4.92631578445435 5.01200008392334 5.06733322143555 5.06066656112671 5.09299993515015 5.12666654586792 5.0532054901123 4.95833301544189 4.99166679382324 5.23055553436279 5.53433322906494 5.69766664505005 5.69399976730347 5.65566682815552 5.51249980926514 5.44166660308838 5.59291648864746 5.78833341598511 5.89548587799072 5.97460317611694 6.02066659927368 6.03333330154419 5.99722242355347 6.25500011444092 6.45699977874756 6.40000009536743 6.12233304977417 6.16739130020142 6.13333320617676 6.33599996566772 6.59966659545898 6.71500015258789 6.73466634750366
-9999 -9999 -9999 -9999 -9999 -9999 -9999 -9999 4.37388896942139 4.58188390731812 4.58578443527222 -9999 4.34999990463257 4.56845235824585 4.75400018692017 4.73680543899536 4.74621200561523 4.80902767181396 4.95326089859009 5.00166654586792 5.05166673660278 5.08199977874756 5.10200023651123 5.05066680908203 5.07722187042236 -9999 5.01666641235352 5.26130962371826 5.54366683959961 5.74833345413208 5.7649998664856 5.67300033569336 5.64791679382324 5.40333318710327 5.66933345794678 5.95966672897339 5.95699977874756 5.97063493728638 5.84772729873657 5.87638854980469 6.08854150772095 6.21133327484131 6.38433313369751 6.25868034362793 6.0533332824707 6.07291698455811 6.09880924224854 6.21225500106812 6.28137254714966 6.29325389862061 6.4709997177124
-9999 -9999 -9999 -9999 -9999 -9999 -9999 -9999 4.30083322525024 4.38124990463257 4.51578950881958 4.54924249649048 4.4850001335144 4.71433353424072 4.83733320236206 4.81366682052612 4.71111106872559 4.80499982833862 4.8701753616333 4.99469709396362 5.00471019744873 5.02192974090576 5.06777763366699 5.04635429382324 5.07000017166138 5.16666650772095 5.03333330154419 5.15208339691162 5.42673635482788 5.75 5.78700017929077 5.66818189620972 -9999 5.50555562973022 5.6472225189209 5.77440452575684 5.83659410476685 5.95366668701172 5.89782619476318 -9999 5.98166656494141 6.31966686248779 6.32916688919067 6.14833307266235 6.1777777671814 6.28722238540649 6.33676481246948 6.2728066444397 6.43035697937012 6.62083339691162 6.75300025939941
-9999 -9999 -9999 -9999 -9999 -9999 -9999 -9999 4.26249980926514 4.26666688919067 -9999 4.49444437026978 4.46833324432373 4.72033309936523 4.82681131362915 4.84035110473633 4.76712942123413 4.78273820877075 4.91111087799072 4.96633338928223 4.97541666030884 4.94027805328369 4.97460317611694 5.02675437927246 5.01944446563721 5 4.85416698455811 4.96666669845581 5.32948684692383 5.5259804725647 5.59583330154419 5.52500009536743 -9999 5.35833311080933 5.63072919845581 5.66666698455811 5.63214302062988 5.86041641235352 5.93769836425781 5.79583358764648 6.02199983596802 6.12803030014038 6.18888902664185 6.21624994277954 6.36100006103516 6.43933343887329 6.5716667175293 6.51333332061768 6.48766660690308 6.8033332824707 7.03366661071777
-9999 -9999 -9999 -9999 -9999 -9999 -9999 -9999 -9999 -9999 -9999 4.70416688919067 4.375 4.63750028610229 4.69444465637207 4.76666641235352 4.86933326721191 4.88194465637207 4.95637226104736 5.03958320617676 4.91973686218262 4.93235301971436 5.08611106872559 5.08015871047974 5.12566661834717 5.06195640563965 4.90902757644653 5.09423065185547 5.39444446563721 5.60733318328857 5.52083301544189 5.39285707473755 5.41666650772095 5.43611097335815 5.49583339691162 5.69242429733276 5.55833339691162 5.76416635513306 5.77083349227905 5.84761905670166 5.91515159606934 6.04166650772095 6.10303020477295 6.27133321762085 6.44766664505005 6.59966659545898 6.79466676712036 6.81599998474121 6.7703332901001 6.99266672134399 7.06233358383179
-9999 -9999 -9999 -9999 -9999 -9999 -9999 -9999 -9999 -9999 4.41944408416748 4.6607141494751 4.69814825057983 4.45833349227905 -9999 4.82361125946045 4.92222213745117 4.85773801803589 4.93518543243408 5.08640336990356 5.13291645050049 5.15049028396606 5.13796281814575 5.18578433990479 5.2412281036377 5.24736833572388 5.27916669845581 5.27658748626709 5.48224639892578 5.75766658782959 5.67843151092529 5.40833330154419 5.47631597518921 5.50185203552246 5.48020839691162 5.64702367782593 5.66547632217407 5.75416660308838 5.875 5.85416698455811 6.14916658401489 6.26000022888184 6.34800004959106 6.36600017547607 6.52400016784668 6.68433332443237 6.91733312606812 7.02166652679443 7.01733350753784 6.88500022888184 6.92166662216187
-9999 -9999 -9999 -9999 -9999 -9999 -9999 -9999 4.48333311080933 4.44999980926514 4.59347867965698 4.78166675567627 4.78508758544922 4.75151491165161 4.89100027084351 4.95490217208862 5.02236843109131 5.05000019073486 4.85388898849487 5.11704540252686 5.25133323669434 5.33541679382324 5.23611116409302 5.40700006484985 5.4709997177124 5.49000024795532 5.46159410476685 5.41354179382324 5.48717927932739 5.71666669845581 5.70277786254883 5.37222242355347 5.57791662216187 5.61488103866577 5.60238075256348 5.67266654968262 5.72007608413696 -9999 -9999 6.05833339691162 6.19388914108276 6.32266664505005 6.37066650390625 6.38700008392334 6.54566669464111 6.72533321380615 6.79133319854736 6.77099990844727 6.83933305740356 6.97499990463257 7.17999982833862
-9999 -9999 -9999 -9999 -9999 -9999 -9999 4.56979179382324 4.67041683197021 4.76979160308838 4.77569437026978 4.87133359909058 4.7962498664856 4.86666679382324 5.07666683197021 5.09299993515015 5.09318161010742 5.07777786254883 4.79500007629395 5.0462121963501 5.26933336257935 5.41300010681152 5.36366653442383 5.39746379852295 5.43214273452759 5.44007921218872 5.42546272277832 5.45753955841064 5.47333335876465 5.44933319091797 5.40555572509766 5.61410236358643 5.72300004959106 5.71354150772095 5.59333324432373 5.64010429382324 5.70454549789429 5.75 -9999 6.1264705657959 6.26833343505859 6.38199996948242 6.47499990463257 6.48766660690308 6.46000003814697 6.58299970626831 6.72599983215332 6.88533353805542 7.03566646575928 7.14666652679443 7.3526668548584
-9999 -9999 -9999 -9999 -9999 -9999 -9999 4.74861097335815 4.75958347320557 4.80798625946045 4.82966661453247 4.89933347702026 4.81973695755005 4.9913330078125 5.19066667556763 5.23733329772949 5.2553334236145 5.18421077728271 5.14322900772095 4.94166660308838 5.23472213745117 5.46799993515015 5.59066677093506 5.66033315658569 5.6399998664856 5.59583330154419 5.63333320617676 5.72951364517212 5.56140375137329 5.30000019073486 5.38333368301392 5.625 5.74866676330566 5.6991229057312 5.68910264968872 5.8096489906311 5.91733360290527 5.83750009536743 5.98000001907349 6.10238075256348 6.27733325958252 6.46866655349731 6.61733341217041 6.58400011062622 6.42533349990845 6.60366678237915 6.61600017547607 6.6656665802002 6.84600019454956 6.98833322525024 6.95599985122681
-9999 -9999 -9999 -9999 -9999 -9999 -9999 4.64861106872559 4.72499990463257 4.81466674804688 4.90799999237061 4.85243034362793 4.67878770828247 4.90999984741211 5.18533325195312 5.25999975204468 5.27633333206177 5.2736668586731 5.19833326339722 5.07638883590698 5.38633346557617 5.44300031661987 5.51133346557617 5.5823335647583 5.6100001335144 5.61333322525024 5.67733335494995 5.6239128112793 5.47380971908569 5.442307472229 5.48333358764648 5.63222217559814 5.70482444763184 5.63333320617676 5.85798597335815 6.03499984741211 5.97266674041748 5.83611106872559 6.04239130020142 6.30900001525879 6.38433313369751 6.54833316802979 6.61800003051758 6.47533321380615 6.56999969482422 6.79033327102661 6.81866645812988 6.75899982452393 6.7776665687561 6.86933326721191 6.96866703033447
-9999 -9999 -9999 -9999 -9999 -9999 -9999 4.58249998092651 4.5653510093689 4.67608690261841 4.77460289001465 4.75595235824585 4.67371797561646 4.86022710800171 5.04270839691162 5.1046667098999 5.18800020217896 5.13611078262329 5.19513893127441 5.24204540252686 5.56099987030029 5.56666660308838 5.50798606872559 5.54484128952026 5.48416662216187 5.5048246383667 5.61029386520386 5.60075759887695 5.66006898880005 5.70462942123413 5.61944437026978 5.68480396270752 5.9263334274292 5.83611106872559 5.71249961853027 5.78888893127441 5.91973686218262 5.82361125946045 6.10340929031372 6.35633325576782 6.52699995040894 6.72866678237915 6.60733318328857 6.41759252548218 6.52666664123535 6.63500022888184 6.71033334732056 6.79099988937378 7.01466655731201 7.08099985122681 6.99700021743774
-9999 -9999 -9999 -9999 -9999 -9999 -9999 4.67399978637695 4.63043451309204 4.48750019073486 4.40833330154419 4.69210529327393 4.88968229293823 4.94818830490112 4.99621200561523 5.01006937026978 5.15733337402344 5.38299989700317 5.35400009155273 5.42733335494995 5.58266687393188 5.71566677093506 5.71400022506714 5.74499988555908 5.78733348846436 5.86600017547607 5.88399982452393 5.77850866317749 5.87261915206909 5.83733320236206 5.6537036895752 5.78409099578857 6.00766658782959 5.9433331489563 5.94841289520264 6.05208349227905 6.12333345413208 5.91111087799072 6.19055557250977 6.38233327865601 6.68566656112671 6.78233337402344 6.58500003814697 6.50238132476807 6.69333362579346 6.80466651916504 6.77133321762085 6.87933349609375 7.06633329391479 7.29500007629395 7.15933322906494
-9999 -9999 -9999 -9999 -9999 -9999 -9999 4.58208322525024 4.58583354949951 4.38333320617676 4.45333337783813 4.81066656112671 4.96833324432373 5.03033351898193 5.05999994277954 4.95499992370605 5.15433311462402 5.30166673660278 5.35033321380615 5.43800020217896 5.45266675949097 5.55900001525879 5.6453332901001 5.73966646194458 5.7906665802002 5.77666664123535 5.84233331680298 5.73012828826904 5.74687480926514 5.73506927490234 5.59722232818604 5.66111135482788 5.78645849227905 5.97933340072632 5.96466684341431 6.06566667556763 6.20300006866455 6.15119028091431 6.23333311080933 6.50299978256226 6.69933366775513 6.52559518814087 6.49749994277954 6.71766662597656 6.99100017547607 7.09166669845581 6.97833347320557 7.15000009536743 7.21333312988281 7.15766668319702 7.03033351898193
-9999 -9999 -9999 -9999 -9999 -9999 -9999 -9999 4.51805543899536 4.65416669845581 4.46851873397827 4.76233339309692 4.90500020980835 5.01433324813843 4.97799968719482 4.95499992370605 5.02866649627686 5.1486668586731 5.22166681289673 5.39633321762085 5.59333324432373 5.57625007629395 5.56916666030884 5.64166688919067 5.71984148025513 5.71842098236084 5.67894744873047 5.65347194671631 5.69305562973022 5.58854150772095 5.69166660308838 5.76825380325317 5.72023820877075 5.78802108764648 5.90000009536743 5.98799991607666 6.05444431304932 -9999 6.40833330154419 6.57766675949097 6.47738075256348 6.37249994277954 6.55075740814209 6.81133365631104 7.03866672515869 7.09766674041748 7.23733329772949 7.34866666793823 7.2926664352417 6.92966651916504 6.83533334732056
-9999 -9999 -9999 -9999 -9999 -9999 -9999 4.41287899017334 4.6269998550415 4.77199983596802 4.85238075256348 4.73388862609863 4.85798597335815 4.99733304977417 5.1540002822876 5.20699977874756 5.21033334732056 5.17733335494995 5.16718769073486 5.33472204208374 5.58833312988281 5.64566659927368 5.73000001907349 5.80966663360596 5.86266660690308 5.89499998092651 5.752272605896 5.52500009536743 5.49166679382324 5.62666654586792 5.83733320236206 5.86833333969116 5.78680562973022 5.65448713302612 5.87187528610229 6.01349210739136 6.01250028610229 6.09444427490234 6.35866689682007 6.49444437026978 6.41296291351318 6.53033351898193 6.8513331413269 6.96666669845581 6.99933338165283 7.06633329391479 7.22466659545898 7.28533315658569 7.09433317184448 6.93833351135254 7.18400001525879
-9999 -9999 -9999 -9999 -9999 -9999 -9999 4.54347801208496 4.76366662979126 4.89766645431519 5.02099990844727 4.9301586151123 5.04199981689453 5.15433359146118 5.18533325195312 5.11199998855591 5.13333320617676 5.14733362197876 5.3256664276123 5.30637264251709 5.33088254928589 5.46230173110962 5.60530281066895 5.61754369735718 5.67333316802979 5.71990728378296 5.67708349227905 5.59800004959106 5.59393930435181 5.60784292221069 5.67916679382324 5.7993335723877 5.92133331298828 5.98766660690308 5.95000028610229 5.95833349227905 -9999 6.25384616851807 6.30568170547485 6.30416679382324 6.35677099227905 6.59766674041748 6.8730001449585 7.05866670608521 7.14433336257935 7.17566680908203 7.14699983596802 7.02299976348877 7.01566648483276 7.20333337783813 7.41599988937378
-9999 -9999 -9999 -9999 -9999 -9999 -9999 4.53809499740601 4.76076364517212 4.93066644668579 5.04699993133545 5.07866668701172 5.16499996185303 5.20333337783813 5.1933331489563 5.15766668319702 5.0620002746582 4.94466638565063 5.16300010681152 5.50666666030884 5.45333337783813 5.54202890396118 5.70793676376343 5.7810001373291 5.87266683578491 5.93200016021729 5.84100008010864 5.74366664886475 5.70466661453247 5.61666679382324 5.59722232818604 5.7662501335144 5.9709997177124 6.04300022125244 6.07433319091797 5.99222230911255 -9999 6.31958341598511 6.42708349227905 6.28499984741211 6.44365072250366 6.45300006866455 6.64066648483276 6.85966682434082 7.04333305358887 7.04699993133545 6.8439998626709 6.94300031661987 7.11299991607666 7.30766677856445 7.40399980545044
-9999 -9999 -9999 -9999 -9999 -9999 -9999 4.73433303833008 4.84201383590698 4.94766664505005 5.05166673660278 5.09466648101807 5.10366678237915 5.18633317947388 5.21999979019165 5.16966676712036 5.13733339309692 5.0736665725708 4.93966674804688 5.30700016021729 5.40633344650269 5.58466672897339 5.72666692733765 5.80900001525879 5.85566663742065 5.88700008392334 5.7776665687561 5.72733306884766 5.72600030899048 5.68966674804688 5.64722204208374 5.63055562973022 5.80119037628174 5.92166662216187 5.97066688537598 5.96250009536743 6.20833349227905 6.23409080505371 6.38452386856079 6.50657892227173 6.70441198348999 6.60601854324341 6.59833335876465 6.76533365249634 6.87599992752075 6.94899988174438 6.92899990081787 7.21966648101807 7.32233333587646 7.28366661071777 7.32999992370605
-9999 -9999 -9999 -9999 -9999 -9999 4.76315784454346 4.86749982833862 4.88133335113525 4.93900012969971 5.00899982452393 4.98299980163574 4.99499988555908 5.01700019836426 5.13000011444092 5.2350001335144 5.21533346176147 5.11633348464966 4.89400005340576 4.875 5.30933332443237 5.57266664505005 5.5770001411438 5.55966663360596 5.55366659164429 5.60966682434082 5.56500005722046 5.61166667938232 5.68033313751221 5.72799968719482 5.74433326721191 5.78633308410645 5.77857160568237 5.90688419342041 6.01111078262329 -9999 -9999 6.43988084793091 6.60381937026978 6.81999969482422 6.88233327865601 6.7810001373291 6.76166677474976 6.84100008010864 6.88299989700317 6.86733341217041 6.96399974822998 7.19433307647705 7.23866653442383 7.23266696929932 7.43099975585938
-9999 -9999 -9999 -9999 -9999 -9999 4.6560001373291 4.74066686630249 4.87566661834717 4.96400022506714 4.94133329391479 4.94833326339722 4.99133348464966 5.00600004196167 4.90799999237061 5.0426664352417 5.15966653823853 5.10799980163574 4.89633321762085 4.72599983215332 5.05766677856445 5.30433320999146 5.28699970245361 5.27166700363159 5.43066644668579 5.6230001449585 5.55499982833862 5.6013331413269 5.69700002670288 5.71733331680298 5.77233362197876 5.85633325576782 5.9176664352417 5.99275350570679 6.03928565979004 6.22361087799072 6.45972204208374 6.70766687393188 6.98966693878174 7.02166700363159 6.885666847229 6.78933334350586 6.95966672897339 7.0426664352417 7.09433317184448 7.00299978256226 6.97100019454956 7.21799993515015 7.246666431427 7.27466678619385 7.40399980545044
-9999 -9999 -9999 -9999 -9999 -9999 4.53106069564819 4.57137680053711 4.79433345794678 4.95100021362305 4.89166641235352 4.89566659927368 4.97000026702881 5.00899982452393 4.87066650390625 4.72133350372314 4.82033348083496 4.94733333587646 4.85066652297974 4.76133346557617 4.85799980163574 5.07733345031738 5.20166683197021 5.27699995040894 5.36533308029175 5.51133346557617 5.56966686248779 5.65766668319702 5.71966648101807 5.73999977111816 5.80966663360596 5.9113335609436 5.97061395645142 6.01666688919067 -9999 6.27948713302612 6.58466672897339 6.98666667938232 7.09166669845581 6.96566677093506 6.88066673278809 6.92399978637695 6.94733333587646 7.00566673278809 7.08266639709473 7.18033313751221 7.10633373260498 7.10099983215332 7.25499963760376 7.41433334350586 7.44700002670288
-9999 -9999 -9999 -9999 -9999 -9999 4.40208339691162 4.62966680526733 4.81433343887329 4.91699981689453 4.9060001373291 4.81366682052612 4.91333341598511 4.91966676712036 5.01966667175293 4.7350001335144 4.55533313751221 4.65633344650269 4.80433320999146 4.88500022888184 4.91433334350586 5.00066661834717 5.11600017547607 5.17799997329712 5.2703332901001 5.52933359146118 5.63966655731201 5.64300012588501 5.69233322143555 5.77433347702026 5.88266658782959 5.90902757644653 5.83452367782593 -9999 6.15833330154419 6.37280702590942 6.79766654968262 6.89766645431519 6.81866645812988 6.95700025558472 7.04533338546753 6.98899984359741 6.83233308792114 6.83833312988281 7.14233350753784 7.25066661834717 7.31033325195312 7.24533319473267 7.19599962234497 7.34833335876465 7.43599987030029
