L_variabilis/M_variables/Set1/bio_15.asc
NCOLS 96 
NROWS 289 
XLLCORNER -75.2083333333333 
YLLCORNER -49.9166666666667 
CELLSIZE 0.0416666666666667 
NODATA_value -9999 
[rows 253 to 275 of 289, columns 0 to 50 of 96]
-9999 -9999 8.62464904785156 8.62279319763184 8.5947093963623 8.26851940155029 8.25621318817139 8.14167213439941 8.16965961456299 8.23406982421875 8.1383810043335 -9999 8.3520975112915 8.39269638061523 8.30807209014893 8.2104377746582 -9999 -9999 8.15974521636963 8.49653148651123 8.80790328979492 8.53366470336914 8.2810697555542 8.36933326721191 8.60657405853271 8.36049175262451 8.62345409393311 9.51226711273193 9.14781665802002 8.56098175048828 8.77813625335693 8.65200805664062 8.70053005218506 8.89210605621338 9.59951496124268 10.8145742416382 11.0467100143433 11.2294111251831 10.7185115814209 10.6895275115967 10.8490228652954 11.9544801712036 13.0650691986084 13.2253761291504 12.7635564804077 12.5964250564575 12.3658838272095 12.8545866012573 -9999 -9999 -9999
-9999 -9999 8.58099555969238 8.64909172058105 8.80502128601074 8.58486652374268 8.41469764709473 8.36925411224365 8.36220359802246 8.27042579650879 8.35121059417725 8.50869560241699 8.44637584686279 8.25321483612061 8.21116542816162 8.32879257202148 -9999 8.39032649993896 8.58721923828125 8.62825870513916 8.98418521881104 9.27336883544922 9.05797863006592 8.67198753356934 8.98231410980225 9.1785717010498 8.80395984649658 8.84122085571289 8.96836090087891 8.71709632873535 9.65846252441406 9.43344211578369 9.4865083694458 9.13436698913574 10.5069303512573 11.2581472396851 11.7857627868652 12.1630868911743 11.0767621994019 11.4446506500244 11.9043197631836 13.8132982254028 14.8470039367676 13.9288759231567 14.4195117950439 14.6952600479126 13.2465543746948 -9999 -9999 -9999 -9999
-9999 8.81734943389893 8.67195701599121 8.8446102142334 9.02133274078369 8.8236837387085 8.45650196075439 8.45675277709961 8.37932586669922 8.49160289764404 8.39568138122559 8.4233455657959 8.35260677337646 8.28392887115479 8.14660453796387 8.43580436706543 8.4475154876709 -9999 -9999 8.58138942718506 8.61277961730957 8.49671363830566 8.70878982543945 8.96517372131348 9.03100776672363 9.01868724822998 9.27478981018066 9.24627780914307 8.97435283660889 8.74772071838379 9.18892669677734 11.2665224075317 10.5794668197632 11.4064064025879 10.9151515960693 11.1495876312256 12.3205623626709 12.3335552215576 12.2197313308716 11.9003295898438 13.1060342788696 14.0231466293335 13.765606880188 14.112455368042 14.7656269073486 14.6213750839233 14.7951345443726 -9999 -9999 -9999 -9999
-9999 9.07611751556396 8.91311454772949 8.78539943695068 8.78454875946045 -9999 8.86075782775879 8.63701248168945 8.59232234954834 8.38025760650635 8.48086166381836 8.52332878112793 8.41878318786621 8.41656398773193 8.32390880584717 8.25059986114502 8.3707857131958 8.53692150115967 8.87867832183838 8.71987915039062 8.68422412872314 8.98536491394043 9.45721912384033 10.0528726577759 9.32904052734375 9.61579322814941 9.69065570831299 9.36584854125977 9.17215251922607 8.95380115509033 8.75945663452148 9.38592052459717 9.3096866607666 10.1209630966187 9.62125205993652 10.9780416488647 12.5208654403687 12.8156423568726 12.4714555740356 12.2316827774048 12.2933673858643 12.5476484298706 12.8637838363647 13.2996091842651 14.0621967315674 14.3343486785889 -9999 -9999 -9999 -9999 -9999
-9999 9.02857303619385 8.93135356903076 8.92218589782715 9.03195762634277 8.94065380096436 8.93734169006348 8.84541130065918 8.70790958404541 8.59092426300049 8.53349590301514 8.56763172149658 8.49494075775146 8.58942127227783 8.48712825775146 8.38942432403564 8.57009410858154 8.5189266204834 8.78010559082031 -9999 9.14691638946533 9.49905300140381 9.71481513977051 9.45300579071045 9.97155380249023 9.35210227966309 9.71944046020508 9.80687046051025 8.94619941711426 9.34145164489746 9.3317232131958 8.85642051696777 9.56926918029785 9.64000034332275 10.8258657455444 12.8161363601685 12.6912422180176 12.1258182525635 12.2858276367188 12.3434410095215 12.4038000106812 12.6985569000244 12.7897748947144 13.242693901062 13.5178861618042 14.0770139694214 -9999 -9999 -9999 -9999 -9999
-9999 9.38821029663086 9.17079925537109 9.17673492431641 9.21776294708252 8.93308353424072 8.823073387146 8.77534484863281 8.85734081268311 8.50014209747314 8.33563899993896 8.65854835510254 8.69975471496582 8.67009258270264 8.51525783538818 8.54026889801025 8.59785175323486 8.67776584625244 8.53531455993652 -9999 -9999 8.93859958648682 9.16200637817383 8.96879386901855 8.96401500701904 10.0316133499146 10.3261365890503 9.82727909088135 9.02912902832031 8.69042587280273 9.9582576751709 9.1318826675415 9.60960578918457 10.0780477523804 11.218897819519 12.6567325592041 13.3059129714966 12.0881109237671 12.0985050201416 12.2351341247559 12.4302549362183 12.6677160263062 12.780403137207 13.242693901062 13.738995552063 14.4699716567993 -9999 -9999 -9999 -9999 -9999
-9999 9.74394416809082 9.36760902404785 9.0790433883667 9.41207790374756 8.8583984375 8.83286571502686 8.83606338500977 8.80164337158203 8.77412033081055 8.96157550811768 8.80270481109619 8.71195793151855 8.82746601104736 8.98108673095703 8.67242431640625 8.75218105316162 8.89757823944092 8.81000995635986 8.3862419128418 -9999 8.96717166900635 9.06116104125977 9.32424068450928 9.67513656616211 9.53137111663818 8.78140354156494 8.46338367462158 8.50539875030518 8.70517349243164 9.1641149520874 9.4075231552124 9.43477344512939 10.5523633956909 10.7920045852661 11.5215511322021 12.8094110488892 12.2544384002686 11.9171571731567 12.163459777832 12.475212097168 12.6942491531372 13.0487422943115 13.8928966522217 14.4219694137573 -9999 -9999 -9999 -9999 -9999 -9999
-9999 9.62136363983154 9.49113941192627 9.39660835266113 9.51896476745605 8.92085552215576 9.04525947570801 9.11900997161865 9.12566661834717 9.19143295288086 9.07487487792969 8.80062675476074 8.78053188323975 8.7647647857666 9.0792875289917 9.10154342651367 8.75147438049316 8.78384304046631 -9999 -9999 8.8403787612915 8.87269687652588 8.89275455474854 8.73216342926025 8.65515899658203 8.46878337860107 8.47889137268066 8.62815093994141 8.69078159332275 8.9452428817749 9.87782955169678 10.4203824996948 10.9880304336548 11.3331480026245 11.2725162506104 12.4532384872437 12.5823984146118 12.8798360824585 11.8781805038452 11.9879865646362 12.5266580581665 13.1739568710327 14.2464742660522 14.0814657211304 13.8112869262695 -9999 -9999 -9999 -9999 -9999 -9999
-9999 9.61290454864502 9.68599796295166 9.62025737762451 9.74606227874756 9.53711891174316 9.26456737518311 9.25381374359131 9.15537452697754 9.18668174743652 9.06848526000977 8.95127010345459 8.94201755523682 8.88528442382812 9.01077747344971 8.90109348297119 8.88337898254395 9.23045253753662 -9999 8.81024551391602 8.78460693359375 8.78722095489502 8.73491954803467 8.5078821182251 8.57780361175537 8.67083072662354 8.72337913513184 8.96215629577637 8.75634098052979 8.78744697570801 9.97415447235107 10.7420883178711 11.0066204071045 11.1114559173584 11.6409473419189 12.2839059829712 12.463436126709 12.6375703811646 11.9788732528687 12.0575151443481 12.4056806564331 13.067608833313 14.1758451461792 13.4192094802856 -9999 -9999 -9999 -9999 -9999 -9999 -9999
-9999 9.9201774597168 9.66725158691406 9.89339733123779 9.8622350692749 9.74106216430664 9.67612171173096 9.55402183532715 9.32812118530273 9.29602241516113 9.38520526885986 9.07714653015137 9.05885696411133 8.90221786499023 9.04071807861328 8.9253454208374 8.85181427001953 9.10293197631836 -9999 9.00927257537842 8.80436134338379 8.73928928375244 8.8036060333252 8.77877902984619 8.59818840026855 8.58997344970703 8.81311511993408 8.92959976196289 8.84068775177002 9.30819034576416 9.78448581695557 11.09605884552 11.2575016021729 11.4600067138672 11.8158874511719 12.0193843841553 12.3491497039795 13.00719165802 13.0120553970337 13.0077447891235 13.3793411254883 14.1774806976318 15.4483261108398 14.8936233520508 -9999 -9999 -9999 -9999 -9999 -9999 -9999
-9999 10.0406579971313 9.97077655792236 10.1218023300171 9.92814445495605 9.649582862854 9.90183639526367 9.89553451538086 9.68768787384033 9.47907447814941 9.36756420135498 9.30177116394043 9.41003322601318 9.20114517211914 9.20184516906738 9.02129745483398 9.09719944000244 9.20289611816406 -9999 9.36776924133301 9.12098217010498 8.8631763458252 8.91200256347656 8.86919975280762 8.88442325592041 8.94029140472412 8.96181678771973 9.14033603668213 9.29688167572021 9.29687213897705 9.79836654663086 10.7771816253662 11.2274532318115 11.3084106445312 11.3418436050415 11.979700088501 12.3383302688599 12.8031368255615 13.2982978820801 13.7279958724976 13.8277549743652 13.8384971618652 13.4004135131836 -9999 -9999 -9999 -9999 -9999 -9999 -9999 -9999
-9999 10.1781158447266 10.0117464065552 10.1611852645874 10.0668544769287 10.1967477798462 10.0669603347778 9.98144912719727 9.72304630279541 9.65191555023193 9.50001049041748 9.50389671325684 9.35053253173828 9.31073951721191 9.11435508728027 9.1434154510498 9.27183055877686 9.29770565032959 9.25971031188965 9.42899417877197 8.97606468200684 8.9579029083252 9.01865577697754 9.01176261901855 9.02889823913574 9.00772857666016 8.94113636016846 8.75685501098633 8.99264049530029 9.41670036315918 9.93766117095947 10.6302547454834 11.3587970733643 11.2185077667236 11.5824604034424 11.9054918289185 12.5139713287354 13.1748323440552 13.020001411438 13.373496055603 13.4806394577026 13.4613075256348 13.1159267425537 -9999 -9999 -9999 -9999 -9999 -9999 -9999 -9999
10.3754186630249 10.4143018722534 10.4931135177612 10.2804727554321 10.1957368850708 9.97449493408203 10.1906785964966 9.9676456451416 9.80832481384277 9.83327102661133 9.70806980133057 9.64158248901367 9.82077980041504 9.39618396759033 9.44104385375977 9.32031536102295 9.21597671508789 9.07743358612061 9.12759780883789 9.16158676147461 9.27191543579102 9.25500869750977 9.29475116729736 9.18277931213379 9.16231918334961 9.55897235870361 9.43795776367188 9.88304615020752 11.0405149459839 10.3704242706299 10.1081399917603 10.1241855621338 10.4007740020752 10.92995262146 12.0158128738403 12.6217775344849 13.1223840713501 13.5518293380737 13.5100040435791 13.77601146698 13.5860280990601 13.5608768463135 -9999 -9999 -9999 -9999 -9999 -9999 -9999 -9999 -9999
10.7508716583252 10.936897277832 10.9567165374756 10.8663482666016 10.5472707748413 10.4507637023926 10.8495378494263 10.5118703842163 9.93716144561768 9.93254661560059 9.98235988616943 10.0744705200195 9.84027194976807 9.63795280456543 9.45583343505859 9.40525436401367 9.39541721343994 9.49019908905029 9.42418384552002 9.37710571289062 9.34060478210449 9.33092212677002 9.15652370452881 9.03613662719727 10.1118669509888 10.396598815918 10.0636234283447 9.89257335662842 10.8161449432373 10.7023220062256 10.3681983947754 10.0503416061401 10.0768537521362 11.1408185958862 11.3972787857056 12.790828704834 13.0228862762451 13.3423042297363 13.6082763671875 13.3308086395264 14.2769241333008 15.6734590530396 -9999 -9999 -9999 -9999 -9999 -9999 -9999 -9999 -9999
11.1305475234985 11.0987329483032 11.2845592498779 10.9105072021484 10.6631937026978 10.5497741699219 10.5815839767456 10.4894275665283 10.3176803588867 10.1150856018066 9.93898868560791 10.2319736480713 9.94877147674561 9.58828926086426 9.68174457550049 9.62062454223633 9.47392082214355 9.53010559082031 9.33938407897949 9.41766166687012 9.46073532104492 9.4024019241333 9.27438640594482 9.19860649108887 9.90475177764893 10.9156608581543 10.565224647522 10.0874805450439 9.87700748443604 9.70010662078857 9.53272724151611 9.98752498626709 10.3198699951172 10.2995576858521 11.3887386322021 11.557297706604 10.8427572250366 12.3827714920044 14.5681829452515 15.7668991088867 20.0446395874023 -9999 -9999 -9999 -9999 -9999 -9999 -9999 -9999 -9999 -9999
11.6710014343262 11.4545192718506 10.9874000549316 10.940465927124 10.7424602508545 10.6476535797119 10.53577709198 10.5769309997559 10.6303110122681 10.8037910461426 10.500171661377 10.364068031311 10.406888961792 10.4753408432007 10.0764360427856 9.6897668838501 10.0243196487427 9.6252326965332 9.69794464111328 9.51796722412109 9.52841186523438 9.55811977386475 9.57598686218262 9.34923553466797 9.29805755615234 11.0067319869995 11.1960783004761 10.6998672485352 10.099494934082 10.0273838043213 10.1540431976318 11.8932800292969 11.6304445266724 12.4625234603882 11.2990703582764 10.9980001449585 11.6681308746338 12.9151697158813 15.301944732666 15.6763010025024 17.0607089996338 -9999 -9999 -9999 -9999 -9999 -9999 -9999 -9999 -9999 -9999
11.5991640090942 11.4427556991577 11.2973546981812 11.2470712661743 11.1386222839355 11.0345039367676 10.7810726165771 10.7180061340332 10.8006038665771 10.8290853500366 10.5086994171143 10.6773624420166 10.6476316452026 10.5316982269287 10.2962265014648 10.3163776397705 10.1244897842407 9.6423454284668 9.69904613494873 9.78849411010742 9.6254940032959 9.61314868927002 9.44351005554199 9.43979930877686 9.40034103393555 10.0305709838867 11.6104183197021 11.6638507843018 10.8337230682373 10.5316743850708 10.8558664321899 11.9968452453613 12.2871503829956 12.0513963699341 12.0149421691895 10.8344078063965 12.4682846069336 14.5304517745972 14.6178283691406 14.5636701583862 15.4387493133545 -9999 -9999 -9999 -9999 -9999 -9999 -9999 -9999 -9999 -9999
12.0301742553711 11.8498229980469 11.6715440750122 11.7062149047852 11.762300491333 11.3254451751709 11.120418548584 10.9487676620483 10.9435949325562 10.9265508651733 10.7239837646484 11.0356006622314 10.6934289932251 10.8440351486206 10.5254793167114 10.1707344055176 9.84914398193359 9.66858005523682 9.90441036224365 10.0554656982422 9.88640117645264 9.84650230407715 9.62467098236084 9.5686502456665 9.47514820098877 9.33423042297363 10.7503147125244 11.9677066802979 10.9526014328003 10.7402124404907 10.812370300293 11.3124580383301 11.6159925460815 12.0886259078979 12.2612075805664 12.7137231826782 13.8599729537964 14.1246643066406 14.4615154266357 14.7189455032349 -9999 -9999 -9999 -9999 -9999 -9999 -9999 -9999 -9999 -9999 -9999
12.0372581481934 11.9243841171265 11.8278722763062 11.9913988113403 12.0881509780884 11.6688137054443 11.4275341033936 11.134711265564 11.1417293548584 11.2766761779785 10.9292058944702 11.4112224578857 10.8135147094727 10.8044185638428 10.5865602493286 10.2602910995483 10.3752527236938 9.99127769470215 9.95981788635254 10.1819038391113 10.0423641204834 9.63720607757568 9.62198162078857 9.4947681427002 9.52130794525146 9.39067935943604 9.8634204864502 11.3048572540283 10.9654655456543 10.6904830932617 10.7433395385742 11.6124820709229 11.6885318756104 11.7870101928711 12.6906080245972 13.6671152114868 13.4479465484619 13.5088224411011 13.7074089050293 13.9293479919434 -9999 -9999 -9999 -9999 -9999 -9999 -9999 -9999 -9999 -9999 -9999
-9999 12.0918550491333 12.1414194107056 12.2182493209839 12.2644701004028 12.058144569397 11.7986440658569 11.4883069992065 11.3287048339844 11.1551189422607 10.9755916595459 10.8067674636841 11.0717401504517 10.935863494873 11.1309566497803 10.4343538284302 10.6065483093262 10.3685598373413 10.201099395752 10.2299127578735 9.99177551269531 9.92448997497559 9.67891407012939 9.73941993713379 9.6627140045166 9.69104290008545 9.68952083587646 10.3633756637573 10.4329128265381 10.5591058731079 11.1764879226685 11.6125059127808 11.7341299057007 12.1168155670166 12.542592048645 12.9086933135986 13.1197109222412 13.5642404556274 13.6205053329468 -9999 -9999 -9999 -9999 -9999 -9999 -9999 -9999 -9999 -9999 -9999 -9999
-9999 12.1548461914062 12.4022932052612 12.3717927932739 12.0069046020508 11.8659944534302 11.8300380706787 11.7883672714233 11.7191915512085 11.5271940231323 11.3806486129761 11.5293817520142 11.4095048904419 10.953649520874 10.5559024810791 10.4984560012817 10.9560508728027 10.7135820388794 10.2440233230591 10.283709526062 9.90560245513916 9.75893497467041 10.1285772323608 10.4276189804077 9.7272834777832 9.80170059204102 9.78717041015625 10.202320098877 10.5329113006592 10.3142213821411 10.4600582122803 11.5826578140259 12.2972145080566 12.2957277297974 13.0568761825562 13.0497140884399 13.2170238494873 13.4850339889526 13.7985429763794 -9999 -9999 -9999 -9999 -9999 -9999 -9999 -9999 -9999 -9999 -9999 -9999
-9999 12.2185935974121 12.2067737579346 12.2257995605469 12.21950340271 12.1014099121094 11.8663282394409 11.9873819351196 11.9525194168091 11.8884420394897 11.4865741729736 11.2353610992432 11.2700386047363 11.428071975708 10.8786573410034 10.5246248245239 11.1196603775024 11.1044092178345 10.2265462875366 10.6658592224121 10.4543933868408 10.2599897384644 10.7010059356689 10.1957597732544 10.1396741867065 10.0802164077759 9.90013122558594 10.4354887008667 10.8835802078247 10.9569463729858 10.5773677825928 10.0047054290771 12.0144968032837 12.4310855865479 12.0327672958374 13.4278860092163 13.3514289855957 13.4811420440674 -9999 -9999 -9999 -9999 -9999 -9999 -9999 -9999 -9999 -9999 -9999 -9999 -9999
-9999 12.2017803192139 12.6467733383179 12.4099531173706 12.2435312271118 12.2347831726074 12.0513095855713 11.9771585464478 11.9317302703857 11.7382621765137 11.9075479507446 11.5845317840576 11.4189910888672 11.3781909942627 10.9407711029053 10.726019859314 10.3043909072876 10.509991645813 10.4856758117676 10.5753211975098 10.307186126709 10.1258697509766 10.3312730789185 10.3529787063599 10.1726264953613 10.0742425918579 10.1379356384277 10.7044801712036 11.1215038299561 10.9756889343262 10.78293800354 11.2602024078369 10.4888019561768 11.0009479522705 11.0394201278687 12.9689903259277 13.5194272994995 13.7704916000366 -9999 -9999 -9999 -9999 -9999 -9999 -9999 -9999 -9999 -9999 -9999 -9999 -9999
