L_variabilis/M_variables/Set1/bio_15.asc
NCOLS 96 
NROWS 289 
XLLCORNER -75.2083333333333 
YLLCORNER -49.9166666666667 
CELLSIZE 0.0416666666666667 
NODATA_value -9999 
[rows 230 to 252 of 289, columns 0 to 50 of 96]
-9999 -9999 -9999 -9999 -9999 -9999 -9999 -9999 -9999 -9999 -9999 -9999 -9999 -9999 -9999 -9999 8.02481174468994 -9999 7.89145231246948 7.83262777328491 7.50029754638672 7.3104076385498 7.20678043365479 7.25195169448853 7.32976675033569 7.21756982803345 7.26028966903687 7.43438339233398 7.6764554977417 7.59415245056152 7.24654197692871 7.66770172119141 7.93562793731689 8.26875972747803 7.63415813446045 7.62745189666748 7.90487909317017 7.97174978256226 8.20921611785889 8.76726913452148 9.03205585479736 10.0864019393921 10.5245933532715 10.7616653442383 11.5456686019897 11.832859992981 12.1758232116699 11.6213665008545 12.3039884567261 12.0125722885132 11.8095541000366
-9999 -9999 -9999 -9999 -9999 -9999 -9999 -9999 -9999 -9999 -9999 -9999 -9999 -9999 8.03213691711426 7.59425163269043 7.64486503601074 7.4323673248291 7.29619598388672 7.21385955810547 7.35458087921143 7.43294143676758 7.22980165481567 7.15742540359497 7.07834815979004 7.26653861999512 7.23998975753784 7.54572677612305 7.28222846984863 7.49291276931763 7.86668014526367 7.86063575744629 7.89104318618774 8.525146484375 8.05197811126709 7.48012351989746 7.91985893249512 8.23477077484131 8.49150943756104 8.35838890075684 9.18209648132324 9.81599807739258 11.2271089553833 10.9415330886841 10.7770576477051 11.0664730072021 11.6907796859741 14.095890045166 13.4198837280273 13.3914489746094 14.3361749649048
-9999 -9999 -9999 -9999 -9999 -9999 -9999 -9999 -9999 -9999 -9999 7.36946535110474 -9999 -9999 7.48718690872192 7.44620990753174 7.41920709609985 7.33834457397461 7.35020065307617 7.20321321487427 7.19605016708374 7.15781164169312 7.44181156158447 7.26511287689209 7.37752246856689 7.42736911773682 7.33435583114624 7.31112289428711 7.51910257339478 7.6368613243103 7.71652746200562 7.72884225845337 8.00126457214355 8.46833515167236 7.99278736114502 7.64261054992676 7.88702630996704 8.07578659057617 8.56421852111816 8.65499210357666 8.67961311340332 8.92181587219238 9.98989200592041 10.1432085037231 10.6922101974487 10.4622383117676 11.1383304595947 12.3850507736206 12.4971208572388 13.8716487884521 14.6995697021484
-9999 -9999 -9999 -9999 -9999 -9999 -9999 -9999 -9999 -9999 -9999 7.39063119888306 -9999 7.49378776550293 7.36358833312988 7.4107837677002 7.35179090499878 7.41168308258057 7.30009412765503 7.25197649002075 7.23700618743896 7.23562479019165 7.41856861114502 7.27483558654785 7.2662467956543 7.17743015289307 7.291748046875 7.46469163894653 7.50523567199707 7.30816650390625 7.39562320709229 7.72540664672852 7.95851802825928 7.78228807449341 7.71867847442627 8.03463268280029 7.82153224945068 8.42743110656738 8.37624835968018 8.87782859802246 8.71286106109619 8.90507793426514 9.22817134857178 10.2046012878418 10.2690258026123 10.8760547637939 10.9441442489624 11.3213043212891 11.5746564865112 11.4492225646973 13.454195022583
-9999 -9999 -9999 -9999 -9999 -9999 -9999 -9999 -9999 -9999 -9999 -9999 -9999 7.44761943817139 7.33802556991577 7.28680658340454 7.26099061965942 7.4197096824646 7.40302419662476 7.26544523239136 7.43907594680786 7.24323511123657 7.26607990264893 7.40042066574097 7.37559175491333 7.26625394821167 7.36072301864624 7.49833917617798 7.46361780166626 7.60495138168335 7.92457485198975 7.92367744445801 9.0537576675415 8.96758651733398 8.79066848754883 7.79219961166382 7.75999021530151 8.15776920318604 9.12667846679688 9.21789360046387 8.86982536315918 9.04430294036865 9.14030456542969 10.6966142654419 10.8406839370728 11.0449514389038 10.6583032608032 11.1606044769287 11.0586194992065 12.1011867523193 13.886082649231
-9999 -9999 -9999 7.24598979949951 7.26069164276123 7.33546018600464 7.43878269195557 7.49941301345825 8.12019062042236 -9999 -9999 -9999 7.42425060272217 7.39431619644165 7.2493839263916 7.25334692001343 7.20968246459961 7.1974081993103 7.18526124954224 7.28039646148682 7.5059232711792 7.43019771575928 7.46949863433838 7.72130680084229 7.54429006576538 7.461106300354 7.78971862792969 8.09538841247559 7.44522333145142 7.62388134002686 8.05784893035889 8.2953929901123 8.23719596862793 7.93536233901978 8.79960441589355 7.47874879837036 7.86705160140991 8.38540649414062 8.5619535446167 10.1501140594482 9.87429904937744 9.70390796661377 9.40355014801025 10.3907585144043 10.3943529129028 10.9180860519409 10.980055809021 11.2761144638062 12.1915092468262 13.6754608154297 14.5486335754395
-9999 -9999 -9999 7.30762672424316 7.24469661712646 7.31259298324585 7.38991117477417 7.3415412902832 7.41560220718384 -9999 -9999 -9999 7.75150918960571 7.36978578567505 7.34876680374146 7.27414751052856 7.26236867904663 7.30803775787354 7.33634757995605 7.38170051574707 7.59070920944214 7.70605993270874 7.67662572860718 7.84921073913574 7.96372318267822 8.01657581329346 7.97187805175781 8.14757919311523 7.92899465560913 7.6054630279541 8.0394344329834 8.06450653076172 7.74509143829346 7.81928205490112 8.97336769104004 7.7194676399231 7.75124406814575 8.25489521026611 9.14409637451172 9.91314697265625 9.24005603790283 9.59344577789307 9.37785911560059 10.8535814285278 9.71662139892578 10.0114450454712 11.3259105682373 11.7173261642456 12.7177991867065 12.795389175415 12.2578563690186
-9999 -9999 -9999 7.37382364273071 7.3840970993042 7.30733823776245 7.36421918869019 7.38097333908081 7.42221450805664 -9999 -9999 -9999 7.26964139938354 7.35433626174927 7.4188404083252 7.34980440139771 7.21563482284546 7.36062383651733 7.42975759506226 7.5041937828064 7.44689273834229 7.50944948196411 7.54166316986084 7.67065620422363 7.57066297531128 7.96115493774414 8.018310546875 7.56024742126465 7.68817090988159 7.45076608657837 8.21985912322998 8.54490852355957 7.9695086479187 8.06391143798828 8.55459594726562 8.15054798126221 8.10588264465332 8.5638952255249 8.38028430938721 8.43680381774902 9.33335304260254 9.12263965606689 9.00127410888672 9.75381469726562 10.7048826217651 11.2827339172363 11.1672430038452 11.0250339508057 11.2800998687744 11.8831434249878 11.9848947525024
-9999 -9999 -9999 7.35585117340088 7.47920417785645 7.3415412902832 7.38507556915283 7.34097814559937 7.38969278335571 7.35634851455688 7.41163396835327 -9999 7.4276762008667 7.32970571517944 7.25348806381226 7.36078643798828 7.41431999206543 7.46441173553467 7.47724342346191 7.39662075042725 7.38947772979736 7.49927091598511 8.12740039825439 8.09548568725586 7.7226448059082 7.85763454437256 7.72808361053467 7.62702417373657 7.70267963409424 7.6121187210083 7.72001504898071 7.67778253555298 7.84224462509155 7.82252645492554 7.95800542831421 8.57566833496094 8.59985733032227 8.65053749084473 9.02977848052979 9.45384311676025 9.42796611785889 10.1179170608521 9.92837333679199 10.2090368270874 10.1004276275635 10.3582096099854 10.6441774368286 11.4390163421631 11.2787351608276 11.5109062194824 11.4998788833618
-9999 -9999 -9999 7.39466285705566 7.36010360717773 7.42260360717773 7.51976490020752 7.50794553756714 7.44100475311279 7.45916986465454 7.37483358383179 -9999 7.60385370254517 7.64380407333374 7.55761003494263 7.58725357055664 7.5728178024292 7.46986150741577 7.44195747375488 7.6029748916626 7.72794342041016 7.66583728790283 7.84258460998535 7.98801040649414 7.99304246902466 8.05495262145996 8.04129409790039 7.82986831665039 8.03525447845459 7.88865900039673 7.71587133407593 7.66114521026611 8.06713676452637 7.95681381225586 8.16329193115234 8.61806964874268 8.61439609527588 8.81670951843262 8.94541072845459 9.2384557723999 9.68915843963623 9.95141220092773 9.6923656463623 9.98834419250488 10.0961933135986 10.2787380218506 10.3659267425537 11.7052221298218 11.3567714691162 11.5445747375488 11.2868061065674
-9999 -9999 -9999 7.57714653015137 7.49628257751465 7.62235879898071 7.57431411743164 7.53835296630859 7.69491052627563 7.54020881652832 7.47054576873779 7.57405471801758 7.55472612380981 7.47688579559326 7.61784410476685 7.8078498840332 7.78939008712769 7.53698492050171 7.67418909072876 7.56776762008667 7.6721076965332 7.73540353775024 7.76654481887817 8.02606105804443 8.01402473449707 8.00861644744873 8.02802753448486 7.70703554153442 7.99847459793091 7.76020860671997 7.68725061416626 7.70775747299194 7.95105934143066 8.14160633087158 8.14653396606445 8.31647109985352 8.170729637146 8.61276817321777 8.96438503265381 9.04890537261963 9.21906471252441 9.64229488372803 10.1975946426392 9.62591075897217 9.87444877624512 10.0968389511108 9.9598274230957 10.3801527023315 12.3314542770386 11.4687452316284 11.3303031921387
-9999 -9999 -9999 7.4692530632019 7.5972752571106 7.57855892181396 7.54848289489746 7.63888740539551 7.7223801612854 7.65644216537476 7.60132074356079 7.56711578369141 7.56669759750366 7.44640874862671 7.61852836608887 7.75657606124878 7.68410301208496 7.71310043334961 7.6196231842041 -9999 -9999 7.77539014816284 7.78215932846069 7.70505380630493 7.78584146499634 7.67140913009644 7.58254766464233 7.97699880599976 8.02047061920166 7.93362951278687 7.82893323898315 8.05313491821289 7.99314737319946 8.03937530517578 8.28497505187988 8.54286766052246 8.53917694091797 8.70858860015869 8.84973335266113 8.95303535461426 9.20075702667236 9.48083877563477 9.72975540161133 9.63142681121826 10.1103019714355 10.4899959564209 10.3372983932495 10.5370092391968 11.0290966033936 11.0366277694702 11.2594661712646
-9999 -9999 -9999 7.65243101119995 7.6882209777832 7.68763637542725 7.62712955474854 7.63932085037231 7.54959392547607 7.71977567672729 7.58043241500854 7.53009986877441 7.53632402420044 -9999 7.59588003158569 7.66204977035522 7.69809913635254 7.97440195083618 7.79833316802979 7.63783550262451 7.75372695922852 7.68989086151123 7.61338520050049 7.72643947601318 7.73930406570435 7.8443717956543 7.73457908630371 7.65158939361572 7.81859540939331 8.14942932128906 -9999 8.28439903259277 8.45107650756836 8.36733913421631 -9999 8.73416805267334 8.79437637329102 8.70393180847168 8.54906272888184 8.46523094177246 8.8448543548584 9.28303813934326 9.59964656829834 9.58759021759033 9.9197940826416 10.1632833480835 10.1581211090088 10.6433839797974 11.5995693206787 12.2663402557373 11.5766334533691
-9999 -9999 -9999 7.71930503845215 7.6801815032959 7.77880382537842 7.81250429153442 7.74699211120605 7.83086538314819 7.77546739578247 7.73862171173096 7.51110029220581 7.54912662506104 -9999 7.73628234863281 7.88063192367554 7.82352876663208 7.88935470581055 7.93988609313965 7.74647521972656 7.69109916687012 7.65488862991333 7.68433856964111 7.92421436309814 7.72851037979126 7.76045656204224 8.02768898010254 7.70926904678345 7.76602268218994 7.81795024871826 7.92563390731812 7.93650341033936 8.08274745941162 8.35405349731445 -9999 8.65243530273438 8.8013744354248 -9999 -9999 9.20485305786133 9.1360330581665 9.27462959289551 9.58592987060547 9.7247200012207 9.67652893066406 9.75212097167969 10.0206594467163 10.5224914550781 11.0737657546997 11.788125038147 11.8934278488159
-9999 -9999 7.69349193572998 7.82280778884888 7.88872766494751 7.88693380355835 7.88990211486816 7.92871236801147 8.04380321502686 7.91807413101196 7.84816837310791 7.85235929489136 7.75006580352783 -9999 7.60232877731323 7.9913501739502 7.98459720611572 7.85725212097168 7.85408401489258 7.77972507476807 7.81701421737671 7.77852249145508 7.76374053955078 7.9064736366272 8.0370626449585 8.02331829071045 7.68404960632324 7.77415037155151 7.73432779312134 8.11555004119873 8.63374042510986 8.1456995010376 8.06849193572998 8.24132061004639 8.45171070098877 8.44344425201416 8.6595344543457 -9999 9.06284332275391 9.25416374206543 9.09349632263184 9.15033054351807 9.4451322555542 9.64635944366455 9.73599815368652 9.81576442718506 10.2212495803833 10.743221282959 10.7498836517334 11.1808166503906 11.2452640533447
-9999 -9999 7.99673748016357 8.08932590484619 8.11247825622559 8.04918766021729 7.9076042175293 7.90279531478882 7.89753198623657 8.12953281402588 7.7624044418335 7.7923698425293 7.71256351470947 -9999 -9999 7.76406288146973 7.79426050186157 7.84953355789185 7.96528005599976 8.1474494934082 8.0790319442749 7.85338497161865 7.78502082824707 7.86033248901367 8.12311840057373 8.0012035369873 7.86947679519653 8.11367034912109 8.76174259185791 9.18176078796387 9.16946983337402 8.59372043609619 8.05491828918457 8.09210872650146 8.38241863250732 8.38483715057373 8.54300117492676 8.81590843200684 8.98465633392334 9.16841125488281 9.39475536346436 9.60684967041016 9.69109439849854 9.84395980834961 9.6271448135376 9.60831928253174 9.83973789215088 11.2081356048584 11.0944080352783 11.2855596542358 12.1391477584839
-9999 -9999 8.20820808410645 8.24972152709961 8.13938617706299 8.2751407623291 8.34801292419434 8.05249404907227 7.97128868103027 8.18388652801514 8.05543422698975 8.05086421966553 8.16090488433838 7.85130977630615 -9999 7.95014095306396 7.85388278961182 7.95380640029907 7.77174854278564 7.89250659942627 7.905029296875 8.0060396194458 8.24635601043701 7.99920845031738 8.00012588500977 7.96237564086914 8.54251384735107 8.11983394622803 8.68207740783691 9.53248882293701 8.66491222381592 8.18241691589355 8.5982551574707 8.58950710296631 8.31796264648438 8.48472785949707 9.41021823883057 9.35054779052734 9.2211275100708 9.24375343322754 9.52265548706055 9.42904090881348 10.0458354949951 9.8435640335083 10.0040235519409 9.80816459655762 9.90183067321777 11.0703954696655 10.9135408401489 11.4395961761475 12.3758525848389
-9999 -9999 8.06868362426758 8.00366973876953 8.25611114501953 8.37914752960205 8.34022045135498 8.29488945007324 8.07949161529541 8.10221576690674 8.08194541931152 7.8732738494873 7.91407012939453 7.90327310562134 -9999 7.77020788192749 7.94336032867432 7.85932922363281 7.93056106567383 7.90311288833618 8.10834407806396 7.92816114425659 8.02305507659912 8.0105619430542 8.09473133087158 8.02916049957275 8.75256729125977 8.17599010467529 8.78653144836426 9.4176197052002 9.42159461975098 8.25978946685791 9.56549263000488 8.87749004364014 8.87920379638672 8.55343818664551 9.99189186096191 10.4563150405884 9.82379722595215 9.14836597442627 9.43117046356201 9.67207431793213 9.6242733001709 9.90859603881836 10.059850692749 10.5475168228149 10.6185159683228 10.8830099105835 10.7076787948608 11.5423717498779 11.3787994384766
-9999 -9999 8.263108253479 8.00335025787354 8.34667491912842 8.39715385437012 8.55206680297852 8.18401527404785 8.18747711181641 8.18493175506592 8.20481395721436 8.17226314544678 8.27101707458496 8.17327785491943 8.07115745544434 7.97796726226807 8.33150196075439 7.91471290588379 8.05880069732666 8.27483940124512 8.00002574920654 7.96536445617676 7.98235893249512 8.077223777771 8.27838230133057 7.98475790023804 8.30144309997559 8.921462059021 8.6951847076416 9.57166957855225 9.11209678649902 9.42385292053223 8.80438613891602 9.13030338287354 9.43679809570312 8.70443344116211 9.82503318786621 9.5035514831543 8.84967231750488 9.1963415145874 9.48075866699219 9.42605209350586 9.47169399261475 9.59731006622314 9.82637405395508 10.5680265426636 10.9221992492676 11.1298761367798 11.4310359954834 11.4744625091553 -9999
-9999 -9999 8.35379219055176 8.121262550354 8.2632999420166 8.37067031860352 8.5272388458252 8.35196113586426 8.65029239654541 8.34575843811035 8.1595573425293 8.30849456787109 8.39519119262695 8.3100004196167 8.11506271362305 8.01705360412598 8.16589260101318 7.99803447723389 8.18519687652588 8.44924259185791 8.20957183837891 8.12598609924316 8.01472187042236 7.99143123626709 8.16680335998535 8.73408031463623 8.58222103118896 8.47102451324463 8.52339744567871 8.92168045043945 9.58021068572998 8.80300998687744 8.63472270965576 9.32287883758545 9.5635404586792 8.96416664123535 9.61705493927002 8.95970630645752 8.931565284729 9.49549007415771 9.33625793457031 9.53306102752686 10.1731595993042 9.55728721618652 9.77032470703125 10.3084316253662 10.3048696517944 10.3618459701538 11.2968797683716 11.4236812591553 -9999
-9999 -9999 8.48464107513428 8.48616981506348 8.37571334838867 8.63992786407471 8.87428092956543 8.77728652954102 8.57849025726318 8.38741874694824 8.14561367034912 8.04369258880615 8.17674541473389 7.92062091827393 8.00788879394531 7.97590255737305 -9999 8.01204872131348 8.20052909851074 8.18241882324219 8.23493576049805 8.5057954788208 8.30210399627686 8.11972236633301 8.08865451812744 8.2282247543335 8.22461032867432 8.37138271331787 8.32637214660645 8.29043865203857 8.37293910980225 8.25269317626953 8.66506767272949 9.78711032867432 10.4053049087524 10.8852500915527 9.91484642028809 8.92881011962891 10.2181730270386 9.98596858978271 9.59995365142822 9.61610221862793 9.43637943267822 9.5072135925293 9.84061431884766 10.1998147964478 10.4565114974976 10.8963098526001 11.2577638626099 -9999 -9999
-9999 -9999 8.81387805938721 -9999 8.62801837921143 8.44334697723389 8.2934455871582 8.20392227172852 8.16288089752197 8.33034515380859 8.1767635345459 8.10714530944824 8.1565637588501 8.01719760894775 8.07857799530029 8.11806869506836 -9999 8.03332328796387 8.09496116638184 8.47978782653809 8.21130752563477 8.20752906799316 8.78785133361816 8.17503356933594 8.12333679199219 8.31582832336426 8.08324432373047 8.39763069152832 8.98484802246094 9.3103494644165 8.63075160980225 8.80517196655273 9.68502426147461 9.6874475479126 9.17302799224854 9.7339391708374 9.28485488891602 10.6857023239136 11.6736879348755 11.4300689697266 10.600118637085 10.5695705413818 10.4089841842651 9.72126197814941 10.00514793396 10.6967601776123 10.5744400024414 10.9075260162354 12.3733129501343 -9999 -9999
-9999 -9999 8.53305244445801 8.44978427886963 8.27852058410645 8.24432277679443 8.24554347991943 8.18998146057129 8.37365245819092 8.30080604553223 8.27258491516113 8.14238834381104 8.1650447845459 8.07014274597168 8.11617279052734 8.20542621612549 7.96759128570557 8.04300689697266 8.19403266906738 8.16018199920654 8.49876976013184 8.19192218780518 8.11034488677979 8.24320888519287 8.23055648803711 8.50950241088867 8.89879035949707 8.4280481338501 8.49288177490234 8.42353439331055 8.42865467071533 8.67897891998291 8.82413005828857 8.59750843048096 8.78884887695312 8.84550666809082 10.2923469543457 12.3255910873413 12.1035795211792 11.101131439209 10.7739562988281 11.1278352737427 12.0508069992065 12.1120176315308 11.7965459823608 11.429012298584 11.6316289901733 12.4347276687622 -9999 -9999 -9999
