L_variabilis/M_variables/Set1/bio_2.asc
NCOLS 96 
NROWS 289 
XLLCORNER -75.2083333333333 
YLLCORNER -49.9166666666667 
CELLSIZE 0.0416666666666667 
NODATA_value -9999 
[rows 253 to 275 of 289, columns 0 to 50 of 96]
-9999 -9999 4.72900009155273 4.54999971389771 4.33333349227905 4.54513883590698 4.74930572509766 5.06865072250366 5.17799997329712 5.23333311080933 5.16287899017334 -9999 4.83750009536743 5.0996527671814 5.29927539825439 5.45277786254883 -9999 -9999 5.60833358764648 5.89233303070068 6.28645849227905 6.39615392684937 6.6347222328186 6.72533321380615 6.79409694671631 6.70833301544189 6.71022748947144 6.89433336257935 7.02500009536743 7.08489561080933 7.19652795791626 7.26583337783813 7.25466680526733 7.26333332061768 7.38100004196167 7.35033321380615 7.37599992752075 7.20766687393188 7.1026668548584 7.13000011444092 7.20700025558472 7.3236665725708 7.44633340835571 7.44899988174438 7.35433340072632 7.37133359909058 7.44033336639404 7.47933340072632 -9999 -9999 -9999
-9999 -9999 4.81133317947388 4.72458362579346 4.47986125946045 4.51875019073486 4.86701393127441 5.18300008773804 5.2960000038147 5.36033344268799 5.24204540252686 5.20166683197021 5.17847204208374 5.39618062973022 5.51133346557617 5.48958349227905 -9999 5.35416650772095 5.36785697937012 5.80539226531982 6.27933359146118 6.5149998664856 6.60416698455811 6.58518552780151 6.7788462638855 6.61203718185425 6.46145820617676 6.5990743637085 6.85648155212402 7.09950971603394 7.2649998664856 7.28999996185303 7.33599996566772 7.34366655349731 7.41466665267944 7.14400005340576 7.13499975204468 7.09866666793823 7.12866687774658 7.19700002670288 7.2756667137146 7.37599992752075 7.43866682052612 7.41866683959961 7.36666679382324 7.42600011825562 7.53533315658569 -9999 -9999 -9999 -9999
-9999 4.86066675186157 4.8496527671814 4.82866668701172 4.57968759536743 4.58333349227905 4.96944427490234 5.15533351898193 5.21999979019165 5.35533332824707 5.24270820617676 5.30933332443237 5.3847222328186 5.5756664276123 5.48066663742065 5.33910274505615 5.00277805328369 -9999 -9999 5.72395849227905 6.11041688919067 6.45921039581299 6.565833568573 6.72268533706665 6.77971029281616 6.70366668701172 6.753333568573 6.6896824836731 6.65357160568237 7.02948713302612 7.14233350753784 7.17066669464111 7.09133338928223 7.20333337783813 7.22566652297974 7.10766649246216 7.08566665649414 7.11700010299683 7.14400005340576 7.19766664505005 7.29199981689453 7.37233352661133 7.40333318710327 7.40133333206177 7.37866687774658 7.37433338165283 7.41466665267944 -9999 -9999 -9999 -9999
-9999 4.83133363723755 4.91833353042603 4.90833330154419 4.66739130020142 -9999 4.93787860870361 5.09166669845581 5.19766664505005 5.19266653060913 5.1870002746582 5.39666652679443 5.48966646194458 5.62900018692017 5.53866672515869 5.38598489761353 5.25 5.70833349227905 5.91666650772095 5.77500009536743 6.01416683197021 6.64375019073486 6.79826402664185 6.80999994277954 6.80000019073486 6.88899993896484 6.93033361434937 6.9176664352417 6.99099969863892 7.05476188659668 6.97738075256348 6.96268129348755 7.12333345413208 7.14466667175293 7.19799995422363 7.31766700744629 7.19966650009155 7.17866659164429 7.1486668586731 7.16366672515869 7.19700002670288 7.22100019454956 7.19199991226196 7.15933322906494 7.19099998474121 7.27466678619385 -9999 -9999 -9999 -9999 -9999
-9999 4.84166669845581 4.87533330917358 4.87534713745117 4.65357112884521 4.40833330154419 4.7259259223938 4.9725489616394 5.08815813064575 5.10648155212402 5.25347232818604 5.48966646194458 5.51500034332275 5.54966640472412 5.63266658782959 5.57666683197021 5.42543888092041 5.62777757644653 5.90297603607178 -9999 6.16041660308838 6.519202709198 6.6933331489563 6.6656665802002 6.76999998092651 6.84866666793823 6.96066665649414 6.99900007247925 7.08599996566772 7.26399993896484 7.27166652679443 7.16766691207886 7.24066638946533 7.17033338546753 7.33266687393188 7.33566665649414 7.20766687393188 7.1656665802002 6.9946665763855 6.95100021362305 6.9593334197998 7.00466680526733 7.03499984741211 7.04233312606812 7.10233354568481 7.20866680145264 -9999 -9999 -9999 -9999 -9999
-9999 4.81799983978271 4.81851863861084 4.84166669845581 4.85933351516724 4.73333311080933 4.73377180099487 4.91916656494141 5.15570211410522 5.06874990463257 5.05729150772095 5.24791669845581 4.96999979019165 5.36333322525024 5.52976179122925 5.60366678237915 5.61566638946533 5.62766647338867 5.64924240112305 -9999 -9999 6.38333320617676 6.61111116409302 6.6940975189209 6.77976179122925 6.95866680145264 7.00266695022583 6.97399997711182 7.11833333969116 7.23233318328857 7.41433334350586 7.33400011062622 7.02899980545044 7.06699991226196 7.18533325195312 7.1560001373291 7.11100006103516 7.08733320236206 6.87166690826416 6.80700016021729 6.83066654205322 6.90033340454102 6.98199987411499 7.04966688156128 7.10900020599365 7.16766691207886 -9999 -9999 -9999 -9999 -9999
-9999 4.81388902664185 4.87916660308838 4.90299987792969 5.00633335113525 4.92651510238647 4.97420644760132 4.99166679382324 5.10131597518921 5.16302108764648 5.13250017166138 5.07462120056152 5.17399978637695 5.36166667938232 5.38333320617676 5.51969718933105 5.625 5.61217927932739 4.96666669845581 5.03333330154419 -9999 6.44166660308838 6.39074087142944 6.51958322525024 6.74962091445923 6.81388902664185 6.80260419845581 6.79122829437256 6.98266649246216 6.99895811080933 7.02099990844727 7.16966676712036 6.97933340072632 6.996666431427 6.98666667938232 7.02400016784668 7.06400012969971 7.07666683197021 6.98766660690308 6.90766668319702 6.92433309555054 6.98699998855591 7.04199981689453 7.06766653060913 7.08733367919922 -9999 -9999 -9999 -9999 -9999 -9999
-9999 4.86811590194702 4.96212148666382 4.96566677093506 4.86271953582764 4.84545469284058 5.01745986938477 5.07333326339722 5.21791648864746 5.30912685394287 5.22222232818604 5.36333322525024 5.55566692352295 5.55299997329712 5.48295450210571 5.5475001335144 5.78749990463257 5.87133312225342 -9999 -9999 5.88833332061768 6.11780309677124 6.18712091445923 6.29705905914307 6.46706342697144 6.53033304214478 6.62958335876465 6.67205905914307 6.8027777671814 6.79291677474976 6.71966648101807 6.88633346557617 6.9689998626709 6.94999980926514 6.91200017929077 7.01366662979126 7.06400012969971 7.13100004196167 7.18133354187012 7.11766672134399 7.09766674041748 7.13700008392334 7.16666698455811 7.18200016021729 7.20633316040039 -9999 -9999 -9999 -9999 -9999 -9999
-9999 4.89637660980225 5.00099992752075 4.95466661453247 4.81309509277344 4.94218730926514 5.04055547714233 5.17753601074219 5.3033332824707 5.35900020599365 5.30253601074219 5.44633340835571 5.54400014877319 5.62766695022583 5.59899997711182 5.66519594192505 5.86366653442383 5.67256927490234 -9999 5.98055553436279 6.16510438919067 6.24599981307983 6.28133344650269 6.33633327484131 6.42466640472412 6.51833343505859 6.68866682052612 6.81233310699463 6.92533349990845 6.8473334312439 6.59866666793823 6.66900014877319 6.75866651535034 6.82000017166138 6.89499998092651 6.99100017547607 7.08199977874756 7.16466665267944 7.23199987411499 7.22533321380615 7.2189998626709 7.246666431427 7.2926664352417 7.36199998855591 -9999 -9999 -9999 -9999 -9999 -9999 -9999
-9999 4.98152160644531 5 4.90357160568237 4.87187480926514 5.07633352279663 5.17812490463257 5.20795440673828 5.20791673660278 5.2741231918335 5.3899998664856 5.43200016021729 5.48000001907349 5.59533309936523 5.65100002288818 5.69215679168701 5.8256664276123 5.64333343505859 -9999 5.94427061080933 6.25600004196167 6.30000019073486 6.37333345413208 6.4520001411438 6.45866680145264 6.43633317947388 6.56333351135254 6.68366670608521 6.75299978256226 6.67999982833862 6.53866672515869 6.61333322525024 6.72933340072632 6.8439998626709 6.93466663360596 7.02966690063477 7.12033319473267 7.19199991226196 7.24733352661133 7.30533361434937 7.36266660690308 7.37933349609375 7.35400009155273 7.35833311080933 -9999 -9999 -9999 -9999 -9999 -9999 -9999
-9999 5.02199983596802 5.03700017929077 4.98766660690308 4.90833330154419 4.97175931930542 5.13769817352295 5.17738103866577 5.34891319274902 5.43200016021729 5.53566646575928 5.58933353424072 5.66300010681152 5.65000009536743 5.70873022079468 5.80507230758667 5.83266687393188 5.74458360671997 -9999 5.77666664123535 6.05795478820801 6.17400026321411 6.38700008392334 6.48199987411499 6.53600025177002 6.47900009155273 6.45866680145264 6.55900001525879 6.6763334274292 6.68866682052612 6.60799980163574 6.60699987411499 6.7776665687561 6.88899993896484 6.96399974822998 7.04500007629395 7.12966680526733 7.20333337783813 7.25699996948242 7.30800008773804 7.3526668548584 7.38166666030884 7.38899993896484 -9999 -9999 -9999 -9999 -9999 -9999 -9999 -9999
-9999 5.04733324050903 5.00833368301392 4.94000005722046 4.8658332824707 4.88148164749146 5.06625032424927 5.1972222328186 5.2799243927002 5.36145830154419 5.44299983978271 5.57599973678589 5.64566659927368 5.78200006484985 5.82000017166138 5.86700010299683 5.8598484992981 5.76174211502075 5.52916669845581 5.58055543899536 5.87412261962891 6.24652767181396 6.44066667556763 6.46333312988281 6.60366678237915 6.79899978637695 6.79299974441528 6.85366678237915 6.95499992370605 6.93499994277954 6.70599985122681 6.69366693496704 6.95133352279663 7.03133344650269 7.09433364868164 7.10500001907349 7.18300008773804 7.26033353805542 7.31533336639404 7.35833311080933 7.39933347702026 7.43433332443237 7.42066669464111 -9999 -9999 -9999 -9999 -9999 -9999 -9999 -9999
4.94924259185791 4.9283332824707 4.85724639892578 4.66562509536743 4.54513883590698 4.64583349227905 4.98055553436279 5.25681829452515 5.27500009536743 5.31666660308838 5.39166688919067 5.58933353424072 5.79333353042603 5.84899997711182 5.87233304977417 5.86098480224609 5.96180582046509 5.90666675567627 5.78854179382324 5.83194446563721 5.92500019073486 6.24242448806763 6.41699981689453 6.60233354568481 6.76666688919067 6.95699977874756 6.99766683578491 6.94600009918213 7.07433319091797 7.13766670227051 7.00166654586792 6.90500020980835 7.06900024414062 7.23799991607666 7.44633340835571 7.25600004196167 7.21466684341431 7.27400016784668 7.33166646957397 7.39133310317993 7.45033359527588 7.4796667098999 -9999 -9999 -9999 -9999 -9999 -9999 -9999 -9999 -9999
4.84563493728638 4.80701732635498 4.71875 4.72797632217407 4.9595832824707 4.9824070930481 4.875 5.06319427490234 5.17719316482544 5.38446950912476 5.56541681289673 5.72066688537598 5.84100008010864 5.84133338928223 5.81099987030029 5.84766674041748 5.90966653823853 5.97933340072632 5.86333322525024 5.98815774917603 6.15972232818604 6.40466690063477 6.60166645050049 6.65799999237061 6.80166673660278 7.07133340835571 7.17566680908203 6.98099994659424 6.99766683578491 7.09966659545898 7.10966682434082 7.07133340835571 7.11466693878174 7.30700016021729 7.43466663360596 7.35233306884766 7.29233312606812 7.32433319091797 7.37899971008301 7.45366668701172 7.489333152771 7.46633338928223 -9999 -9999 -9999 -9999 -9999 -9999 -9999 -9999 -9999
4.87152767181396 4.92000007629395 5.02549028396606 5.02173948287964 5.12149143218994 5.26481485366821 5.26622819900513 5.30729150772095 5.24880981445312 5.42534732818604 5.59270811080933 5.74208354949951 5.7810001373291 5.87200021743774 5.99366664886475 6.01833343505859 5.9358696937561 5.89469718933105 5.86770820617676 6.16233348846436 6.34533309936523 6.50799989700317 6.57766675949097 6.58299970626831 6.69633340835571 6.9210000038147 7.06099987030029 7.0513334274292 6.79633331298828 6.55366659164429 6.60866641998291 6.94633340835571 7.30733346939087 7.35333347320557 7.43100023269653 7.42799997329712 7.55633306503296 7.62900018692017 7.50366687774658 7.45033311843872 7.3386664390564 -9999 -9999 -9999 -9999 -9999 -9999 -9999 -9999 -9999 -9999
4.88499975204468 5.09490728378296 5.16400003433228 5.18766641616821 5.31833362579346 5.47833347320557 5.44513893127441 5.47499990463257 5.51416683197021 5.31439399719238 5.4712119102478 5.63733339309692 5.78600025177002 5.9263334274292 6.02833318710327 6.06199979782104 6.16200017929077 6.00966691970825 5.85151529312134 6.06893920898438 6.31666660308838 6.58333349227905 6.68699979782104 6.66900014877319 6.74133348464966 6.89833307266235 7.06966686248779 7.15933322906494 6.85033321380615 6.57733345031738 6.81099987030029 7.24633359909058 7.38700008392334 7.46399974822998 7.48266649246216 7.52833318710327 7.59999990463257 7.61333322525024 7.49066686630249 7.41533327102661 7.32766675949097 -9999 -9999 -9999 -9999 -9999 -9999 -9999 -9999 -9999 -9999
4.94291687011719 5.08888864517212 5.13287019729614 5.20694446563721 5.38000011444092 5.50899982452393 5.51733350753784 5.59800004959106 5.54652786254883 5.33229160308838 5.46631956100464 5.685227394104 5.77966690063477 5.8953332901001 5.98466682434082 6.09700012207031 6.12466669082642 6.09233331680298 6.03645849227905 5.93333339691162 6.20520830154419 6.60333299636841 6.67500019073486 6.6763334274292 6.68633317947388 6.83199977874756 7.05766677856445 7.15000009536743 6.97166681289673 6.7039999961853 6.81766700744629 7.15433311462402 7.16233348846436 7.16499996185303 7.24233341217041 7.52166652679443 7.63466691970825 7.56766653060913 7.40933322906494 7.37533330917358 7.38133335113525 -9999 -9999 -9999 -9999 -9999 -9999 -9999 -9999 -9999 -9999
4.83611106872559 4.97888898849487 5.03499984741211 5.14555549621582 5.20451354980469 5.40533351898193 5.55033349990845 5.59266662597656 5.59710121154785 5.4769229888916 5.66266679763794 5.81900024414062 5.95366668701172 6.08366680145264 6.11199998855591 6.05166673660278 6.09299993515015 6.09500026702881 5.99583339691162 5.58055543899536 6.10249996185303 6.489333152771 6.50233364105225 6.57833337783813 6.67500019073486 6.78499984741211 7.01166677474976 7.15166664123535 6.90299987792969 6.56966686248779 6.54766654968262 6.71133327484131 6.79699993133545 6.99733304977417 7.23033332824707 7.55200004577637 7.53833341598511 7.38866662979126 7.33666658401489 7.36266660690308 -9999 -9999 -9999 -9999 -9999 -9999 -9999 -9999 -9999 -9999 -9999
4.97033357620239 5.00151491165161 4.93137264251709 5.03472232818604 5.09583282470703 5.3408727645874 5.496666431427 5.60633325576782 5.62731504440308 5.70800018310547 5.80912685394287 5.87291669845581 5.95833349227905 6.16933345794678 6.20533323287964 6.18400001525879 6.20100021362305 6.21166658401489 6.0479998588562 5.68472242355347 6.04523801803589 6.45138883590698 6.50966644287109 6.54966688156128 6.6080002784729 6.69236087799072 6.890625 7.11833333969116 6.72466659545898 6.35766696929932 6.53433322906494 6.78266668319702 6.7960000038147 6.94633340835571 7.15966653823853 7.32266664505005 7.28766679763794 7.26233339309692 7.31133317947388 7.37966680526733 -9999 -9999 -9999 -9999 -9999 -9999 -9999 -9999 -9999 -9999 -9999
-9999 5.07368421554565 5.07708358764648 5.18277788162231 5.20625019073486 5.34166669845581 5.46268129348755 5.48899984359741 5.56359672546387 5.70946979522705 5.82534742355347 5.83533334732056 5.94500017166138 6.04566669464111 6.17866659164429 6.14300012588501 6.24433326721191 6.24933338165283 6.121666431427 5.86794853210449 6.1555552482605 6.57466650009155 6.5993332862854 6.61433362960815 6.65033340454102 6.65833330154419 6.80312490463257 7.04490756988525 6.85833358764648 6.68935203552246 6.97066688537598 7.11299991607666 7.01599979400635 7.08866691589355 7.09566640853882 7.17400026321411 7.20466661453247 7.26233339309692 7.32566690444946 -9999 -9999 -9999 -9999 -9999 -9999 -9999 -9999 -9999 -9999 -9999 -9999
-9999 5.09298229217529 5.17564105987549 5.35046291351318 5.43020820617676 5.50378799438477 5.52361106872559 5.45104169845581 5.57546281814575 5.760666847229 5.74633312225342 5.87533330917358 5.9850001335144 6.00966644287109 5.99766683578491 6.08466672897339 6.2350001335144 6.23799991607666 6.135666847229 5.93525648117065 6.15500020980835 6.53399991989136 6.65833330154419 6.65133333206177 6.65766668319702 6.73366641998291 6.72604179382324 7.19999980926514 7.29583311080933 7.39791679382324 7.32083320617676 7.29021739959717 7.20966672897339 7.2223334312439 7.28233337402344 7.31433343887329 7.27833318710327 7.28933334350586 7.34200000762939 -9999 -9999 -9999 -9999 -9999 -9999 -9999 -9999 -9999 -9999 -9999 -9999
-9999 5.23571443557739 5.30869579315186 5.4402174949646 5.48586988449097 5.57066679000854 5.60599994659424 5.58586978912354 5.60931396484375 5.73166656494141 5.69433307647705 5.79300022125244 5.91033315658569 6.01266670227051 6.02916669845581 6.07466697692871 6.16533327102661 6.24433326721191 6.15299987792969 5.92500019073486 6.26749992370605 6.60899972915649 6.73666667938232 6.62566661834717 6.68400001525879 6.74600028991699 6.71041679382324 7.03166675567627 7.29933309555054 7.59299993515015 7.59027767181396 7.38910245895386 7.40113639831543 7.39699983596802 7.51966667175293 7.58633327484131 7.41600036621094 7.32666683197021 -9999 -9999 -9999 -9999 -9999 -9999 -9999 -9999 -9999 -9999 -9999 -9999 -9999
-9999 5.24861097335815 5.33421039581299 5.41944456100464 5.50543451309204 5.55233335494995 5.61499977111816 5.65033340454102 5.71190500259399 5.8236665725708 5.7960319519043 5.81966638565063 5.85555553436279 5.8808331489563 6.078125 6.1046667098999 5.98033332824707 6.15799999237061 6.18106079101562 5.98888874053955 6.41195678710938 6.6676664352417 6.65533304214478 6.65466690063477 6.71666669845581 6.75633335113525 6.73928594589233 6.75166654586792 7.17733335494995 7.57233333587646 7.58566665649414 7.62866687774658 7.66710519790649 7.70324087142944 7.77236843109131 7.77500009536743 7.54766654968262 7.38666677474976 -9999 -9999 -9999 -9999 -9999 -9999 -9999 -9999 -9999 -9999 -9999 -9999 -9999
