L_variabilis/M_variables/Set1/bio_4.asc
NCOLS 96 
NROWS 289 
XLLCORNER -75.2083333333333 
YLLCORNER -49.9166666666667 
CELLSIZE 0.0416666666666667 
NODATA_value -9999 
[rows 230 to 252 of 289, columns 0 to 50 of 96]
-9999 -9999 -9999 -9999 -9999 -9999 -9999 -9999 -9999 -9999 -9999 -9999 -9999 -9999 -9999 -9999 261.948822021484 -9999 280.415283203125 284.618103027344 288.303833007812 292.537170410156 296.177185058594 300.068328857422 298.984771728516 300.482269287109 300.772552490234 305.566619873047 309.905242919922 313.377288818359 314.891540527344 317.603393554688 320.593841552734 320.694671630859 318.748321533203 310.917694091797 316.564575195312 331.66552734375 336.915985107422 334.064605712891 330.803161621094 328.869934082031 341.016082763672 355.447784423828 360.41943359375 362.299957275391 361.528594970703 357.992248535156 362.945770263672 375.315277099609 376.726531982422
-9999 -9999 -9999 -9999 -9999 -9999 -9999 -9999 -9999 -9999 -9999 -9999 -9999 -9999 269.121734619141 258.675231933594 266.647857666016 267.518035888672 273.309051513672 276.936431884766 282.381774902344 279.911834716797 285.426849365234 292.425048828125 292.376007080078 293.461486816406 295.503173828125 298.058471679688 304.188903808594 311.578033447266 312.990661621094 315.308319091797 320.232208251953 322.869201660156 325.248809814453 321.727111816406 323.009033203125 329.932739257812 335.807312011719 337.544738769531 337.867462158203 339.074584960938 344.363555908203 355.821655273438 361.322509765625 362.109130859375 363.861145019531 363.966705322266 369.473358154297 376.262512207031 378.556182861328
-9999 -9999 -9999 -9999 -9999 -9999 -9999 -9999 -9999 -9999 -9999 237.367980957031 -9999 -9999 252.610076904297 259.937103271484 266.288635253906 268.900238037109 271.911468505859 276.384307861328 275.983978271484 272.897857666016 274.935241699219 283.164947509766 287.720489501953 289.649200439453 291.182403564453 291.930236816406 298.378021240234 305.348571777344 308.547515869141 312.944427490234 318.258239746094 321.915557861328 326.343139648438 327.94775390625 326.111572265625 326.610321044922 329.819061279297 333.732269287109 340.086730957031 345.799987792969 345.636962890625 350.607971191406 361.191864013672 363.365783691406 367.067932128906 368.313171386719 372.354095458984 376.819549560547 380.529968261719
-9999 -9999 -9999 -9999 -9999 -9999 -9999 -9999 -9999 -9999 -9999 240.050003051758 -9999 240.004730224609 249.773239135742 257.669403076172 263.912475585938 268.227355957031 271.555297851562 275.887817382812 276.020904541016 273.843017578125 270.199157714844 276.396301269531 282.340759277344 286.08056640625 287.687286376953 290.2509765625 295.106628417969 301.597503662109 304.692840576172 309.328033447266 312.201568603516 315.118316650391 322.969055175781 327.343292236328 323.176055908203 324.038726806641 326.692199707031 331.090393066406 336.460296630859 341.410858154297 339.839385986328 342.500335693359 354.620056152344 360.524383544922 365.056945800781 368.246551513672 370.596282958984 373.94580078125 380.406585693359
-9999 -9999 -9999 -9999 -9999 -9999 -9999 -9999 -9999 -9999 -9999 -9999 -9999 243.931442260742 253.119445800781 260.891845703125 261.890441894531 266.386962890625 270.560424804688 271.941009521484 272.965637207031 276.530364990234 274.846099853516 279.116027832031 287.086090087891 291.482055664062 293.464691162109 297.343475341797 301.196655273438 306.447265625 310.984497070312 311.674682617188 311.386871337891 312.371948242188 317.812377929688 320.681640625 315.589019775391 320.451477050781 327.303680419922 331.245788574219 331.826202392578 333.314697265625 335.124176025391 339.248779296875 347.611480712891 354.302673339844 361.456848144531 365.352020263672 369.887542724609 371.364074707031 375.662475585938
-9999 -9999 -9999 237.453002929688 239.379302978516 238.925155639648 236.934005737305 242.013702392578 246.792678833008 -9999 -9999 -9999 238.488067626953 247.459136962891 255.459121704102 261.602264404297 264.682159423828 264.410095214844 265.270751953125 271.629150390625 278.362152099609 281.982482910156 280.938079833984 285.180145263672 292.847473144531 300.495666503906 305.911407470703 309.409576416016 308.559600830078 307.500671386719 312.055084228516 315.257110595703 316.602905273438 317.794677734375 319.187408447266 314.026184082031 310.283538818359 324.875915527344 332.072540283203 331.099487304688 330.9609375 334.675170898438 339.722137451172 344.923187255859 351.910491943359 355.577239990234 358.772705078125 364.474334716797 366.938568115234 370.484588623047 374.357635498047
-9999 -9999 -9999 239.580459594727 236.070953369141 238.250534057617 237.762237548828 238.546722412109 240.033508300781 -9999 -9999 -9999 238.611434936523 243.679992675781 251.379318237305 258.285186767578 262.759979248047 262.632476806641 262.432250976562 268.529266357422 273.466888427734 282.106689453125 288.854095458984 293.579803466797 295.295867919922 299.811065673828 303.454650878906 306.636199951172 305.626037597656 306.898986816406 312.235076904297 315.444519042969 317.050689697266 317.497253417969 318.67626953125 311.332061767578 307.787322998047 318.735137939453 327.839416503906 329.15576171875 332.286071777344 337.949279785156 341.513671875 344.190246582031 350.35546875 356.027801513672 359.798583984375 362.670776367188 368.054840087891 370.505676269531 372.685241699219
-9999 -9999 -9999 238.636703491211 228.65104675293 229.360473632812 233.529739379883 237.108764648438 239.136383056641 -9999 -9999 -9999 236.76921081543 238.112838745117 246.864639282227 251.821166992188 255.564590454102 257.991790771484 256.607269287109 260.328155517578 264.103454589844 275.606872558594 285.332672119141 289.103088378906 290.087615966797 293.961547851562 298.750244140625 300.445373535156 301.082824707031 303.740112304688 308.933532714844 312.587005615234 315.044158935547 314.750732421875 314.589599609375 304.522064208984 307.718353271484 313.814422607422 321.796447753906 324.717956542969 327.935394287109 334.502716064453 341.755645751953 346.441131591797 350.590728759766 355.852172851562 358.218719482422 359.716033935547 366.215545654297 370.197631835938 369.382385253906
-9999 -9999 -9999 239.028564453125 231.220275878906 226.406951904297 227.060440063477 227.803314208984 233.763595581055 239.340911865234 245.392929077148 -9999 238.337219238281 244.332290649414 250.455795288086 252.417297363281 251.344100952148 253.624069213867 258.812133789062 264.464324951172 268.684875488281 277.598052978516 285.583526611328 293.307220458984 296.717132568359 298.560211181641 297.478576660156 297.548950195312 298.67431640625 300.648376464844 300.096466064453 302.540374755859 307.417236328125 307.223114013672 310.052215576172 295.996002197266 303.937835693359 314.866882324219 317.583282470703 321.882904052734 327.936340332031 337.164093017578 344.35888671875 347.938262939453 349.996063232422 354.442169189453 355.474456787109 358.846801757812 363.822692871094 368.09423828125 373.321136474609
-9999 -9999 -9999 233.882110595703 232.312438964844 227.127456665039 228.463012695312 232.045425415039 236.100189208984 239.660171508789 241.863296508789 -9999 236.865173339844 245.066558837891 248.796524047852 250.447509765625 249.431335449219 254.632034301758 260.750610351562 266.787536621094 276.444610595703 281.91015625 289.707824707031 293.730773925781 296.877716064453 300.145324707031 301.561004638672 302.020874023438 304.4716796875 309.097198486328 306.364227294922 296.907165527344 298.703948974609 303.541625976562 305.662231445312 294.343444824219 301.210357666016 312.683441162109 321.801544189453 327.550750732422 329.620544433594 335.183410644531 341.418823242188 345.902587890625 350.104858398438 353.635803222656 355.219482421875 357.1220703125 361.215606689453 364.022430419922 370.857757568359
-9999 -9999 -9999 234.815841674805 233.070755004883 234.933807373047 232.464996337891 236.278182983398 240.210601806641 240.873901367188 240.520812988281 234.046737670898 234.230163574219 239.505447387695 245.653106689453 248.177658081055 247.066070556641 252.380905151367 261.842315673828 268.188842773438 271.266143798828 276.810852050781 288.903961181641 295.893157958984 298.586853027344 299.80224609375 301.582641601562 302.858489990234 304.089111328125 306.761077880859 305.551177978516 300.520538330078 301.387634277344 305.251068115234 303.479705810547 301.423217773438 313.76416015625 318.907897949219 324.286560058594 331.322265625 336.313995361328 336.138061523438 339.681365966797 345.393157958984 348.351318359375 353.008575439453 359.017700195312 361.917999267578 357.996063232422 362.659210205078 368.520935058594
-9999 -9999 -9999 238.023849487305 237.947799682617 236.34748840332 235.859481811523 238.91650390625 240.581512451172 242.556076049805 238.141342163086 236.370178222656 235.802490234375 236.625991821289 248.626907348633 251.600021362305 250.690490722656 254.220901489258 250.989959716797 -9999 -9999 267.543334960938 277.958465576172 291.518829345703 295.710784912109 296.342315673828 298.643951416016 298.547027587891 297.326019287109 298.867462158203 300.351196289062 295.311614990234 298.981689453125 303.259307861328 300.301574707031 301.767303466797 312.003814697266 316.380004882812 319.815765380859 330.039855957031 337.697143554688 338.977691650391 339.897277832031 341.482757568359 344.892761230469 346.314819335938 351.948791503906 354.601470947266 356.283050537109 360.563812255859 366.458892822266
-9999 -9999 -9999 239.628311157227 239.15364074707 238.506683349609 237.29296875 238.788635253906 239.620834350586 243.929977416992 242.383392333984 239.121337890625 235.714904785156 -9999 246.639068603516 251.193817138672 254.927459716797 262.431365966797 263.871429443359 263.259063720703 259.403625488281 263.957733154297 276.397979736328 277.234954833984 285.147094726562 283.967834472656 285.604583740234 292.951965332031 296.5732421875 293.150634765625 -9999 287.785095214844 291.402374267578 301.669586181641 -9999 299.128845214844 307.298889160156 312.275054931641 313.400970458984 324.4697265625 335.267059326172 336.875640869141 339.909851074219 343.484130859375 345.565002441406 349.2138671875 350.492431640625 353.308502197266 356.434875488281 361.165588378906 364.472778320312
-9999 -9999 -9999 237.295150756836 239.017608642578 239.83610534668 241.456695556641 241.974670410156 244.13932800293 244.697357177734 241.403701782227 236.89958190918 237.070327758789 -9999 249.864212036133 257.187622070312 260.538452148438 265.237823486328 268.955108642578 267.558563232422 268.154113769531 267.420928955078 269.224975585938 278.405151367188 281.889495849609 285.139801025391 288.77880859375 293.511505126953 298.792053222656 298.147552490234 289.938446044922 291.557220458984 299.440277099609 306.687683105469 -9999 299.897399902344 305.781097412109 -9999 -9999 321.652954101562 327.322692871094 336.616546630859 344.480010986328 349.337036132812 354.129821777344 356.688720703125 356.388031005859 356.027801513672 356.157684326172 362.893890380859 363.430786132812
-9999 -9999 233.582717895508 234.766357421875 237.491195678711 239.761703491211 240.974502563477 243.755645751953 247.644729614258 246.528945922852 243.705963134766 241.506225585938 241.072982788086 -9999 251.599792480469 258.238708496094 263.706115722656 264.013488769531 264.266540527344 267.63916015625 270.905426025391 271.370391845703 269.792755126953 275.649932861328 282.485076904297 288.247222900391 289.512542724609 292.833282470703 296.871215820312 300.585144042969 300.823760986328 300.042419433594 303.936248779297 298.804962158203 303.113433837891 315.162811279297 313.378479003906 -9999 299.978210449219 310.418182373047 323.759124755859 331.556884765625 342.4677734375 350.743774414062 353.811401367188 355.154693603516 355.048309326172 354.905120849609 359.340606689453 365.262664794922 361.550689697266
-9999 -9999 236.412216186523 238.511672973633 240.348495483398 243.164306640625 243.487854003906 240.854751586914 241.651596069336 244.765960693359 243.729721069336 242.785034179688 242.700332641602 -9999 -9999 253.60627746582 257.221466064453 258.980865478516 262.040740966797 267.837463378906 273.379852294922 275.753265380859 276.791595458984 278.724334716797 281.934967041016 285.895294189453 289.477905273438 293.280822753906 297.285980224609 301.474456787109 303.525939941406 303.753387451172 307.208831787109 308.761871337891 310.954864501953 316.950866699219 323.373291015625 318.999176025391 327.192718505859 319.792694091797 319.21923828125 326.805786132812 328.944702148438 336.378265380859 341.350769042969 346.336456298828 347.48779296875 350.92138671875 355.390228271484 364.153289794922 363.056182861328
-9999 -9999 241.120056152344 241.83854675293 246.803451538086 251.747436523438 251.165985107422 246.590789794922 242.488525390625 242.475341796875 241.971923828125 241.264053344727 243.475173950195 245.191864013672 -9999 249.111755371094 254.166580200195 259.372802734375 261.186248779297 264.307373046875 269.502990722656 275.777069091797 282.072509765625 282.186126708984 277.558624267578 281.739105224609 289.243438720703 293.316253662109 297.747741699219 302.060760498047 303.209167480469 305.143402099609 312.057189941406 317.973785400391 318.044494628906 319.47509765625 324.743041992188 326.545471191406 328.340270996094 326.782653808594 318.404968261719 315.741973876953 322.126861572266 325.596557617188 331.890014648438 336.424102783203 341.374328613281 348.996948242188 354.022583007812 360.078186035156 364.052886962891
-9999 -9999 238.105575561523 241.243515014648 249.627288818359 254.314376831055 253.400924682617 251.829010009766 249.055282592773 245.73942565918 245.248794555664 243.889038085938 246.041015625 248.654235839844 -9999 251.280654907227 256.486511230469 261.37255859375 265.901519775391 266.995147705078 266.641906738281 269.916198730469 275.361175537109 275.600189208984 277.796813964844 280.935455322266 287.573547363281 292.248046875 297.381225585938 301.405548095703 304.274719238281 309.138916015625 315.938110351562 318.714416503906 319.816925048828 321.835754394531 325.337005615234 328.153381347656 328.9873046875 326.212341308594 321.035186767578 322.255004882812 332.609344482422 338.042785644531 340.018829345703 337.152648925781 344.052947998047 349.226379394531 355.630554199219 357.574798583984 361.684020996094
-9999 -9999 236.243362426758 242.105331420898 248.688827514648 250.459075927734 251.774871826172 252.554412841797 251.686126708984 250.196838378906 247.448104858398 246.478118896484 251.753433227539 254.592437744141 252.111206054688 252.959991455078 259.433166503906 263.429077148438 268.636077880859 272.573486328125 269.612182617188 265.296752929688 266.290252685547 269.049774169922 278.22021484375 283.578552246094 286.902008056641 292.255157470703 297.996520996094 303.053070068359 306.652679443359 310.672332763672 314.372802734375 317.626220703125 319.239440917969 320.352233886719 324.302917480469 328.467041015625 329.408355712891 327.571472167969 327.334197998047 327.054992675781 338.310791015625 349.745025634766 349.834869384766 347.422912597656 349.462585449219 352.90234375 357.562744140625 357.360473632812 -9999
-9999 -9999 234.402420043945 239.596527099609 244.516448974609 248.794387817383 253.099899291992 255.653503417969 256.676696777344 251.255828857422 248.149276733398 250.449295043945 257.146575927734 259.156707763672 257.920989990234 253.880111694336 262.701873779297 268.908294677734 270.591278076172 271.011901855469 270.6640625 270.466949462891 269.713745117188 266.430053710938 271.79833984375 283.172149658203 288.778656005859 292.708099365234 296.177581787109 299.909576416016 304.005676269531 306.103332519531 308.842681884766 314.035827636719 317.180084228516 317.527709960938 319.439056396484 325.161987304688 327.117523193359 328.774841308594 333.265258789062 331.810974121094 343.317077636719 350.833160400391 352.169525146484 348.704742431641 345.400848388672 351.420989990234 359.393035888672 359.729736328125 -9999
-9999 -9999 234.002838134766 237.607986450195 245.743286132812 254.17839050293 259.036193847656 260.059112548828 259.261535644531 258.259033203125 255.589630126953 259.247589111328 268.214630126953 270.735778808594 269.56689453125 272.339538574219 -9999 268.060852050781 271.501800537109 267.025512695312 267.374267578125 274.573425292969 277.534576416016 272.489562988281 272.109252929688 279.049377441406 283.525817871094 287.987701416016 292.8173828125 295.4775390625 297.402008056641 301.258880615234 307.742492675781 313.826110839844 314.747100830078 312.376770019531 313.258361816406 318.331420898438 319.891571044922 324.730926513672 328.19970703125 326.860015869141 339.448425292969 351.974578857422 349.703826904297 342.760955810547 336.542053222656 344.504119873047 353.352752685547 -9999 -9999
-9999 -9999 237.652359008789 -9999 245.300445556641 255.678329467773 261.160339355469 265.129699707031 264.33544921875 262.424896240234 262.119598388672 263.141571044922 270.858367919922 272.859802246094 275.28515625 280.420196533203 -9999 266.446166992188 267.936462402344 268.233581542969 269.090515136719 271.630523681641 277.690673828125 276.092834472656 273.800811767578 278.091613769531 283.075286865234 288.337585449219 295.702362060547 301.001983642578 301.334228515625 303.64306640625 310.164916992188 312.730804443359 314.538757324219 314.629547119141 316.618621826172 310.914215087891 306.264282226562 307.660095214844 310.381774902344 308.499267578125 324.855102539062 345.977081298828 346.299224853516 343.426879882812 342.169677734375 351.155639648438 351.844696044922 -9999 -9999
-9999 -9999 247.305526733398 248.950012207031 249.025665283203 255.176986694336 262.702209472656 264.249481201172 260.999237060547 263.706115722656 262.754241943359 263.077972412109 266.205627441406 270.366119384766 273.021881103516 276.48974609375 256.853851318359 265.427307128906 266.607604980469 265.238677978516 265.239624023438 271.173278808594 275.093200683594 277.622314453125 276.676910400391 278.747406005859 285.468414306641 289.760162353516 290.829437255859 293.816558837891 297.389526367188 300.703063964844 305.039093017578 306.124847412109 307.231597900391 312.029602050781 313.418212890625 305.507507324219 301.702087402344 302.549011230469 302.937316894531 303.778930664062 315.131744384766 328.856597900391 335.591003417969 341.841766357422 340.928131103516 340.304656982422 -9999 -9999 -9999
