L_variabilis/M_variables/Set1/bio_4.asc
NCOLS 96 
NROWS 289 
XLLCORNER -75.2083333333333 
YLLCORNER -49.9166666666667 
CELLSIZE 0.0416666666666667 
NODATA_value -9999 
[rows 184 to 206 of 289, columns 0 to 50 of 96]
-9999 -9999 -9999 -9999 -9999 -9999 -9999 -9999 -9999 326.481689453125 331.071502685547 323.668304443359 -9999 -9999 -9999 -9999 335.687561035156 340.677001953125 341.426177978516 343.581939697266 345.017486572266 344.827972412109 344.813903808594 343.848907470703 328.577270507812 325.351776123047 327.932952880859 335.548950195312 341.605407714844 347.26513671875 347.157928466797 341.882537841797 342.466644287109 344.633087158203 339.085540771484 347.301544189453 351.025665283203 353.863006591797 355.202362060547 354.158569335938 335.899749755859 341.917510986328 355.3046875 363.456237792969 361.831756591797 361.005187988281 362.284149169922 360.436645507812 359.297180175781 360.460327148438 362.387145996094
-9999 -9999 -9999 -9999 -9999 -9999 -9999 -9999 329.467712402344 335.175323486328 337.939117431641 -9999 -9999 -9999 330.820007324219 336.599517822266 336.698516845703 339.138061523438 343.223205566406 344.178466796875 343.649780273438 343.969177246094 343.016143798828 342.785980224609 341.730529785156 323.511444091797 327.170959472656 334.548004150391 343.751983642578 349.894744873047 349.991394042969 346.628936767578 346.052673339844 336.88720703125 341.33056640625 348.347717285156 350.171081542969 351.803100585938 353 351.948516845703 340.130615234375 344.912231445312 356.248687744141 361.147796630859 357.247741699219 356.189605712891 356.500427246094 357.545135498047 359.865173339844 362.105743408203 363.791625976562
-9999 -9999 -9999 -9999 -9999 -9999 -9999 -9999 330.549102783203 335.934692382812 339.465881347656 -9999 321.670593261719 328.021636962891 333.983795166016 341.870788574219 339.440521240234 340.443725585938 345.238464355469 346.100219726562 344.806884765625 344.647674560547 343.8359375 343.848297119141 343.366241455078 -9999 328.624603271484 332.372863769531 341.749450683594 350.658782958984 350.560363769531 349.881072998047 349.629333496094 335.306579589844 344.305480957031 348.280792236328 349.244445800781 348.204833984375 346.389953613281 344.162628173828 339.380279541016 346.214263916016 355.351898193359 357.737487792969 354.447204589844 351.285552978516 355.136352539062 357.194671630859 358.821655273438 359.722900390625 361.021697998047
-9999 -9999 -9999 -9999 -9999 -9999 -9999 -9999 328.698303222656 333.516998291016 335.539672851562 338.100524902344 329.104705810547 331.238433837891 340.409942626953 343.920227050781 342.586273193359 341.959991455078 343.886688232422 343.262847900391 344.566986083984 345.665771484375 344.844421386719 344.352874755859 344.102081298828 323.028991699219 323.766906738281 328.435943603516 340.176483154297 350.709167480469 350.343627929688 350.180786132812 -9999 337.355895996094 342.296539306641 346.684539794922 346.719635009766 348.245513916016 347.227905273438 -9999 338.585479736328 347.900817871094 354.004669189453 355.360900878906 352.561676025391 354.5654296875 356.157592773438 357.164123535156 359.124908447266 360.184814453125 361.177154541016
-9999 -9999 -9999 -9999 -9999 -9999 -9999 -9999 328.596282958984 329.285278320312 -9999 337.041107177734 330.254760742188 333.5927734375 342.357604980469 344.180999755859 342.892822265625 342.431701660156 342.83984375 343.310089111328 341.382598876953 342.403106689453 339.023406982422 341.452850341797 343.569915771484 331.588073730469 329.895324707031 330.265838623047 340.714080810547 348.751312255859 351.121368408203 332.158630371094 -9999 330.695709228516 339.202819824219 343.331756591797 341.926696777344 344.184143066406 347.584381103516 332.147735595703 338.665252685547 348.444122314453 352.350830078125 352.033630371094 354.463958740234 356.634155273438 358.052764892578 358.432281494141 359.191680908203 361.098846435547 363.041107177734
-9999 -9999 -9999 -9999 -9999 -9999 -9999 -9999 -9999 -9999 -9999 322.764068603516 326.543243408203 335.818420410156 340.290222167969 340.625091552734 340.000762939453 340.004638671875 341.719390869141 340.674285888672 340.652099609375 338.254699707031 339.321624755859 341.781860351562 342.915252685547 339.27197265625 333.059265136719 335.867858886719 342.274810791016 346.247009277344 343.786163330078 336.941467285156 336.858825683594 335.962097167969 333.3134765625 339.068695068359 338.171051025391 337.312652587891 342.629302978516 332.336822509766 338.308563232422 344.550537109375 349.809967041016 353.700653076172 356.215637207031 358.343902587891 360.525115966797 360.673919677734 360.611450195312 362.319488525391 364.447296142578
-9999 -9999 -9999 -9999 -9999 -9999 -9999 -9999 -9999 -9999 335.740142822266 340.705291748047 340.377777099609 334.177825927734 -9999 339.420074462891 339.356109619141 340.337951660156 339.849487304688 340.759155273438 342.529754638672 343.510589599609 343.741973876953 343.862365722656 345.528747558594 345.310394287109 343.324066162109 341.804229736328 346.6474609375 348.186614990234 344.592407226562 336.494659423828 338.646087646484 338.941375732422 335.554168701172 341.474700927734 344.241180419922 335.449066162109 340.684204101562 338.963104248047 343.575775146484 347.303253173828 351.780517578125 355.513671875 356.591705322266 358.476745605469 360.008850097656 361.46533203125 362.209625244141 363.103790283203 365.303131103516
-9999 -9999 -9999 -9999 -9999 -9999 -9999 -9999 337.476165771484 334.692199707031 334.975128173828 339.028381347656 344.030334472656 338.512908935547 339.819061279297 345.642303466797 343.550201416016 343.516815185547 335.773101806641 341.355499267578 345.215423583984 346.838470458984 346.228546142578 342.746704101562 344.243560791016 345.427856445312 347.069549560547 348.119140625 348.368835449219 349.332763671875 349.207855224609 335.199676513672 341.742004394531 344.673980712891 344.950836181641 344.7431640625 344.363159179688 -9999 -9999 339.947357177734 345.850677490234 353.053497314453 356.138031005859 356.411254882812 357.406127929688 359.655578613281 361.506317138672 362.637420654297 363.078186035156 364.001556396484 366.499725341797
-9999 -9999 -9999 -9999 -9999 -9999 -9999 340.162750244141 341.326782226562 341.563903808594 341.716674804688 342.477752685547 346.355041503906 345.037139892578 344.858520507812 348.251281738281 346.032135009766 344.758605957031 335.995513916016 338.524627685547 343.355346679688 345.675750732422 348.148681640625 347.474365234375 347.081420898438 347.723510742188 348.364227294922 348.049438476562 346.833374023438 340.363189697266 337.385650634766 342.537689208984 347.595642089844 348.099517822266 345.3701171875 343.557006835938 343.196594238281 343.795654296875 -9999 337.816253662109 346.452819824219 353.415740966797 356.628295898438 357.873870849609 358.686553955078 360.597991943359 362.562103271484 362.904418945312 362.810699462891 363.978485107422 365.428283691406
-9999 -9999 -9999 -9999 -9999 -9999 -9999 342.659881591797 343.155883789062 343.204467773438 345.034881591797 344.794921875 344.587219238281 343.887176513672 347.380065917969 350.351806640625 347.685760498047 347.429748535156 343.798583984375 337.742767333984 341.673706054688 345.5625 346.947265625 348.746215820312 349.930694580078 350.512512207031 350.160552978516 348.658538818359 345.668823242188 336.507232666016 335.580108642578 342.82763671875 347.128173828125 344.684906005859 342.723999023438 345.193695068359 344.697814941406 341.536407470703 336.216217041016 341.515441894531 349.467376708984 354.153900146484 356.627380371094 357.780639648438 357.539245605469 358.356994628906 359.891448974609 360.690185546875 362.074676513672 363.715637207031 364.94482421875
-9999 -9999 -9999 -9999 -9999 -9999 -9999 340.676177978516 340.170776367188 341.471801757812 341.066955566406 342.86669921875 341.776184082031 340.890930175781 343.906707763672 348.492340087891 348.406188964844 346.4775390625 345.679138183594 340.562652587891 342.933502197266 347.838562011719 349.172760009766 349.932342529297 349.846557617188 349.742401123047 349.146362304688 350.046783447266 346.017547607422 340.717529296875 341.654907226562 340.067687988281 343.239532470703 340.627258300781 342.032562255859 344.975067138672 344.316192626953 333.604522705078 338.278045654297 346.456512451172 352.281890869141 354.9892578125 356.520843505859 357.547149658203 357.736267089844 359.139221191406 361.761016845703 361.765869140625 362.475799560547 363.834899902344 364.662261962891
-9999 -9999 -9999 -9999 -9999 -9999 -9999 336.728942871094 338.672088623047 338.427764892578 337.748504638672 341.518829345703 337.575347900391 338.508209228516 342.0234375 344.729766845703 343.902313232422 344.900909423828 344.899719238281 342.340728759766 344.621978759766 349.138763427734 350.301513671875 349.2158203125 349.894592285156 349.333404541016 348.258209228516 347.788146972656 347.556823730469 347.981506347656 345.747955322266 339.204040527344 343.413513183594 342.960418701172 339.158843994141 340.063201904297 340.498962402344 335.778381347656 335.941833496094 345.862579345703 352.302062988281 355.707000732422 356.363830566406 357.575256347656 359.753387451172 361.145385742188 363.266021728516 363.157135009766 363.121673583984 364.787078857422 365.040496826172
-9999 -9999 -9999 -9999 -9999 -9999 -9999 338.056243896484 338.613067626953 339.241302490234 335.146667480469 337.938171386719 338.623352050781 339.287536621094 341.533172607422 344.984283447266 343.836944580078 341.314147949219 345.231384277344 344.083557128906 345.801452636719 345.586608886719 348.318450927734 347.642608642578 348.381439208984 348.629364013672 348.668029785156 349.177368164062 349.291473388672 348.133758544922 344.564270019531 339.423828125 345.428588867188 346.243957519531 344.943756103516 344.233734130859 344.921203613281 337.522216796875 334.022918701172 343.623657226562 350.499908447266 355.466339111328 355.800903320312 353.47314453125 356.906188964844 360.145599365234 360.831115722656 361.375549316406 364.118225097656 368.331817626953 368.526092529297
-9999 -9999 -9999 -9999 -9999 -9999 -9999 332.951599121094 338.735168457031 337.678131103516 331.077606201172 332.132751464844 336.902435302734 337.7119140625 337.444793701172 342.524230957031 340.701385498047 340.620422363281 342.244110107422 342.421142578125 344.340484619141 344.879150390625 347.782501220703 347.968353271484 348.988647460938 350.427185058594 349.248565673828 349.379669189453 348.810699462891 345.578094482422 340.794830322266 340.110656738281 341.941253662109 343.240295410156 345.033294677734 345.174346923828 345.782958984375 344.250305175781 336.672943115234 344.697540283203 351.188873291016 355.66064453125 352.958404541016 354.360717773438 359.373413085938 363.14404296875 363.391906738281 363.800109863281 365.619445800781 365.247344970703 364.939544677734
-9999 -9999 -9999 -9999 -9999 -9999 -9999 -9999 331.042724609375 334.328460693359 330.672302246094 332.581512451172 336.506408691406 336.988037109375 339.854156494141 341.459259033203 341.536041259766 342.049499511719 344.738464355469 342.628570556641 342.907989501953 344.443634033203 346.378784179688 346.880035400391 347.872009277344 347.765411376953 344.536346435547 345.188171386719 342.970703125 342.303833007812 338.578704833984 339.236846923828 337.725921630859 338.939758300781 341.302520751953 343.584045410156 342.678344726562 -9999 336.081878662109 346.829345703125 351.999206542969 346.910339355469 350.716278076172 355.840026855469 360.324310302734 365.342559814453 368.619262695312 369.797332763672 363.213806152344 356.3642578125 358.751190185547
-9999 -9999 -9999 -9999 -9999 -9999 -9999 329.750396728516 334.168731689453 336.308074951172 339.778900146484 336.996978759766 338.389953613281 340.643768310547 339.920623779297 341.102111816406 341.085205078125 340.806549072266 343.312591552734 339.989410400391 342.360992431641 343.678161621094 344.514282226562 345.515350341797 347.669921875 346.864471435547 344.139556884766 343.225158691406 339.420379638672 339.840484619141 339.328216552734 341.092468261719 339.637420654297 336.008697509766 336.973388671875 339.508483886719 341.181304931641 329.3583984375 337.276153564453 347.720855712891 346.308074951172 347.166748046875 351.783813476562 356.320648193359 358.463073730469 363.163116455078 366.851898193359 368.563720703125 364.912811279297 365.809600830078 367.034545898438
-9999 -9999 -9999 -9999 -9999 -9999 -9999 328.27392578125 334.169952392578 336.781097412109 338.123596191406 339.457824707031 337.563812255859 337.776519775391 338.214050292969 339.070892333984 335.814117431641 336.054718017578 337.521545410156 341.312927246094 342.208282470703 342.004119873047 343.757537841797 345.928741455078 345.015350341797 342.754730224609 339.1533203125 341.546173095703 340.437957763672 339.097930908203 340.800750732422 341.014038085938 340.750885009766 339.765838623047 340.752716064453 340.934356689453 -9999 328.179656982422 338.577209472656 344.785736083984 342.569946289062 346.177368164062 353.124481201172 357.694030761719 359.740051269531 364.266784667969 368.693695068359 368.587371826172 367.719024658203 368.582183837891 373.888427734375
-9999 -9999 -9999 -9999 -9999 -9999 -9999 332.816650390625 335.296234130859 337.213134765625 337.720397949219 339.144989013672 337.793914794922 339.18505859375 338.272796630859 334.577941894531 332.243804931641 332.569152832031 332.944763183594 336.154724121094 339.971527099609 340.373291015625 339.935241699219 341.226043701172 341.412475585938 341.510131835938 341.125854492188 342.785736083984 342.038848876953 340.424530029297 339.588897705078 339.497436523438 340.070465087891 341.104858398438 341.362365722656 341.313079833984 -9999 328.166259765625 337.264709472656 337.970794677734 338.647674560547 345.252380371094 352.459350585938 357.881561279297 361.166473388672 364.427703857422 366.357849121094 365.74267578125 367.005462646484 368.120483398438 371.488555908203
-9999 -9999 -9999 -9999 -9999 -9999 -9999 334.640441894531 335.679504394531 337.011169433594 336.7333984375 337.987121582031 338.298126220703 336.868377685547 336.197967529297 336.591552734375 334.575286865234 330.704467773438 331.90869140625 332.255096435547 337.403228759766 337.571868896484 339.375732421875 340.900146484375 341.260650634766 341.844940185547 341.560577392578 342.223785400391 341.295043945312 338.383331298828 337.656280517578 338.492828369141 339.807556152344 339.601745605469 340.407440185547 341.007568359375 322.83984375 326.572296142578 336.071044921875 339.333831787109 345.093872070312 348.737121582031 351.946380615234 355.494689941406 357.410949707031 361.728607177734 364.564910888672 366.654998779297 371.229553222656 371.799285888672 371.235443115234
-9999 -9999 -9999 -9999 -9999 -9999 335.086364746094 336.875335693359 337.308074951172 336.917175292969 335.567169189453 336.570465087891 336.971160888672 336.622039794922 332.995788574219 332.859497070312 334.7578125 332.958343505859 331.205657958984 328.620971679688 330.447998046875 333.617553710938 335.6923828125 333.993927001953 334.70654296875 336.123687744141 337.453552246094 338.617889404297 337.060852050781 334.904968261719 335.574462890625 336.385528564453 337.485076904297 336.880096435547 332.557739257812 -9999 -9999 336.514770507812 339.842132568359 343.790222167969 351.107177734375 353.676727294922 354.895843505859 357.050170898438 358.848876953125 362.118072509766 364.963836669922 367.162414550781 372.346130371094 372.828430175781 371.487182617188
-9999 -9999 -9999 -9999 -9999 -9999 333.851928710938 332.875122070312 333.067443847656 332.939239501953 333.872985839844 331.764068603516 332.618347167969 333.5234375 331.085998535156 327.330047607422 329.622680664062 330.427978515625 330.835327148438 326.238189697266 325.692260742188 330.777221679688 331.213012695312 329.988128662109 328.971771240234 329.893096923828 333.717864990234 336.910675048828 334.524810791016 332.688781738281 334.380126953125 336.101409912109 336.271026611328 334.483734130859 327.925170898438 327.205322265625 334.642059326172 340.212036132812 344.817749023438 348.848297119141 353.835723876953 356.742218017578 357.653930664062 360.843505859375 362.104553222656 364.176666259766 365.857147216797 366.318267822266 370.383178710938 374.340881347656 374.841705322266
-9999 -9999 -9999 -9999 -9999 -9999 330.173889160156 329.522644042969 331.437438964844 330.753326416016 332.546417236328 328.035308837891 328.789947509766 331.104919433594 328.584167480469 326.279113769531 323.915222167969 323.474456787109 326.808624267578 326.09765625 322.630981445312 324.474731445312 326.257781982422 327.061584472656 328.500244140625 331.774078369141 334.510955810547 336.240051269531 335.322021484375 334.255737304688 334.843475341797 335.930236816406 336.228454589844 334.478057861328 -9999 327.872497558594 337.00732421875 344.264617919922 347.894805908203 350.758026123047 353.042236328125 355.456756591797 357.932556152344 360.623352050781 364.349975585938 365.995941162109 368.270294189453 370.983215332031 371.020538330078 374.639343261719 376.348236083984
-9999 -9999 -9999 -9999 -9999 -9999 328.359313964844 329.685791015625 331.022338867188 331.859527587891 332.164855957031 328.762512207031 324.614044189453 329.312835693359 327.613372802734 326.807739257812 321.778015136719 320.166809082031 324.091827392578 324.952026367188 323.552062988281 322.79931640625 324.754150390625 325.659698486328 326.362884521484 330.717376708984 333.365661621094 333.825988769531 335.109832763672 335.971527099609 335.18798828125 329.689849853516 321.704223632812 -9999 323.894683837891 329.216491699219 339.352111816406 347.78076171875 349.881927490234 348.740783691406 349.395660400391 351.932464599609 352.720764160156 358.302520751953 364.207153320312 368.167724609375 368.676422119141 371.351379394531 368.150512695312 368.764038085938 374.188323974609
