L_variabilis/M_variables/Set1/bio_12.asc
NCOLS 96 
NROWS 289 
XLLCORNER -75.2083333333333 
YLLCORNER -49.9166666666667 
CELLSIZE 0.0416666666666667 
NODATA_value -9999 
[rows 144 to 179 of 289, columns 0 to 82 of 96]
-9999 -9999 -9999 -9999 -9999 -9999 -9999 -9999 -9999 -9999 -9999 -9999 -9999 -9999 -9999 -9999 -9999 -9999 -9999 -9999 -9999 -9999 -9999 -9999 -9999 2492 2560 2611 2672 2706 2744 2889 2965 3018 3054 3084 3057 3044 3018 -9999 -9999 -9999 -9999 -9999 -9999 -9999 2823 2810 2675 2619 2749 2650 2525 2625 2521 2541 2518 2534 2431 2091 2113 1938 1958 1866 1861 1829 1961 2054 1884 1877 1912 1666 1332 1406 1377 1410 1317 1168 1160 1095 1079 1034 962
-9999 -9999 -9999 -9999 -9999 -9999 -9999 -9999 -9999 -9999 -9999 -9999 -9999 -9999 -9999 -9999 -9999 -9999 -9999 -9999 -9999 -9999 -9999 -9999 -9999 2476 2561 2614 -9999 2760 2799 2832 2887 3012 3060 3083 3055 3044 3031 3010 -9999 -9999 -9999 -9999 -9999 -9999 2825 2694 2575 2626 2755 2656 2642 2636 2592 2404 2246 2395 2504 2363 2044 1952 1937 1908 1918 2105 2187 2132 1916 1838 1899 1922 1651 1376 1261 1281 1206 1134 1091 1042 1041 1026 981
-9999 -9999 -9999 -9999 -9999 -9999 -9999 -9999 -9999 -9999 -9999 -9999 -9999 -9999 -9999 -9999 -9999 -9999 -9999 -9999 -9999 -9999 -9999 2375 2400 -9999 -9999 -9999 -9999 -9999 2846 2852 2888 2969 3029 3045 3042 3018 3021 -9999 -9999 -9999 2940 -9999 -9999 -9999 2799 2742 2636 2562 2716 2622 2611 2456 2598 2453 2350 2321 2456 2426 2348 2095 2111 2194 2209 2183 2194 2042 1992 1952 1881 1868 1745 1546 1456 1413 1197 1200 1165 1097 1094 983 958
-9999 -9999 -9999 -9999 -9999 -9999 -9999 -9999 -9999 -9999 -9999 -9999 -9999 -9999 -9999 -9999 -9999 -9999 -9999 -9999 -9999 -9999 2345 2381 2420 2490 2560 -9999 -9999 -9999 -9999 -9999 -9999 2947 2994 3013 3015 2994 3001 2995 -9999 -9999 -9999 -9999 -9999 -9999 2812 2766 2701 2700 2634 2537 2423 2468 2387 2281 2289 2367 2342 2077 2279 2351 2325 2299 2227 2187 2194 1761 1697 2013 1772 1696 1486 1410 1447 1445 1489 1383 1241 1142 1075 994 969
-9999 -9999 -9999 -9999 -9999 -9999 -9999 -9999 -9999 -9999 -9999 -9999 -9999 -9999 -9999 -9999 -9999 -9999 -9999 -9999 2306 2290 2333 2401 2464 2518 2594 2641 -9999 -9999 2799 2865 2876 -9999 -9999 2975 2990 2966 2917 2950 2961 -9999 -9999 -9999 -9999 -9999 2789 2805 2599 2646 2652 2374 2542 2305 2085 1699 1700 2047 2182 2180 1997 2048 2145 2108 1887 1990 2094 1702 1780 2026 1832 1846 1741 1452 1327 1262 1242 1156 1184 1258 1134 984 929
-9999 -9999 -9999 -9999 -9999 -9999 -9999 -9999 -9999 -9999 -9999 -9999 -9999 -9999 -9999 -9999 -9999 -9999 -9999 -9999 2284 2269 2368 2407 2439 2564 2615 2629 2693 -9999 2749 2799 2885 -9999 2891 -9999 2972 2963 2927 2958 2911 2914 2895 -9999 -9999 -9999 2799 2805 2622 2486 2732 2704 2575 2397 2328 1986 1901 2063 2008 2024 2092 1921 2046 1908 1848 1983 1892 1709 1981 1859 1548 1787 1833 1663 1341 1291 1249 1156 1159 1224 1100 1043 946
-9999 -9999 -9999 -9999 -9999 -9999 -9999 -9999 -9999 -9999 -9999 -9999 -9999 -9999 -9999 -9999 -9999 -9999 -9999 -9999 2292 2305 2304 2422 2453 2496 2462 2606 2704 2703 2602 2721 2852 2881 2925 2926 2925 2933 2935 2903 2882 2864 2882 -9999 -9999 -9999 2806 2757 2724 2647 2695 2668 2459 2427 2447 2464 2378 2268 2208 2006 1900 1941 1953 1820 1860 2143 1834 1788 2009 1552 1600 1686 1820 1711 1428 1235 1250 1208 1178 1243 997 971 952
-9999 -9999 -9999 -9999 -9999 -9999 -9999 -9999 -9999 -9999 -9999 -9999 -9999 -9999 -9999 -9999 -9999 -9999 -9999 -9999 2300 2341 2380 -9999 2500 2527 2548 2535 2645 2699 2678 2766 2802 2854 2900 2892 2885 2912 2911 -9999 2877 2857 -9999 -9999 -9999 -9999 2790 2759 2613 2622 2672 2564 2548 2308 2203 2319 2090 2114 2137 2155 1979 1983 1980 1771 1865 2122 1725 1707 1970 1722 1702 1565 1687 1405 1573 1466 1405 1232 1275 1276 1228 1127 1052
-9999 -9999 -9999 -9999 -9999 -9999 -9999 -9999 -9999 -9999 -9999 -9999 -9999 -9999 -9999 -9999 -9999 -9999 -9999 2270 2291 2276 2401 2431 2494 2552 2606 2577 2572 2661 2657 2734 2828 2845 2865 2840 2883 2887 -9999 -9999 2864 -9999 -9999 -9999 -9999 -9999 -9999 2755 2690 2505 2630 2542 2444 2434 2332 2122 2197 2069 1915 1964 2012 2057 1980 1838 1982 1900 1823 1649 1808 1839 1460 1523 1589 1468 1320 1307 1269 1315 1264 1350 1281 1169 1089
-9999 -9999 -9999 -9999 -9999 -9999 -9999 -9999 -9999 -9999 -9999 -9999 -9999 -9999 -9999 -9999 -9999 -9999 -9999 2285 2259 2240 2312 2416 2509 2544 2577 2516 2530 2673 2651 2713 2790 2792 2807 2846 2860 2858 -9999 2857 2850 2817 -9999 -9999 -9999 -9999 -9999 2732 2725 2666 2582 2648 2494 2499 2239 2252 2392 2305 2244 2235 2247 1989 1919 1864 2082 1771 1731 1477 1670 1790 1428 1409 1438 1379 1351 1341 1324 1360 1370 1340 1238 1087 1013
-9999 -9999 -9999 -9999 -9999 -9999 -9999 -9999 -9999 -9999 -9999 -9999 -9999 -9999 -9999 -9999 -9999 -9999 -9999 2265 2357 2353 2381 2417 2503 2549 2575 2612 2546 2623 2671 2700 2742 2759 2811 2839 2840 2845 2826 2837 -9999 2839 -9999 -9999 -9999 -9999 2782 2706 2736 2683 2660 2643 2511 2614 2531 2482 2371 2348 2210 1976 1986 1874 1972 2167 1917 1799 1595 1694 1798 1551 1431 1466 1445 1418 1421 1430 1436 1289 1323 1233 1124 984 968
-9999 -9999 -9999 -9999 -9999 -9999 -9999 -9999 -9999 -9999 -9999 -9999 -9999 -9999 -9999 -9999 -9999 -9999 2260 2275 2311 2302 2393 2453 2501 2507 2511 2513 2558 2643 2687 2730 2727 2787 2805 2825 2820 2836 2827 2834 -9999 -9999 -9999 -9999 -9999 2803 2572 2566 2619 2713 2627 2659 2592 2600 2590 2471 2191 2069 2076 2012 2106 2031 2209 2201 1979 1793 1656 1696 1549 1572 1490 1490 1366 1363 1406 1402 1235 1219 1102 1162 1039 967 968
-9999 -9999 -9999 -9999 -9999 -9999 -9999 -9999 -9999 -9999 -9999 -9999 -9999 -9999 -9999 -9999 2204 2235 2262 2301 2356 2368 2374 2447 2499 2514 2540 2597 2497 2505 2596 2707 2687 2746 2786 2735 2777 2812 2814 -9999 -9999 -9999 -9999 -9999 -9999 2758 2680 2668 2683 2634 2680 2552 2499 2515 2581 2559 2511 2459 2294 2179 2147 2227 2290 2125 1731 1532 1394 1407 1490 1452 1562 1488 1493 1428 1497 1196 1224 1194 1076 1035 1040 956 908
-9999 -9999 -9999 -9999 -9999 -9999 -9999 -9999 -9999 -9999 -9999 -9999 -9999 -9999 -9999 -9999 2212 2210 2299 2326 2288 2294 2300 2387 2504 2496 2521 2585 2638 2671 2623 2701 2693 2702 2744 2794 2754 2788 2782 2785 -9999 -9999 -9999 -9999 -9999 2760 2750 2595 2457 2577 2661 2615 2518 2263 2436 2546 2437 2488 2420 2272 2208 2308 2275 1945 1780 1580 1560 1576 1408 1362 1400 1421 1562 1553 1344 1231 1232 1120 1114 1019 985 939 896
-9999 -9999 -9999 -9999 -9999 -9999 -9999 -9999 -9999 -9999 -9999 -9999 -9999 -9999 -9999 2185 2214 2217 2291 2297 2263 2323 2404 2384 2484 2537 2564 2587 2609 2634 2653 2609 2649 2734 2761 2770 2755 2767 2763 2781 -9999 -9999 -9999 -9999 -9999 -9999 2733 2615 2485 2509 2452 2437 2596 2395 2489 2317 2165 2144 2343 2377 2181 2313 2291 2161 1933 1837 1678 1462 1411 1514 1493 1471 1504 1288 1224 1210 1125 1084 1050 1010 964 924 890
-9999 -9999 -9999 -9999 -9999 -9999 -9999 -9999 -9999 -9999 -9999 -9999 -9999 -9999 -9999 -9999 2217 2216 2243 2304 2340 2313 2303 2355 2338 2488 2541 2518 2543 2595 2645 2664 2642 2729 2748 2740 2758 2751 2756 2774 -9999 -9999 -9999 -9999 2733 2721 -9999 2577 2459 2510 2314 2363 2339 2519 2552 2343 2207 2156 2089 2179 2363 2337 2176 2112 2010 1696 1549 1546 1550 1376 1329 1354 1462 1375 1294 1235 1181 1130 1090 1038 980 962 939
-9999 -9999 -9999 -9999 -9999 -9999 -9999 -9999 -9999 -9999 -9999 2086 -9999 -9999 -9999 -9999 -9999 -9999 -9999 2343 2368 2360 2377 2357 2416 2454 2532 2580 2555 2592 2627 2620 -9999 2725 2654 2693 2680 2716 2751 2758 -9999 -9999 -9999 2732 2718 2687 2701 2521 2628 2604 2623 2411 2212 2513 2248 2176 2082 2046 2137 2258 2373 2197 2022 1772 1874 1961 1890 1828 1564 1568 1553 1446 1428 1285 1260 1236 1172 1080 1041 997 968 959 916
-9999 -9999 -9999 -9999 -9999 -9999 -9999 -9999 -9999 -9999 2079 2104 -9999 2161 2182 2202 2231 -9999 -9999 2327 2352 2390 2381 2350 2361 2408 2509 2514 2558 2564 2566 2607 2640 2668 2579 2539 2603 2719 2715 -9999 -9999 -9999 2743 2700 2714 2682 2665 2578 2442 2403 2602 2579 2519 2562 2533 2357 2158 2133 2334 2399 2369 2024 1833 1836 1651 1594 1724 1695 1598 1676 1546 1420 1348 1398 1217 1204 1108 1070 1061 1063 1006 943 938
-9999 -9999 -9999 -9999 -9999 -9999 -9999 -9999 -9999 -9999 2086 2113 2151 2169 2193 2216 2236 2279 2294 2330 2335 2337 2398 2447 2439 2451 2417 2420 2449 2535 2543 2589 2647 2687 2638 2491 2478 2675 2715 -9999 -9999 -9999 2718 2638 2689 2555 2525 2658 2652 2525 2443 2349 2501 2272 2418 2526 2461 2447 2444 2406 2368 2106 1976 1797 1682 1729 1847 1849 1826 1733 1727 1386 1298 1334 1362 1198 1169 1147 1145 1059 1050 1054 1023
-9999 -9999 -9999 -9999 -9999 -9999 -9999 -9999 -9999 -9999 2088 -9999 2148 2177 2204 2234 2254 2274 2303 2320 2316 2350 2361 2386 2385 2374 2386 2461 2484 2572 2524 2535 2615 2667 2627 2471 2539 2642 2687 2701 -9999 -9999 2714 2579 2626 2615 2512 2381 2565 2521 2216 2054 2409 2323 2115 2160 2282 2421 2446 2406 2269 2050 1802 1959 2052 2042 1754 1699 1703 1724 1569 1584 1430 1359 1441 1318 1352 1244 1161 1099 1068 1009 950
-9999 -9999 -9999 -9999 -9999 -9999 -9999 -9999 -9999 -9999 -9999 -9999 -9999 -9999 -9999 2235 2267 2258 2309 2349 2325 2345 2356 2368 2448 2464 2470 2475 2523 2557 2591 2571 2591 2621 2667 2637 2629 2639 2677 2692 -9999 2728 2693 2511 2647 2563 2543 2403 2552 2489 2355 2182 2192 2250 2155 2302 2442 2454 2440 2406 2348 2172 1948 2060 1706 1830 1646 1535 1635 1557 1503 1536 1597 1506 1502 1253 1236 1172 1141 1032 966 930 886
-9999 -9999 -9999 -9999 -9999 -9999 -9999 -9999 -9999 -9999 -9999 -9999 -9999 -9999 -9999 -9999 2276 2270 2278 2359 2367 2369 2360 2396 2419 2431 2473 2506 2521 2539 2580 2593 2563 2605 2674 2608 2512 2599 2603 2680 -9999 -9999 2684 2666 2449 2618 2629 2392 2623 2435 2477 2392 2322 2306 2402 2505 2497 2489 2348 2162 2354 2314 2149 1911 1752 1682 1625 1527 1483 1438 1379 1566 1525 1278 1361 1162 1141 1111 1037 1037 972 913 871
-9999 -9999 -9999 -9999 -9999 -9999 -9999 -9999 -9999 -9999 -9999 -9999 -9999 -9999 -9999 -9999 -9999 2284 2278 2278 2314 2378 2389 2423 2477 2443 2443 2396 2507 2467 2506 2491 2435 2513 2630 2596 2475 2512 2622 2668 -9999 -9999 -9999 2592 2625 2581 2566 2520 2599 2574 2395 2225 2240 2488 2555 2529 2452 2209 1915 2016 2224 2237 1912 1819 1758 1683 1707 1604 1520 1559 1377 1607 1402 1248 1243 1203 1169 1081 1022 980 914 894 841
-9999 -9999 -9999 -9999 -9999 -9999 -9999 -9999 -9999 -9999 -9999 -9999 -9999 -9999 -9999 -9999 -9999 -9999 2326 2337 2341 2370 2411 2421 2454 2464 2504 2490 2419 2529 2563 2560 2582 2528 2590 2611 2622 2596 2630 -9999 -9999 -9999 -9999 2639 2490 2441 2331 2420 2418 2311 2337 2214 2459 2569 2536 2379 2085 1928 1969 2195 2217 2125 1772 1802 1775 1861 1612 1520 1550 1597 1377 1545 1390 1243 1226 1149 1128 1083 1023 960 925 877 825
-9999 -9999 -9999 -9999 -9999 -9999 -9999 -9999 -9999 -9999 -9999 -9999 -9999 -9999 -9999 -9999 -9999 -9999 2305 2336 2360 2387 2386 2443 2374 2319 2383 2499 2424 2484 2518 2523 2525 2538 2576 2600 2614 2625 2647 -9999 -9999 -9999 -9999 -9999 -9999 2619 2480 2376 2286 2451 2397 2532 2372 2469 2462 2017 2017 2025 2063 2000 1903 2005 2134 2037 2074 1876 1614 1563 1507 1575 1388 1322 1520 1276 1136 1082 1032 998 945 955 923 877 844
-9999 -9999 -9999 -9999 -9999 -9999 -9999 -9999 -9999 -9999 -9999 -9999 -9999 2193 2221 -9999 -9999 -9999 2271 2294 2344 2383 2363 2418 2401 2368 2399 2488 2387 2411 2421 2521 2477 2415 2467 2594 2603 -9999 -9999 -9999 2606 2610 2632 -9999 2636 2645 2640 2552 2558 2606 2571 2316 2122 2492 2290 2008 1955 2009 1799 2005 1916 1799 1818 1829 1923 1981 2001 1711 1491 1706 1374 1423 1464 1510 1275 1140 1094 1039 958 963 879 865 817
-9999 -9999 -9999 -9999 -9999 -9999 -9999 -9999 -9999 -9999 -9999 -9999 -9999 -9999 2204 -9999 -9999 -9999 -9999 2337 2324 2377 2349 2306 2360 2391 2392 2417 2482 2445 2472 2530 2548 2541 2545 2534 2556 2581 -9999 -9999 -9999 2617 2605 -9999 2437 2477 2389 2506 2405 2603 2304 2093 2267 2506 2271 2058 2038 1848 1794 1861 1868 1839 1727 1766 1753 1931 1741 1754 1667 1708 1640 1617 1571 1530 1453 1264 1141 1029 1035 951 896 845 802
-9999 -9999 -9999 -9999 -9999 -9999 -9999 -9999 -9999 -9999 -9999 -9999 -9999 -9999 -9999 -9999 -9999 -9999 -9999 2330 2326 2310 2340 2394 2436 2422 2454 2461 2452 2448 2505 2438 2475 2524 2547 2566 2547 2572 -9999 2600 2598 2600 2604 -9999 2417 2325 2321 2318 2484 2379 2309 2112 2301 2324 2225 2034 2042 1803 1879 1746 1817 1948 1909 1911 1995 1967 1572 1491 1449 1440 1317 1294 1543 1402 1402 1180 1124 1170 1105 998 937 867 817
-9999 -9999 -9999 -9999 -9999 -9999 -9999 -9999 -9999 -9999 -9999 -9999 -9999 -9999 -9999 -9999 -9999 -9999 2311 2324 2317 2353 2390 2355 2397 2412 2393 2368 2395 2390 2430 2404 2396 2484 2491 2545 2555 -9999 2574 2576 2573 2572 2592 2579 2511 2366 2454 2265 2316 2180 2189 2146 2036 1811 2137 2047 1921 1909 1896 1696 1667 1669 1611 1638 1919 1597 1574 1567 1429 1367 1445 1250 1353 1417 1355 1221 1066 1036 1009 1018 996 927 849
-9999 -9999 -9999 -9999 -9999 -9999 -9999 -9999 -9999 -9999 -9999 -9999 -9999 -9999 -9999 -9999 -9999 -9999 2335 2301 2338 2370 2346 2354 2295 2403 2390 2340 2412 2414 2354 2415 2412 2464 2497 2503 2528 -9999 -9999 2567 2560 2574 2570 2388 2572 2540 2281 2165 1898 1894 2091 2178 2165 2133 2181 2147 2011 1967 1784 1785 1795 1805 1673 1839 1650 1515 1406 1416 1484 1519 1435 1522 1451 1539 1330 1165 1045 964 922 908 919 852 886
-9999 -9999 -9999 -9999 -9999 -9999 -9999 -9999 -9999 -9999 -9999 -9999 -9999 -9999 -9999 -9999 2278 2282 -9999 2324 2326 2355 2339 2365 2314 2405 2335 2434 2405 2363 2408 2396 2424 2379 2350 2453 2523 -9999 -9999 2556 2558 2568 2572 2402 2467 2555 2383 2264 2173 1790 1985 2099 2216 2217 2144 2032 1995 1946 1844 1768 1775 1690 2031 1784 1492 1575 1547 1451 1349 1303 1274 1287 1240 1499 1322 1236 1128 1092 1032 1059 1023 841 859
-9999 -9999 -9999 -9999 -9999 -9999 -9999 -9999 -9999 -9999 -9999 -9999 -9999 -9999 -9999 2253 2249 2294 -9999 2322 2317 2347 2383 2394 2374 2394 -9999 2445 2375 2402 2362 2365 2344 2451 2458 2497 2519 -9999 2529 2535 2543 2515 2551 2534 2432 2556 2528 2401 2227 1991 1880 2053 1989 2179 2017 2078 1874 1863 1809 1851 1632 1814 2038 1498 1527 1447 1402 1391 1565 1423 1200 1251 1479 1442 1287 1196 1161 1128 1103 979 1008 987 836
-9999 -9999 -9999 -9999 -9999 -9999 -9999 -9999 -9999 -9999 -9999 -9999 -9999 2215 2225 2252 2256 2281 2305 2288 2290 2349 2362 2357 2400 2421 2401 2369 2403 2391 2349 2364 2441 2461 2464 2500 2513 -9999 2531 2534 2548 2445 2540 2384 2208 2401 2541 2488 2295 2072 2067 2000 2096 2075 1960 1921 2104 2022 1852 1767 1697 2022 1648 1512 1539 1410 1441 1360 1314 1410 1514 1512 1292 1128 1110 1128 1116 1061 1048 923 894 952 921
-9999 -9999 -9999 -9999 -9999 -9999 -9999 -9999 -9999 -9999 -9999 -9999 -9999 2215 2229 2245 -9999 2257 2285 2320 2271 2327 2366 2359 2399 2381 2370 2290 2348 2385 2397 2386 2391 2409 2462 2486 2489 2508 2515 2460 2398 2487 2553 2416 2290 2331 2519 2527 2463 2233 2262 2025 2200 1875 1901 1872 1894 2053 2124 1894 1814 2047 1528 1511 1601 1441 1389 1402 1316 1493 1483 1502 1391 1286 1226 1061 975 957 919 936 877 813 -9999
-9999 -9999 -9999 -9999 -9999 -9999 -9999 -9999 -9999 -9999 -9999 -9999 -9999 -9999 2228 2250 2253 2241 2268 2283 2323 2324 2374 2304 2380 2400 2406 2344 2365 2374 2370 2395 2349 2336 2461 2466 2466 -9999 -9999 2456 2481 2515 2491 2469 2442 2513 2493 2402 2321 2318 2350 2145 2235 2024 2036 1822 1942 1775 1810 2148 2084 1924 1749 1580 1528 1462 1611 1630 1540 1342 1180 1311 1126 1172 1261 1249 1044 917 881 865 841 848 -9999
-9999 -9999 -9999 -9999 -9999 -9999 -9999 -9999 -9999 -9999 -9999 -9999 -9999 -9999 2230 2249 2266 2237 2266 2271 2265 2303 2330 2343 2323 2352 2396 2391 2383 2308 2309 2401 2401 2415 2449 2450 -9999 -9999 2470 2413 2332 2393 2496 2487 2504 2390 2281 2194 2119 2340 -9999 2455 2194 2013 1928 1794 1878 1913 1807 1996 2326 2162 2101 1871 1743 1822 1866 1571 1373 1321 1195 1186 1100 1040 1070 1154 1171 1057 986 930 868 -9999 -9999
