L_variabilis/M_variables/Set1/bio_15.asc
NCOLS 96 
NROWS 289 
XLLCORNER -75.2083333333333 
YLLCORNER -49.9166666666667 
CELLSIZE 0.0416666666666667 
NODATA_value -9999 
[rows 207 to 229 of 289, columns 0 to 50 of 96]
-9999 -9999 -9999 -9999 -9999 -9999 10.2217063903809 9.83077335357666 9.90390300750732 9.71642017364502 9.46025943756104 9.64588832855225 9.55961990356445 9.30924224853516 9.41359424591064 9.34308624267578 9.88902950286865 10.4182710647583 10.4734792709351 9.90926647186279 10.0169153213501 10.3914995193481 10.2314195632935 9.85671997070312 9.55031967163086 10.0117197036743 9.97072696685791 9.9102725982666 10.0591125488281 9.93587970733643 10.4592599868774 10.9552364349365 -9999 -9999 12.3988742828369 13.1651430130005 14.0457077026367 13.6683616638184 15.0682220458984 16.0821952819824 16.5086116790771 16.0930709838867 15.3010568618774 16.9963645935059 17.8814029693604 17.780345916748 17.118480682373 18.5306549072266 19.5941066741943 19.695104598999 19.2362403869629
-9999 -9999 -9999 -9999 -9999 -9999 9.68378257751465 9.57063961029053 9.47648239135742 9.60394668579102 9.4647045135498 9.47101497650146 9.13189697265625 9.81357765197754 9.62021827697754 9.45149898529053 9.57340145111084 9.63969707489014 10.1923217773438 10.2065286636353 9.67884540557861 10.0411376953125 10.0281963348389 9.59153366088867 9.52122688293457 9.85739326477051 9.78836822509766 9.55558395385742 9.63592910766602 9.8735876083374 10.6518316268921 11.0918254852295 -9999 11.4289445877075 12.4085655212402 14.1643180847168 14.5017309188843 14.7121772766113 14.5839214324951 15.3517389297485 15.9625930786133 15.108416557312 14.813814163208 14.9015855789185 15.1525030136108 15.4130392074585 16.0398368835449 18.0301456451416 19.7061901092529 17.9445819854736 17.1996726989746
-9999 -9999 -9999 -9999 -9999 -9999 9.74733543395996 9.68292427062988 9.75998020172119 9.52174186706543 9.6541576385498 9.61742782592773 9.07153797149658 9.05975818634033 9.53701210021973 9.49282264709473 9.21012401580811 8.83693790435791 9.24722671508789 9.65274810791016 9.72693157196045 9.71995830535889 9.90644264221191 9.34034156799316 9.36311054229736 9.43001461029053 9.55967903137207 9.54609966278076 9.83302593231201 10.317626953125 10.9068279266357 11.0383043289185 11.3232402801514 11.3151617050171 13.2845487594604 14.4855289459229 14.6694011688232 14.688084602356 14.9419927597046 15.5742473602295 15.6079874038696 15.0009260177612 14.5751323699951 14.851113319397 15.9078550338745 15.6599426269531 15.2492742538452 15.7682218551636 19.1969451904297 18.9326477050781 16.7181148529053
-9999 -9999 -9999 -9999 -9999 -9999 9.51113891601562 9.54371166229248 9.7354040145874 9.63336277008057 9.46937370300293 9.41483402252197 9.04618835449219 8.80867671966553 9.07022666931152 8.97815132141113 9.17957401275635 8.85844039916992 8.74502944946289 9.18325328826904 10.0690431594849 9.64981365203857 9.3952054977417 9.39661884307861 9.45947456359863 9.45331192016602 9.48474979400635 9.45905494689941 9.70629978179932 -9999 -9999 -9999 11.1017370223999 12.3922996520996 13.6497383117676 13.9216575622559 14.3093786239624 14.4066705703735 14.7675952911377 14.6932067871094 14.6140489578247 14.7113695144653 14.3951892852783 14.5661430358887 15.0412149429321 15.1432991027832 15.0910043716431 15.6591720581055 18.2009086608887 19.6788768768311 17.5405368804932
-9999 -9999 -9999 -9999 -9999 -9999 9.37835025787354 9.17540454864502 9.36098957061768 9.33299350738525 9.07601642608643 9.00503730773926 8.95198249816895 8.94217300415039 9.19266223907471 9.0700511932373 9.23772811889648 9.07130908966064 9.18666458129883 9.0874662399292 9.34198760986328 9.48617076873779 9.50954055786133 9.43140411376953 9.16503715515137 9.29019546508789 9.54492378234863 9.74526691436768 9.6492805480957 -9999 -9999 10.4171724319458 11.4958524703979 12.6560907363892 14.0521421432495 14.2548494338989 14.2760238647461 14.3227481842041 14.3448810577393 14.4391622543335 14.5579357147217 14.6281967163086 14.6508617401123 14.2349948883057 14.3799991607666 14.5416717529297 15.9247236251831 17.0586204528809 16.8754177093506 18.8673686981201 17.4424247741699
-9999 -9999 -9999 -9999 -9999 -9999 8.94433116912842 8.93012237548828 9.1450662612915 9.01127624511719 8.98789405822754 9.2434196472168 9.27751350402832 9.04030990600586 9.35793113708496 8.88417148590088 9.25378894805908 9.40915679931641 8.97396469116211 8.49380111694336 8.49220180511475 8.88142681121826 9.1804723739624 9.12800979614258 9.18159770965576 9.28807640075684 9.73304748535156 9.99534702301025 9.59249305725098 9.55202960968018 9.82138824462891 10.1444664001465 11.5239715576172 12.9777717590332 13.3627328872681 13.5399169921875 13.7673873901367 14.0840330123901 13.9452705383301 14.0823564529419 14.1289548873901 14.4650688171387 14.3953485488892 14.2481937408447 14.393292427063 14.4238948822021 15.3592348098755 17.5426731109619 16.6606197357178 17.4843063354492 19.6684322357178
-9999 -9999 -9999 -9999 -9999 -9999 8.64663314819336 9.2464542388916 9.14617252349854 8.94111347198486 8.93355941772461 8.99947357177734 9.22815799713135 9.12060737609863 9.00698375701904 8.76953411102295 8.72943878173828 8.80552768707275 8.90992069244385 9.06694984436035 9.36994647979736 9.05192470550537 9.12285327911377 9.03273010253906 9.14137363433838 9.37765312194824 9.52303600311279 9.75023078918457 10.0776853561401 9.85181903839111 9.67309761047363 10.2843542098999 10.6005115509033 11.2353744506836 12.4129858016968 13.3969240188599 13.4821853637695 13.3772926330566 13.688268661499 13.8074989318848 13.538646697998 12.4376707077026 12.0253982543945 12.8857564926147 14.074728012085 14.2205867767334 15.0305042266846 16.9214191436768 17.2705478668213 16.5633029937744 18.6818065643311
-9999 -9999 -9999 -9999 -9999 -9999 -9999 -9999 -9999 8.63229846954346 8.93885040283203 9.44563579559326 9.02360534667969 8.85924243927002 8.76524925231934 8.7746114730835 8.95426082611084 8.75555515289307 -9999 -9999 -9999 -9999 9.19634056091309 9.25357151031494 9.36727046966553 9.29065132141113 9.55593585968018 9.88381004333496 9.83736133575439 9.8651065826416 9.823166847229 10.7078409194946 12.2163219451904 12.7832460403442 12.5523300170898 12.9690608978271 11.9731683731079 11.2324390411377 10.6798658370972 10.1910219192505 10.0455856323242 10.5344047546387 11.0494403839111 12.3251075744629 13.7047891616821 14.1070938110352 14.2119789123535 14.898853302002 15.5618677139282 14.9595022201538 16.1459465026855
-9999 -9999 -9999 -9999 -9999 -9999 -9999 -9999 -9999 -9999 -9999 -9999 8.71477508544922 8.65376567840576 8.75909233093262 8.72764110565186 8.59466743469238 8.65798282623291 8.77137565612793 8.46776676177979 8.71500205993652 9.01539897918701 -9999 -9999 9.42132472991943 9.17119026184082 10.0978078842163 11.891900062561 12.3363418579102 10.8069009780884 11.4916791915894 11.5894327163696 11.2681903839111 9.95955276489258 9.43627166748047 8.76180076599121 8.63470554351807 9.02400684356689 9.38609218597412 9.64172172546387 9.81730651855469 10.1275024414062 10.4388990402222 11.1107769012451 13.0604457855225 13.7938375473022 14.1289186477661 14.2089614868164 15.3383512496948 16.5792827606201 15.150390625
-9999 -9999 -9999 -9999 -9999 -9999 -9999 -9999 -9999 -9999 -9999 -9999 -9999 -9999 -9999 -9999 8.57456207275391 8.54682159423828 8.74079990386963 8.41289043426514 8.41368198394775 -9999 -9999 -9999 -9999 9.3727560043335 9.38983726501465 9.82357215881348 10.1277570724487 10.2812232971191 8.63032341003418 7.98230886459351 7.77783250808716 8.05109119415283 8.22341537475586 8.39523601531982 8.95166969299316 9.02878570556641 9.26534843444824 9.59314060211182 9.59838581085205 9.92424201965332 10.5215263366699 11.2466907501221 12.1924352645874 13.4920539855957 14.0143747329712 14.9393930435181 16.7956924438477 20.5204582214355 15.7593555450439
-9999 -9999 -9999 -9999 -9999 -9999 -9999 -9999 -9999 -9999 -9999 -9999 -9999 -9999 8.51533031463623 8.37633514404297 -9999 -9999 -9999 -9999 -9999 -9999 -9999 -9999 -9999 -9999 9.3430757522583 8.8513708114624 8.67869567871094 8.59045219421387 8.10624980926514 8.08762359619141 8.1662540435791 8.26456928253174 8.43150901794434 8.54218006134033 8.59857940673828 9.47117519378662 9.88878726959229 9.98203372955322 9.99337005615234 9.98712348937988 10.4448566436768 11.4221296310425 11.6434726715088 13.3156337738037 13.5506629943848 15.5240535736084 17.2862224578857 20.3694972991943 20.9870853424072
-9999 -9999 -9999 -9999 -9999 -9999 -9999 -9999 -9999 -9999 -9999 -9999 -9999 -9999 -9999 -9999 -9999 -9999 -9999 -9999 -9999 -9999 -9999 -9999 -9999 -9999 8.72508239746094 8.61454772949219 8.52726078033447 8.80819702148438 8.06534862518311 8.26950836181641 8.31004524230957 8.4910945892334 8.16114044189453 8.09969234466553 8.30205917358398 10.3370046615601 10.8925981521606 10.578182220459 9.92477512359619 9.95040512084961 10.7527313232422 12.2049579620361 10.9815158843994 12.7730884552002 16.4210395812988 17.2034492492676 17.336275100708 19.0109214782715 21.3231315612793
-9999 -9999 -9999 -9999 -9999 -9999 -9999 -9999 -9999 -9999 -9999 -9999 -9999 -9999 -9999 -9999 -9999 -9999 -9999 -9999 9.21883964538574 9.04709625244141 9.04232597351074 -9999 9.77816295623779 9.01025867462158 8.34111309051514 8.2260913848877 8.15879535675049 8.24641132354736 8.46618938446045 8.08308410644531 7.75328397750854 7.95788621902466 8.16560554504395 7.86543130874634 8.22952842712402 9.21269416809082 10.9457187652588 10.7582111358643 9.93642330169678 10.1389799118042 10.584174156189 10.8993196487427 10.2598791122437 11.3034086227417 14.9977111816406 16.3867835998535 15.4541149139404 16.2276782989502 18.2189598083496
-9999 -9999 -9999 -9999 -9999 -9999 -9999 -9999 -9999 -9999 -9999 -9999 -9999 -9999 -9999 -9999 -9999 -9999 8.58116626739502 8.64463901519775 8.42559051513672 8.09837818145752 8.28699016571045 -9999 8.89885807037354 8.42220306396484 8.28352451324463 8.61713790893555 8.52761077880859 8.64093494415283 8.63605117797852 7.86972904205322 8.06085300445557 7.89646434783936 7.96943616867065 8.23890590667725 8.32192039489746 8.62155818939209 10.1309175491333 11.2622976303101 10.2375631332397 10.1367292404175 10.4203910827637 11.0210418701172 10.0207281112671 10.7125482559204 14.1804809570312 14.7179403305054 15.3109073638916 14.8499307632446 15.87575340271
-9999 -9999 -9999 -9999 -9999 -9999 -9999 -9999 -9999 -9999 -9999 -9999 -9999 -9999 -9999 -9999 -9999 -9999 8.63429641723633 8.03517532348633 7.90895128250122 8.02936267852783 8.33851718902588 -9999 8.44221878051758 8.20367050170898 8.19441795349121 8.60456657409668 8.62826156616211 9.06171131134033 9.62393665313721 8.0993595123291 7.72032737731934 7.86514377593994 7.62705945968628 7.99391841888428 8.60695648193359 9.03253746032715 10.229923248291 11.2767896652222 10.39781665802 9.88973808288574 10.2253732681274 10.6893949508667 10.3643102645874 11.3095579147339 13.7804660797119 15.0129699707031 17.9855098724365 19.1034297943115 16.2806434631348
-9999 -9999 -9999 -9999 -9999 -9999 -9999 -9999 -9999 -9999 -9999 -9999 -9999 -9999 -9999 -9999 -9999 -9999 8.5691556930542 8.13539981842041 8.01589107513428 -9999 -9999 8.26707458496094 8.1129264831543 8.04070663452148 8.25332832336426 8.49227237701416 8.83425807952881 10.0902090072632 10.6754179000854 8.18468284606934 7.67806625366211 7.92142057418823 7.56164789199829 7.89671993255615 8.48600482940674 9.38858509063721 10.9828758239746 11.9494123458862 11.4432878494263 10.9870557785034 10.0801439285278 9.78390502929688 9.616379737854 10.5275955200195 11.8520660400391 12.4418058395386 15.1799192428589 19.0245018005371 20.0116157531738
-9999 -9999 -9999 -9999 -9999 -9999 -9999 -9999 -9999 -9999 -9999 -9999 -9999 -9999 -9999 -9999 -9999 -9999 8.0089750289917 -9999 -9999 -9999 8.46217346191406 8.17961883544922 8.10715198516846 8.20847320556641 8.78329467773438 9.37427520751953 9.5698709487915 9.47185134887695 9.41246891021729 8.66084480285645 7.76846408843994 7.94255352020264 8.02482318878174 8.44831943511963 9.05370616912842 9.3956298828125 9.78356266021729 10.529541015625 11.4383382797241 15.2667064666748 11.5337858200073 9.81933212280273 10.1699361801147 10.4391860961914 10.7766551971436 13.1191034317017 13.9721488952637 15.0548734664917 16.8115310668945
-9999 -9999 -9999 -9999 -9999 -9999 -9999 -9999 -9999 -9999 -9999 -9999 -9999 -9999 -9999 -9999 -9999 -9999 -9999 -9999 -9999 8.74965858459473 8.24072265625 8.27196025848389 8.34279537200928 9.03695297241211 9.37717533111572 9.42515087127686 9.556960105896 9.67134189605713 9.42938423156738 9.01406192779541 7.52476072311401 7.79156351089478 8.01164436340332 8.7049388885498 8.77609157562256 9.22495174407959 9.90848445892334 10.0539045333862 10.7073087692261 14.2914714813232 12.7055692672729 10.1337909698486 10.2143497467041 10.9402484893799 12.078145980835 15.2767419815063 13.9514093399048 13.7336654663086 14.8329010009766
-9999 -9999 -9999 -9999 -9999 -9999 -9999 -9999 -9999 -9999 -9999 -9999 -9999 -9999 -9999 -9999 -9999 -9999 -9999 -9999 8.19047546386719 8.11233329772949 8.05600452423096 8.75434589385986 8.6511116027832 9.20942306518555 9.04017353057861 9.27422523498535 9.0600061416626 9.59427547454834 9.61025238037109 9.62383270263672 8.26424503326416 7.56599617004395 8.12540721893311 8.56231307983398 8.44279479980469 8.96803569793701 9.31430053710938 9.82322025299072 10.308690071106 11.6617851257324 13.5711708068848 12.0698862075806 11.9425287246704 12.6267642974854 14.3708038330078 15.4011583328247 16.6369972229004 12.4570236206055 13.5623798370361
-9999 -9999 -9999 -9999 -9999 -9999 -9999 -9999 -9999 -9999 -9999 -9999 -9999 -9999 -9999 -9999 -9999 -9999 -9999 8.39838123321533 8.05655860900879 8.06292915344238 8.80365943908691 8.93142032623291 8.56753635406494 9.11957359313965 8.83608913421631 8.87607002258301 9.63227367401123 9.74457168579102 9.33753776550293 9.48207855224609 9.25472068786621 7.47603797912598 7.82594394683838 8.09639644622803 8.31239986419678 9.12731742858887 9.31053638458252 9.63066005706787 10.348274230957 11.8807878494263 13.1476640701294 13.0176734924316 12.4522829055786 12.2808780670166 12.7825260162354 12.7706336975098 13.5408487319946 14.0267877578735 12.0311393737793
-9999 -9999 -9999 -9999 -9999 -9999 -9999 -9999 -9999 -9999 -9999 -9999 -9999 -9999 -9999 -9999 -9999 -9999 8.1985559463501 7.86192083358765 7.69632339477539 8.37948131561279 8.83793640136719 8.04592227935791 8.28907680511475 9.32823753356934 9.32444286346436 8.95659923553467 9.22642040252686 9.5198278427124 9.41673469543457 9.27226066589355 9.22074508666992 8.24829196929932 8.00932598114014 8.37759399414062 8.14757442474365 9.1014928817749 8.84845924377441 9.19430637359619 9.69048976898193 11.3382329940796 13.0536499023438 12.2322807312012 12.2256507873535 12.1837329864502 12.3320569992065 12.9909858703613 13.7434978485107 15.2771787643433 17.5986309051514
-9999 -9999 -9999 -9999 -9999 -9999 -9999 -9999 -9999 -9999 -9999 -9999 -9999 -9999 -9999 -9999 -9999 8.17201900482178 8.02904510498047 7.72427177429199 7.81868410110474 8.61726188659668 8.36664199829102 7.96621465682983 8.43866539001465 9.04184055328369 9.19913959503174 8.75524520874023 8.40563869476318 8.08203411102295 7.62577533721924 7.87499141693115 8.40937900543213 8.07293224334717 8.38611793518066 8.74005222320557 7.92311096191406 8.46298408508301 8.8844575881958 9.27935695648193 10.1018419265747 11.4400405883789 11.8032598495483 11.8296346664429 12.0594367980957 12.1113519668579 12.2110595703125 11.882269859314 12.5358448028564 15.1847114562988 13.5295639038086
-9999 -9999 -9999 -9999 -9999 -9999 -9999 -9999 -9999 -9999 -9999 -9999 -9999 -9999 -9999 -9999 -9999 8.18874740600586 7.79363822937012 7.86763191223145 7.77806425094604 7.82520532608032 7.78831911087036 8.03614521026611 7.82568311691284 7.34717988967896 7.34752702713013 7.2042350769043 7.54805326461792 7.40213871002197 7.63260221481323 7.70499277114868 8.13842487335205 8.05605030059814 7.94326257705688 7.73185300827026 7.75826597213745 8.31523036956787 9.25983238220215 9.83472347259521 10.7496652603149 12.0054559707642 11.6005516052246 11.3321123123169 10.8006105422974 11.2018022537231 11.6831216812134 11.8522806167603 13.0210161209106 13.5035228729248 12.6575593948364
