L_variabilis/M_variables/Set1/bio_13.asc
NCOLS 96 
NROWS 289 
XLLCORNER -75.2083333333333 
YLLCORNER -49.9166666666667 
CELLSIZE 0.0416666666666667 
NODATA_value -9999 
[rows 234 to 272 of 289, columns 0 to 87 of 96]
-9999 -9999 -9999 -9999 -9999 -9999 -9999 -9999 -9999 -9999 -9999 -9999 -9999 338 325 317 317 304 292 296 294 286 283 270 260 258 258 251 237 228 217 213 193 193 196 197 199 193 178 176 180 172 166 156 153 148 143 138 133 131 129 129 124 119 111 107 -9999 -9999 -9999 -9999 -9999 -9999 -9999 -9999 -9999 -9999 -9999 -9999 -9999 -9999 -9999 -9999 -9999 -9999 -9999 -9999 -9999 -9999 -9999 -9999 -9999 -9999 -9999 -9999 -9999 -9999 -9999 -9999
-9999 -9999 -9999 369 373 377 379 383 401 -9999 -9999 -9999 346 329 329 325 312 310 306 293 278 283 283 274 266 252 250 247 232 228 220 216 208 210 194 205 194 185 183 174 170 167 165 157 156 152 146 141 139 139 135 131 123 116 111 111 -9999 -9999 -9999 -9999 -9999 -9999 -9999 -9999 -9999 -9999 -9999 -9999 -9999 -9999 -9999 -9999 -9999 -9999 -9999 -9999 -9999 -9999 -9999 -9999 -9999 -9999 -9999 -9999 -9999 -9999 -9999 -9999
-9999 -9999 -9999 372 379 375 383 386 382 -9999 -9999 -9999 350 338 330 326 315 315 306 294 282 284 287 280 270 263 257 250 243 232 222 220 220 212 198 204 196 187 178 172 173 166 163 155 151 151 154 148 144 138 127 124 122 116 113 110 -9999 -9999 -9999 -9999 -9999 -9999 -9999 -9999 -9999 -9999 -9999 -9999 -9999 -9999 -9999 -9999 -9999 -9999 -9999 -9999 -9999 -9999 -9999 -9999 -9999 -9999 -9999 -9999 -9999 -9999 -9999 -9999
-9999 -9999 -9999 379 382 385 387 386 381 -9999 -9999 -9999 348 350 340 334 324 312 315 312 303 286 285 281 270 264 254 247 250 237 221 216 216 209 203 204 201 187 186 180 182 169 169 168 162 160 152 142 137 137 127 123 119 114 111 -9999 -9999 -9999 -9999 -9999 -9999 -9999 -9999 -9999 -9999 -9999 -9999 -9999 -9999 -9999 -9999 -9999 -9999 -9999 -9999 -9999 -9999 -9999 -9999 -9999 -9999 -9999 -9999 -9999 -9999 -9999 -9999 -9999
-9999 -9999 -9999 380 385 386 386 385 378 373 370 -9999 351 347 341 327 320 322 311 315 299 285 285 271 274 264 256 251 254 242 237 228 219 220 218 211 203 198 196 193 186 180 177 170 154 153 145 141 137 133 129 124 120 116 111 -9999 -9999 -9999 -9999 -9999 -9999 -9999 -9999 -9999 -9999 -9999 -9999 -9999 -9999 -9999 -9999 -9999 -9999 -9999 -9999 -9999 -9999 -9999 -9999 -9999 -9999 -9999 -9999 -9999 -9999 -9999 -9999 -9999
-9999 -9999 -9999 383 384 387 386 382 379 371 366 -9999 353 339 339 328 330 318 315 306 283 280 277 281 271 263 262 261 253 239 229 231 230 217 214 208 207 201 195 193 190 180 171 156 155 154 146 142 138 133 129 124 121 117 -9999 -9999 -9999 -9999 -9999 -9999 -9999 -9999 -9999 -9999 -9999 -9999 -9999 -9999 -9999 -9999 -9999 -9999 -9999 -9999 -9999 -9999 -9999 -9999 -9999 -9999 -9999 -9999 -9999 -9999 -9999 -9999 -9999 -9999
-9999 -9999 -9999 384 384 375 385 380 375 371 367 364 357 344 345 332 324 326 306 301 305 290 270 281 270 264 264 257 255 236 230 225 220 214 209 205 197 199 196 185 183 179 174 162 155 155 143 140 135 132 129 123 120 115 -9999 -9999 -9999 -9999 -9999 -9999 -9999 -9999 -9999 -9999 -9999 -9999 -9999 -9999 -9999 -9999 -9999 -9999 -9999 -9999 -9999 -9999 -9999 -9999 -9999 -9999 -9999 -9999 -9999 -9999 -9999 -9999 -9999 -9999
-9999 -9999 -9999 387 384 384 378 377 376 364 367 354 351 354 339 328 329 317 319 -9999 -9999 300 282 278 266 266 262 261 253 239 240 233 226 219 217 211 204 200 195 188 176 181 177 165 164 159 150 143 140 132 129 122 120 -9999 -9999 -9999 -9999 -9999 -9999 -9999 -9999 -9999 -9999 -9999 -9999 -9999 -9999 -9999 -9999 -9999 -9999 -9999 -9999 -9999 -9999 -9999 -9999 -9999 -9999 -9999 -9999 -9999 -9999 -9999 -9999 -9999 -9999 -9999
-9999 -9999 -9999 388 387 385 382 375 373 358 362 351 353 -9999 345 336 330 312 309 310 305 299 292 288 286 271 265 251 255 251 -9999 237 234 228 -9999 213 206 199 193 183 179 180 176 167 160 156 148 149 146 142 133 125 122 -9999 -9999 -9999 -9999 -9999 -9999 -9999 -9999 -9999 -9999 -9999 -9999 -9999 -9999 -9999 -9999 -9999 -9999 -9999 -9999 -9999 -9999 -9999 -9999 -9999 -9999 -9999 -9999 -9999 -9999 -9999 -9999 -9999 -9999 -9999
-9999 -9999 -9999 390 387 386 379 375 367 365 365 363 361 -9999 344 328 328 317 308 314 308 306 300 275 278 268 250 255 250 251 246 240 233 230 -9999 215 213 -9999 -9999 190 179 173 172 160 156 151 148 148 136 141 136 129 -9999 -9999 -9999 -9999 -9999 -9999 -9999 -9999 -9999 -9999 -9999 -9999 -9999 -9999 -9999 -9999 -9999 -9999 -9999 -9999 -9999 -9999 -9999 -9999 -9999 -9999 -9999 -9999 -9999 -9999 -9999 -9999 -9999 -9999 -9999 -9999
-9999 -9999 393 391 388 384 380 370 362 365 363 356 359 -9999 349 329 320 324 320 306 297 299 297 283 271 265 268 257 255 237 225 229 230 228 216 210 213 -9999 197 192 182 170 164 161 160 154 151 147 136 138 131 125 -9999 -9999 -9999 -9999 -9999 -9999 -9999 -9999 -9999 -9999 -9999 -9999 -9999 -9999 -9999 -9999 -9999 -9999 -9999 -9999 -9999 -9999 -9999 -9999 -9999 -9999 -9999 -9999 -9999 -9999 -9999 -9999 -9999 -9999 -9999 -9999
-9999 -9999 392 390 386 385 384 382 375 361 367 361 360 -9999 -9999 342 338 332 310 294 292 299 290 288 266 267 265 253 241 233 227 228 234 220 214 213 203 207 197 191 189 178 168 159 155 149 148 150 137 138 135 -9999 -9999 -9999 -9999 -9999 -9999 -9999 -9999 -9999 -9999 -9999 -9999 -9999 -9999 -9999 -9999 -9999 -9999 -9999 -9999 -9999 -9999 -9999 -9999 -9999 -9999 -9999 -9999 -9999 -9999 -9999 -9999 -9999 -9999 -9999 -9999 -9999
-9999 -9999 392 391 382 377 378 383 378 369 368 363 353 354 -9999 338 337 324 326 307 297 290 282 282 279 272 257 259 242 230 235 240 221 216 218 212 195 195 189 193 188 184 174 163 159 150 149 149 140 139 139 -9999 -9999 -9999 -9999 -9999 -9999 -9999 -9999 -9999 -9999 -9999 -9999 -9999 -9999 -9999 -9999 -9999 -9999 -9999 -9999 -9999 -9999 -9999 -9999 -9999 -9999 -9999 -9999 -9999 -9999 -9999 -9999 -9999 -9999 -9999 -9999 -9999
-9999 -9999 397 395 378 373 375 376 377 375 367 363 359 350 -9999 343 329 327 317 312 299 295 291 292 282 275 254 260 245 235 227 241 215 217 213 218 195 190 187 194 190 184 175 169 166 159 151 142 139 140 132 -9999 -9999 -9999 -9999 -9999 -9999 -9999 -9999 -9999 -9999 -9999 -9999 -9999 -9999 -9999 -9999 -9999 -9999 -9999 -9999 -9999 -9999 -9999 -9999 -9999 -9999 -9999 -9999 -9999 -9999 -9999 -9999 -9999 -9999 -9999 -9999 -9999
-9999 -9999 396 396 379 381 378 381 378 374 369 364 356 353 350 343 323 327 315 301 313 305 302 294 273 276 266 250 249 234 234 225 225 217 210 217 197 193 195 194 189 183 173 161 162 162 156 149 146 139 -9999 -9999 -9999 -9999 -9999 -9999 -9999 -9999 -9999 -9999 -9999 -9999 -9999 -9999 -9999 -9999 -9999 -9999 -9999 -9999 -9999 -9999 -9999 -9999 -9999 -9999 -9999 -9999 -9999 -9999 -9999 -9999 -9999 -9999 -9999 -9999 -9999 -9999
-9999 -9999 399 395 387 387 376 377 367 376 372 364 353 353 353 343 336 325 316 305 304 305 304 296 286 261 260 259 252 244 229 234 229 218 211 213 200 201 200 183 187 184 180 161 160 161 151 144 146 141 -9999 -9999 -9999 -9999 -9999 -9999 -9999 -9999 -9999 -9999 -9999 -9999 -9999 -9999 -9999 -9999 -9999 -9999 -9999 -9999 -9999 -9999 -9999 -9999 -9999 -9999 -9999 -9999 -9999 -9999 -9999 -9999 -9999 -9999 -9999 -9999 -9999 -9999
-9999 -9999 402 398 388 378 371 376 373 374 373 365 347 355 347 345 -9999 326 313 314 305 288 292 294 284 274 271 261 256 249 244 242 230 216 210 199 202 204 187 186 184 182 173 163 159 157 155 150 142 -9999 -9999 -9999 -9999 -9999 -9999 -9999 -9999 -9999 -9999 -9999 -9999 -9999 -9999 -9999 -9999 -9999 -9999 -9999 -9999 -9999 -9999 -9999 -9999 -9999 -9999 -9999 -9999 -9999 -9999 -9999 -9999 -9999 -9999 -9999 -9999 -9999 -9999 -9999
-9999 -9999 405 -9999 390 385 382 376 377 379 375 367 342 352 341 342 -9999 328 321 307 309 303 282 290 283 274 272 262 248 239 240 233 221 217 218 205 205 190 175 173 179 178 169 164 161 163 153 146 140 -9999 -9999 -9999 -9999 -9999 -9999 -9999 -9999 -9999 -9999 -9999 -9999 -9999 -9999 -9999 -9999 -9999 -9999 -9999 -9999 -9999 -9999 -9999 -9999 -9999 -9999 -9999 -9999 -9999 -9999 -9999 -9999 -9999 -9999 -9999 -9999 -9999 -9999 -9999
-9999 -9999 410 405 396 389 380 387 383 381 374 370 358 352 352 341 343 331 323 312 304 307 301 291 285 274 261 262 258 253 246 241 236 232 226 215 199 179 175 178 177 173 162 159 158 161 159 143 -9999 -9999 -9999 -9999 -9999 -9999 -9999 -9999 -9999 -9999 -9999 -9999 -9999 -9999 -9999 -9999 -9999 -9999 -9999 -9999 -9999 -9999 -9999 -9999 -9999 -9999 -9999 -9999 -9999 -9999 -9999 -9999 -9999 -9999 -9999 -9999 -9999 -9999 -9999 -9999
-9999 -9999 409 404 405 393 390 382 380 377 369 -9999 366 359 353 350 -9999 -9999 314 308 301 303 301 293 282 282 272 252 251 257 246 244 238 231 221 200 194 184 183 180 175 166 154 154 154 152 153 148 -9999 -9999 -9999 -9999 -9999 -9999 -9999 -9999 -9999 -9999 -9999 -9999 -9999 -9999 -9999 -9999 -9999 -9999 -9999 -9999 -9999 -9999 -9999 -9999 -9999 -9999 -9999 -9999 -9999 -9999 -9999 -9999 -9999 -9999 -9999 -9999 -9999 -9999 -9999 -9999
-9999 -9999 414 412 407 402 394 383 381 371 375 374 366 352 344 342 -9999 330 323 315 302 292 289 294 278 266 271 265 256 253 234 232 229 227 212 195 186 179 176 174 170 158 154 152 152 148 144 -9999 -9999 -9999 -9999 -9999 -9999 -9999 -9999 -9999 -9999 -9999 -9999 -9999 -9999 -9999 -9999 -9999 -9999 -9999 -9999 -9999 -9999 -9999 -9999 -9999 -9999 -9999 -9999 -9999 -9999 -9999 -9999 -9999 -9999 -9999 -9999 -9999 -9999 -9999 -9999 -9999
-9999 414 416 408 408 404 395 389 382 373 378 370 363 347 346 350 344 -9999 -9999 321 309 305 302 287 281 274 264 261 263 251 242 216 220 212 208 202 184 178 173 168 164 159 155 153 152 148 144 -9999 -9999 -9999 -9999 -9999 -9999 -9999 -9999 -9999 -9999 -9999 -9999 -9999 -9999 -9999 -9999 -9999 -9999 -9999 -9999 -9999 -9999 -9999 -9999 -9999 -9999 -9999 -9999 -9999 -9999 -9999 -9999 -9999 -9999 -9999 -9999 -9999 -9999 -9999 -9999 -9999
-9999 422 415 407 406 -9999 402 397 382 380 382 374 370 348 347 342 346 335 325 320 317 301 287 276 278 268 260 258 255 257 251 235 230 223 222 206 187 178 175 172 168 165 160 156 152 148 -9999 -9999 -9999 -9999 -9999 -9999 -9999 -9999 -9999 -9999 -9999 -9999 -9999 -9999 -9999 -9999 -9999 -9999 -9999 -9999 -9999 -9999 -9999 -9999 -9999 -9999 -9999 -9999 -9999 -9999 -9999 -9999 -9999 -9999 -9999 -9999 -9999 -9999 -9999 -9999 -9999 -9999
-9999 424 423 413 410 412 403 399 387 382 373 364 372 361 348 342 341 336 328 -9999 307 298 288 281 271 273 261 254 261 247 238 246 228 232 209 191 184 183 179 174 169 165 160 156 152 147 -9999 -9999 -9999 -9999 -9999 -9999 -9999 -9999 -9999 -9999 -9999 -9999 -9999 -9999 -9999 -9999 -9999 -9999 -9999 -9999 -9999 -9999 -9999 -9999 -9999 -9999 -9999 -9999 -9999 -9999 -9999 -9999 -9999 -9999 -9999 -9999 -9999 -9999 -9999 -9999 -9999 -9999
-9999 428 424 421 417 415 409 403 383 392 390 379 374 363 353 345 334 331 331 -9999 -9999 308 295 291 285 265 256 252 253 254 231 243 235 225 211 192 184 183 179 174 170 165 160 156 152 148 -9999 -9999 -9999 -9999 -9999 -9999 -9999 -9999 -9999 -9999 -9999 -9999 -9999 -9999 -9999 -9999 -9999 -9999 -9999 -9999 -9999 -9999 -9999 -9999 -9999 -9999 -9999 -9999 -9999 -9999 -9999 -9999 -9999 -9999 -9999 -9999 -9999 -9999 -9999 -9999 -9999 -9999
-9999 433 425 423 414 413 411 405 397 394 387 376 367 362 363 350 342 337 334 330 -9999 306 301 287 277 271 269 260 246 254 249 238 230 218 213 200 186 182 180 175 170 165 160 156 152 -9999 -9999 -9999 -9999 -9999 -9999 -9999 -9999 -9999 -9999 -9999 -9999 -9999 -9999 -9999 -9999 -9999 -9999 -9999 -9999 -9999 -9999 -9999 -9999 -9999 -9999 -9999 -9999 -9999 -9999 -9999 -9999 -9999 -9999 -9999 -9999 -9999 -9999 -9999 -9999 -9999 -9999 -9999
-9999 434 429 426 423 417 411 408 396 393 390 377 364 365 362 355 342 328 -9999 -9999 318 310 304 287 275 269 265 264 263 259 246 233 222 214 208 193 188 181 180 175 170 165 160 156 152 -9999 -9999 -9999 -9999 -9999 -9999 -9999 -9999 -9999 -9999 -9999 -9999 -9999 -9999 -9999 -9999 -9999 -9999 -9999 -9999 -9999 -9999 -9999 -9999 -9999 -9999 -9999 -9999 -9999 -9999 -9999 -9999 -9999 -9999 -9999 -9999 -9999 -9999 -9999 -9999 -9999 -9999 -9999
-9999 436 428 426 424 421 416 408 395 390 392 372 371 362 358 355 341 340 -9999 323 314 308 304 294 281 269 260 253 250 246 242 230 219 210 203 195 189 181 179 175 170 165 159 153 -9999 -9999 -9999 -9999 -9999 -9999 -9999 -9999 -9999 -9999 -9999 -9999 -9999 -9999 -9999 -9999 -9999 -9999 -9999 -9999 -9999 -9999 -9999 -9999 -9999 -9999 -9999 -9999 -9999 -9999 -9999 -9999 -9999 -9999 -9999 -9999 -9999 -9999 -9999 -9999 -9999 -9999 -9999 -9999
-9999 439 433 428 424 415 413 410 408 399 392 381 376 366 357 355 345 334 -9999 321 305 302 299 295 289 274 259 255 253 252 244 228 220 211 204 197 189 181 177 172 165 159 153 146 -9999 -9999 -9999 -9999 -9999 -9999 -9999 -9999 -9999 -9999 -9999 -9999 -9999 -9999 -9999 -9999 -9999 -9999 -9999 -9999 -9999 -9999 -9999 -9999 -9999 -9999 -9999 -9999 -9999 -9999 -9999 -9999 -9999 -9999 -9999 -9999 -9999 -9999 -9999 -9999 -9999 -9999 -9999 -9999
-9999 443 436 432 434 425 418 413 399 394 391 384 370 372 363 351 348 333 -9999 324 317 310 292 289 286 286 278 271 265 254 247 231 221 213 206 198 190 182 176 170 164 159 152 -9999 -9999 -9999 -9999 -9999 -9999 -9999 -9999 -9999 -9999 -9999 -9999 -9999 -9999 -9999 -9999 -9999 -9999 -9999 -9999 -9999 -9999 -9999 -9999 -9999 -9999 -9999 -9999 -9999 -9999 -9999 -9999 -9999 -9999 -9999 -9999 -9999 -9999 -9999 -9999 -9999 -9999 -9999 -9999 -9999
-9999 447 445 439 436 428 424 414 405 399 393 380 375 369 364 351 351 339 339 326 315 301 295 296 286 272 276 258 248 244 245 236 222 215 206 198 189 181 175 170 165 160 154 -9999 -9999 -9999 -9999 -9999 -9999 -9999 -9999 -9999 -9999 -9999 -9999 -9999 -9999 -9999 -9999 -9999 -9999 -9999 -9999 -9999 -9999 -9999 -9999 -9999 -9999 -9999 -9999 -9999 -9999 -9999 -9999 -9999 -9999 -9999 -9999 -9999 -9999 -9999 -9999 -9999 -9999 -9999 -9999 -9999
455 449 445 438 438 434 425 409 405 400 400 385 368 372 359 353 343 339 333 332 321 313 305 294 288 278 279 261 246 243 245 244 232 220 205 195 187 180 175 170 164 159 -9999 -9999 -9999 -9999 -9999 -9999 -9999 -9999 -9999 -9999 -9999 -9999 -9999 -9999 -9999 -9999 -9999 -9999 -9999 -9999 -9999 -9999 -9999 -9999 -9999 -9999 -9999 -9999 -9999 -9999 -9999 -9999 -9999 -9999 -9999 -9999 -9999 -9999 -9999 -9999 -9999 -9999 -9999 -9999 -9999 -9999
461 456 451 444 438 433 427 422 419 410 398 380 370 371 368 355 346 333 340 333 322 315 297 288 280 274 273 272 248 241 242 250 240 217 214 196 190 182 175 168 162 157 -9999 -9999 -9999 -9999 -9999 -9999 -9999 -9999 -9999 -9999 -9999 -9999 -9999 -9999 -9999 -9999 -9999 -9999 -9999 -9999 -9999 -9999 -9999 -9999 -9999 -9999 -9999 -9999 -9999 -9999 -9999 -9999 -9999 -9999 -9999 -9999 -9999 -9999 -9999 -9999 -9999 -9999 -9999 -9999 -9999 -9999
466 463 457 450 444 440 426 425 413 409 402 388 381 373 363 356 356 345 343 333 322 316 305 291 280 274 270 265 265 257 251 240 234 230 211 206 208 189 174 166 159 -9999 -9999 -9999 -9999 -9999 -9999 -9999 -9999 -9999 -9999 -9999 -9999 -9999 -9999 -9999 -9999 -9999 -9999 -9999 -9999 -9999 -9999 -9999 -9999 -9999 -9999 -9999 -9999 -9999 -9999 -9999 -9999 -9999 -9999 -9999 -9999 -9999 -9999 -9999 -9999 -9999 -9999 -9999 -9999 -9999 -9999 -9999
473 462 453 451 440 430 432 425 411 412 403 394 374 364 362 361 337 340 344 333 327 314 305 293 284 274 265 259 262 259 246 226 227 216 217 215 199 184 174 166 159 -9999 -9999 -9999 -9999 -9999 -9999 -9999 -9999 -9999 -9999 -9999 -9999 -9999 -9999 -9999 -9999 -9999 -9999 -9999 -9999 -9999 -9999 -9999 -9999 -9999 -9999 -9999 -9999 -9999 -9999 -9999 -9999 -9999 -9999 -9999 -9999 -9999 -9999 -9999 -9999 -9999 -9999 -9999 -9999 -9999 -9999 -9999
473 464 461 457 433 428 435 415 423 420 411 396 388 374 368 350 342 343 345 337 326 308 299 292 288 279 264 255 252 261 242 224 223 216 209 211 193 181 174 168 162 -9999 -9999 -9999 -9999 -9999 -9999 -9999 -9999 -9999 -9999 -9999 -9999 -9999 -9999 -9999 -9999 -9999 -9999 -9999 -9999 -9999 -9999 -9999 -9999 -9999 -9999 -9999 -9999 -9999 -9999 -9999 -9999 -9999 -9999 -9999 -9999 -9999 -9999 -9999 -9999 -9999 -9999 -9999 -9999 -9999 -9999 -9999
480 469 460 453 453 436 428 428 425 417 401 385 378 370 365 368 355 349 344 342 322 303 305 291 283 282 270 254 251 253 242 233 225 216 211 197 186 181 175 169 -9999 -9999 -9999 -9999 -9999 -9999 -9999 -9999 -9999 -9999 -9999 -9999 -9999 -9999 -9999 -9999 -9999 -9999 -9999 -9999 -9999 -9999 -9999 -9999 -9999 -9999 -9999 -9999 -9999 -9999 -9999 -9999 -9999 -9999 -9999 -9999 -9999 -9999 -9999 -9999 -9999 -9999 -9999 -9999 -9999 -9999 -9999 -9999
479 477 474 467 458 442 433 428 428 397 405 387 384 370 368 360 350 343 343 343 326 318 310 302 290 282 274 257 261 252 243 230 221 214 204 195 187 180 175 169 -9999 -9999 -9999 -9999 -9999 -9999 -9999 -9999 -9999 -9999 -9999 -9999 -9999 -9999 -9999 -9999 -9999 -9999 -9999 -9999 -9999 -9999 -9999 -9999 -9999 -9999 -9999 -9999 -9999 -9999 -9999 -9999 -9999 -9999 -9999 -9999 -9999 -9999 -9999 -9999 -9999 -9999 -9999 -9999 -9999 -9999 -9999 -9999
-9999 478 472 467 465 457 436 426 429 419 405 404 389 385 358 366 347 343 340 342 318 308 304 298 287 287 280 268 268 254 236 229 222 213 204 195 187 181 175 -9999 -9999 -9999 -9999 -9999 -9999 -9999 -9999 -9999 -9999 -9999 -9999 -9999 -9999 -9999 -9999 -9999 -9999 -9999 -9999 -9999 -9999 -9999 -9999 -9999 -9999 -9999 -9999 -9999 -9999 -9999 -9999 -9999 -9999 -9999 -9999 -9999 -9999 -9999 -9999 -9999 -9999 -9999 -9999 -9999 -9999 -9999 -9999 -9999
