L_variabilis/M_variables/Set1/bio_12.asc
NCOLS 96 
NROWS 289 
XLLCORNER -75.2083333333333 
YLLCORNER -49.9166666666667 
CELLSIZE 0.0416666666666667 
NODATA_value -9999 
[rows 216 to 251 of 289, columns 0 to 82 of 96]
-9999 -9999 -9999 -9999 -9999 -9999 -9999 -9999 -9999 -9999 -9999 -9999 -9999 -9999 -9999 -9999 2647 2625 2604 2598 2572 -9999 -9999 -9999 -9999 2509 2484 2483 2453 2422 2293 2180 2106 2064 2006 1856 1765 1730 1665 1615 1559 1500 1443 1381 1412 1456 1430 1488 1439 1384 1271 1259 1200 1178 1148 1126 1084 977 952 890 864 841 842 781 775 -9999 -9999 -9999 -9999 -9999 -9999 -9999 -9999 -9999 -9999 -9999 -9999 -9999 -9999 -9999 -9999 -9999 -9999
-9999 -9999 -9999 -9999 -9999 -9999 -9999 -9999 -9999 -9999 -9999 -9999 -9999 -9999 2699 2701 -9999 -9999 -9999 -9999 -9999 -9999 -9999 -9999 -9999 -9999 2494 2450 2319 2295 2256 2222 2231 2163 2081 1953 1797 1668 1617 1586 1549 1483 1406 1317 1305 1477 1458 1423 1343 1361 1337 1224 1199 1160 1131 1105 1069 998 955 921 888 870 836 780 -9999 -9999 -9999 -9999 -9999 -9999 -9999 -9999 -9999 -9999 -9999 -9999 -9999 -9999 -9999 -9999 -9999 -9999 -9999
-9999 -9999 -9999 -9999 -9999 -9999 -9999 -9999 -9999 -9999 -9999 -9999 -9999 -9999 -9999 -9999 -9999 -9999 -9999 -9999 -9999 -9999 -9999 -9999 -9999 -9999 2525 2461 2427 2391 2318 2296 2220 2156 2080 1996 1790 1572 1532 1539 1523 1468 1368 1272 1332 1449 1466 1422 1386 1343 1343 1282 1226 1169 1108 1080 1035 971 935 913 901 868 807 800 -9999 -9999 -9999 -9999 -9999 -9999 -9999 -9999 -9999 -9999 -9999 -9999 -9999 -9999 -9999 -9999 -9999 -9999 -9999
-9999 -9999 -9999 -9999 -9999 -9999 -9999 -9999 -9999 -9999 -9999 -9999 -9999 -9999 -9999 -9999 -9999 -9999 -9999 -9999 2735 2693 2682 -9999 2639 2557 2490 2471 2406 2362 2377 2242 2129 2136 2007 1916 1803 1703 1468 1508 1498 1454 1394 1342 1399 1422 1499 1435 1330 1300 1282 1199 1184 1164 1118 1081 1017 954 908 870 875 863 833 -9999 -9999 -9999 -9999 -9999 -9999 -9999 -9999 -9999 -9999 -9999 -9999 -9999 -9999 -9999 -9999 -9999 -9999 -9999 -9999
-9999 -9999 -9999 -9999 -9999 -9999 -9999 -9999 -9999 -9999 -9999 -9999 -9999 -9999 -9999 -9999 -9999 -9999 2713 2665 2620 2633 2644 -9999 2605 2544 2445 2434 2412 2371 2321 2247 2258 2118 1995 1884 1831 1704 1517 1471 1482 1432 1379 1332 1396 1401 1554 1437 1329 1269 1253 1216 1188 1128 1093 1063 974 947 898 864 858 823 783 -9999 -9999 -9999 -9999 -9999 -9999 -9999 -9999 -9999 -9999 -9999 -9999 -9999 -9999 -9999 -9999 -9999 -9999 -9999 -9999
-9999 -9999 -9999 -9999 -9999 -9999 -9999 -9999 -9999 -9999 -9999 -9999 -9999 -9999 -9999 -9999 -9999 -9999 2782 2764 2737 2707 2688 -9999 2617 2572 2522 2425 2436 2382 2235 2142 2109 2023 1973 1828 1765 1667 1517 1442 1481 1424 1386 1346 1407 1446 1394 1381 1380 1300 1227 1189 1137 1098 1088 1063 981 949 917 868 834 787 -9999 -9999 -9999 -9999 -9999 -9999 -9999 -9999 -9999 -9999 -9999 -9999 -9999 -9999 -9999 -9999 -9999 -9999 -9999 -9999 -9999
-9999 -9999 -9999 -9999 -9999 -9999 -9999 -9999 -9999 -9999 -9999 -9999 -9999 -9999 -9999 -9999 -9999 -9999 2871 2827 2798 -9999 -9999 2684 2653 2599 2567 2523 2501 2435 2361 2085 2156 2052 2002 1910 1791 1607 1478 1400 1395 1418 1390 1381 1374 1307 1377 1320 1328 1294 1254 1210 1167 1113 1055 1025 989 948 909 877 830 795 -9999 -9999 -9999 -9999 -9999 -9999 -9999 -9999 -9999 -9999 -9999 -9999 -9999 -9999 -9999 -9999 -9999 -9999 -9999 -9999 -9999
-9999 -9999 -9999 -9999 -9999 -9999 -9999 -9999 -9999 -9999 -9999 -9999 -9999 -9999 -9999 -9999 -9999 -9999 2881 -9999 -9999 -9999 2777 2727 2691 2580 2615 2451 2442 2302 2386 2262 2178 2112 1980 1784 1677 1618 1551 1483 1393 1244 1328 1419 1402 1382 1395 1324 1304 1284 1242 1188 1156 1104 1048 992 970 915 878 835 796 -9999 -9999 -9999 -9999 -9999 -9999 -9999 -9999 -9999 -9999 -9999 -9999 -9999 -9999 -9999 -9999 -9999 -9999 -9999 -9999 -9999 -9999
-9999 -9999 -9999 -9999 -9999 -9999 -9999 -9999 -9999 -9999 -9999 -9999 -9999 -9999 -9999 -9999 -9999 -9999 -9999 -9999 -9999 2884 2751 2754 2733 2556 2596 2418 2481 2373 2386 2364 2176 2025 1913 1762 1712 1641 1557 1503 1428 1269 1277 1378 1438 1419 1480 1447 1320 1267 1239 1195 1175 1107 1044 985 958 918 875 839 799 -9999 -9999 -9999 -9999 -9999 -9999 -9999 -9999 -9999 -9999 -9999 -9999 -9999 -9999 -9999 -9999 -9999 -9999 -9999 -9999 -9999 -9999
-9999 -9999 -9999 -9999 -9999 -9999 -9999 -9999 -9999 -9999 -9999 -9999 -9999 -9999 -9999 -9999 -9999 -9999 -9999 -9999 2942 2887 2801 2674 2721 2596 2551 2531 2386 2359 2330 2285 2241 2024 1893 1796 1745 1681 1604 1544 1465 1391 1322 1418 1494 1518 1458 1471 1418 1259 1235 1194 1141 1097 1054 1032 1004 966 953 904 855 -9999 -9999 -9999 -9999 -9999 -9999 -9999 -9999 -9999 -9999 -9999 -9999 -9999 -9999 -9999 -9999 -9999 -9999 -9999 -9999 -9999 -9999
-9999 -9999 -9999 -9999 -9999 -9999 -9999 -9999 -9999 -9999 -9999 -9999 -9999 -9999 -9999 -9999 -9999 -9999 -9999 3022 2980 2849 2766 2687 2770 2636 2567 2542 2527 2406 2364 2407 2317 2069 1958 1859 1801 1708 1635 1577 1575 1596 1446 1433 1478 1442 1406 1366 1332 1302 1201 1221 1193 1178 1117 1059 1000 906 922 891 -9999 -9999 -9999 -9999 -9999 -9999 -9999 -9999 -9999 -9999 -9999 -9999 -9999 -9999 -9999 -9999 -9999 -9999 -9999 -9999 -9999 -9999 -9999
-9999 -9999 -9999 -9999 -9999 -9999 -9999 -9999 -9999 -9999 -9999 -9999 -9999 -9999 -9999 -9999 -9999 -9999 3102 3052 3016 2879 2810 2787 2772 2705 2572 2561 2466 2389 2333 2310 2242 2052 1976 1894 1843 1786 1699 1623 1583 1631 1446 1493 1536 1482 1392 1358 1310 1293 1277 1195 1166 1118 1033 1013 967 903 864 842 -9999 -9999 -9999 -9999 -9999 -9999 -9999 -9999 -9999 -9999 -9999 -9999 -9999 -9999 -9999 -9999 -9999 -9999 -9999 -9999 -9999 -9999 -9999
-9999 -9999 -9999 -9999 -9999 -9999 -9999 -9999 -9999 -9999 -9999 -9999 -9999 -9999 -9999 -9999 -9999 3203 3147 3077 2949 2878 2849 2846 2729 2638 2657 2520 2521 2279 2295 2161 2078 2053 2038 1956 1893 1809 1741 1639 1543 1511 1535 1609 1528 1518 1490 1392 1297 1306 1219 1199 1182 1119 1068 1033 944 896 868 -9999 -9999 -9999 -9999 -9999 -9999 -9999 -9999 -9999 -9999 -9999 -9999 -9999 -9999 -9999 -9999 -9999 -9999 -9999 -9999 -9999 -9999 -9999 -9999
-9999 -9999 -9999 -9999 -9999 -9999 -9999 -9999 -9999 -9999 -9999 -9999 -9999 -9999 -9999 -9999 -9999 3220 3189 3112 2997 2991 2876 2833 2721 2632 2548 2547 2403 2395 2243 2195 2061 2095 2109 2050 1929 1827 1760 1653 1515 1433 1549 1651 1545 1432 1497 1383 1291 1302 1231 1234 1161 1099 1077 999 934 910 863 -9999 -9999 -9999 -9999 -9999 -9999 -9999 -9999 -9999 -9999 -9999 -9999 -9999 -9999 -9999 -9999 -9999 -9999 -9999 -9999 -9999 -9999 -9999 -9999
-9999 -9999 -9999 -9999 -9999 -9999 -9999 -9999 -9999 -9999 -9999 -9999 -9999 -9999 -9999 -9999 3388 -9999 3229 3143 2987 2898 2829 2726 2765 2672 2647 2463 2329 2318 2374 2274 2138 2023 2067 2154 2004 1885 1773 1697 1669 1532 1603 1614 1547 1502 1518 1353 1335 1270 1223 1210 1147 1110 1110 1046 946 910 -9999 -9999 -9999 -9999 -9999 -9999 -9999 -9999 -9999 -9999 -9999 -9999 -9999 -9999 -9999 -9999 -9999 -9999 -9999 -9999 -9999 -9999 -9999 -9999 -9999
-9999 -9999 -9999 -9999 -9999 -9999 -9999 -9999 -9999 -9999 -9999 -9999 -9999 -9999 3558 3443 3390 3330 3148 3188 3038 3058 2837 2726 2723 2588 2515 2467 2549 2348 2316 2215 2182 2049 2017 2143 2114 2036 1946 1825 1650 1599 1493 1562 1495 1432 1434 1447 1389 1306 1257 1225 1168 1107 1054 1049 977 906 -9999 -9999 -9999 -9999 -9999 -9999 -9999 -9999 -9999 -9999 -9999 -9999 -9999 -9999 -9999 -9999 -9999 -9999 -9999 -9999 -9999 -9999 -9999 -9999 -9999
-9999 -9999 -9999 -9999 -9999 -9999 -9999 -9999 -9999 -9999 -9999 3704 -9999 -9999 3546 3456 3399 3350 3206 3120 3138 3094 2926 2798 2806 2653 2724 2616 2425 2337 2312 2230 2141 2048 2078 2039 2124 2038 1916 1871 1774 1654 1542 1590 1553 1495 1461 1408 1368 1337 1321 1248 1151 1113 1069 1047 995 -9999 -9999 -9999 -9999 -9999 -9999 -9999 -9999 -9999 -9999 -9999 -9999 -9999 -9999 -9999 -9999 -9999 -9999 -9999 -9999 -9999 -9999 -9999 -9999 -9999 -9999
-9999 -9999 -9999 -9999 -9999 -9999 -9999 -9999 -9999 -9999 -9999 3756 -9999 3672 3595 3518 3415 3358 3250 3106 3130 3050 3051 2945 2896 2770 2702 2620 2597 2504 2472 2367 2311 2211 2120 2001 2087 2059 1891 1820 1740 1688 1617 1557 1563 1486 1438 1392 1324 1279 1283 1273 1170 1105 1080 1021 1021 -9999 -9999 -9999 -9999 -9999 -9999 -9999 -9999 -9999 -9999 -9999 -9999 -9999 -9999 -9999 -9999 -9999 -9999 -9999 -9999 -9999 -9999 -9999 -9999 -9999 -9999
-9999 -9999 -9999 -9999 -9999 -9999 -9999 -9999 -9999 -9999 -9999 -9999 -9999 3716 3565 3486 3501 3325 3185 3243 3232 3127 3081 2937 2803 2781 2800 2718 2530 2419 2278 2231 1990 1977 2008 2041 2082 1994 1797 1782 1847 1740 1664 1531 1524 1466 1427 1363 1327 1305 1284 1263 1209 1144 1043 1006 -9999 -9999 -9999 -9999 -9999 -9999 -9999 -9999 -9999 -9999 -9999 -9999 -9999 -9999 -9999 -9999 -9999 -9999 -9999 -9999 -9999 -9999 -9999 -9999 -9999 -9999 -9999
-9999 -9999 -9999 4098 4139 4190 4192 4247 4327 -9999 -9999 -9999 3813 3609 3603 3559 3431 3403 3361 3194 3011 3068 3080 2996 2885 2741 2711 2670 2484 2421 2299 2241 2159 2177 1985 2140 2002 1885 1866 1736 1695 1655 1638 1537 1585 1542 1489 1430 1384 1377 1327 1279 1184 1105 1042 1015 -9999 -9999 -9999 -9999 -9999 -9999 -9999 -9999 -9999 -9999 -9999 -9999 -9999 -9999 -9999 -9999 -9999 -9999 -9999 -9999 -9999 -9999 -9999 -9999 -9999 -9999 -9999
-9999 -9999 -9999 4139 4202 4174 4250 4279 4230 -9999 -9999 -9999 3867 3702 3617 3579 3446 3449 3352 3202 3074 3107 3135 3058 2939 2856 2814 2707 2635 2454 2332 2298 2307 2206 2025 2123 2028 1907 1792 1715 1722 1640 1622 1512 1497 1522 1557 1480 1428 1353 1244 1206 1183 1083 1053 1014 -9999 -9999 -9999 -9999 -9999 -9999 -9999 -9999 -9999 -9999 -9999 -9999 -9999 -9999 -9999 -9999 -9999 -9999 -9999 -9999 -9999 -9999 -9999 -9999 -9999 -9999 -9999
-9999 -9999 -9999 4209 4243 4290 4300 4278 4229 -9999 -9999 -9999 3839 3855 3746 3660 3566 3417 3454 3411 3305 3119 3113 3059 2932 2887 2778 2690 2703 2517 2302 2240 2246 2168 2085 2114 2090 1904 1888 1837 1878 1704 1720 1704 1634 1612 1519 1393 1354 1350 1226 1187 1151 1083 1035 -9999 -9999 -9999 -9999 -9999 -9999 -9999 -9999 -9999 -9999 -9999 -9999 -9999 -9999 -9999 -9999 -9999 -9999 -9999 -9999 -9999 -9999 -9999 -9999 -9999 -9999 -9999 -9999
-9999 -9999 -9999 4228 4262 4279 4280 4252 4195 4146 4112 -9999 3885 3817 3745 3589 3491 3526 3401 3450 3259 3112 3100 2917 2990 2868 2772 2720 2726 2563 2505 2403 2278 2294 2287 2210 2100 2042 2003 1978 1891 1843 1817 1736 1546 1536 1426 1375 1338 1307 1262 1203 1139 1105 1042 -9999 -9999 -9999 -9999 -9999 -9999 -9999 -9999 -9999 -9999 -9999 -9999 -9999 -9999 -9999 -9999 -9999 -9999 -9999 -9999 -9999 -9999 -9999 -9999 -9999 -9999 -9999 -9999
-9999 -9999 -9999 4265 4271 4301 4284 4250 4206 4126 4068 -9999 3914 3730 3729 3593 3608 3469 3433 3334 3058 3023 3029 3071 2955 2837 2839 2820 2724 2559 2425 2433 2416 2266 2220 2156 2150 2090 1996 1973 1943 1840 1736 1559 1552 1542 1441 1380 1343 1284 1265 1188 1153 1097 -9999 -9999 -9999 -9999 -9999 -9999 -9999 -9999 -9999 -9999 -9999 -9999 -9999 -9999 -9999 -9999 -9999 -9999 -9999 -9999 -9999 -9999 -9999 -9999 -9999 -9999 -9999 -9999 -9999
-9999 -9999 -9999 4275 4286 4147 4289 4225 4174 4137 4091 4049 3959 3798 3779 3617 3526 3560 3316 3268 3312 3128 2934 3022 2917 2871 2843 2768 2715 2513 2425 2364 2295 2214 2163 2115 2035 2040 2018 1899 1868 1821 1787 1638 1555 1556 1430 1387 1307 1274 1262 1176 1140 1095 -9999 -9999 -9999 -9999 -9999 -9999 -9999 -9999 -9999 -9999 -9999 -9999 -9999 -9999 -9999 -9999 -9999 -9999 -9999 -9999 -9999 -9999 -9999 -9999 -9999 -9999 -9999 -9999 -9999
-9999 -9999 -9999 4293 4267 4285 4212 4191 4171 4033 4069 3920 3884 3897 3709 3586 3594 3442 3464 -9999 -9999 3240 3032 3034 2900 2875 2825 2784 2689 2507 2528 2438 2363 2284 2259 2180 2101 2052 2014 1932 1803 1847 1803 1668 1658 1592 1493 1410 1383 1289 1268 1165 1136 -9999 -9999 -9999 -9999 -9999 -9999 -9999 -9999 -9999 -9999 -9999 -9999 -9999 -9999 -9999 -9999 -9999 -9999 -9999 -9999 -9999 -9999 -9999 -9999 -9999 -9999 -9999 -9999 -9999 -9999
-9999 -9999 -9999 4298 4311 4286 4255 4169 4148 3953 4011 3891 3910 -9999 3781 3677 3618 3392 3364 3381 3305 3229 3150 3103 3071 2895 2836 2670 2704 2647 -9999 2488 2447 2391 -9999 2213 2119 2035 1990 1882 1833 1827 1784 1687 1613 1569 1480 1476 1458 1412 1301 1196 1157 -9999 -9999 -9999 -9999 -9999 -9999 -9999 -9999 -9999 -9999 -9999 -9999 -9999 -9999 -9999 -9999 -9999 -9999 -9999 -9999 -9999 -9999 -9999 -9999 -9999 -9999 -9999 -9999 -9999 -9999
-9999 -9999 -9999 4317 4290 4277 4191 4153 4051 4020 4029 4026 3985 -9999 3764 3587 3605 3468 3353 3416 3345 3305 3250 2946 2975 2860 2660 2716 2649 2659 2601 2525 2441 2415 -9999 2227 2194 -9999 -9999 1932 1815 1759 1745 1616 1573 1524 1484 1472 1326 1384 1324 1261 -9999 -9999 -9999 -9999 -9999 -9999 -9999 -9999 -9999 -9999 -9999 -9999 -9999 -9999 -9999 -9999 -9999 -9999 -9999 -9999 -9999 -9999 -9999 -9999 -9999 -9999 -9999 -9999 -9999 -9999 -9999
-9999 -9999 4351 4326 4286 4243 4191 4084 3973 4013 4005 3931 3965 -9999 3831 3595 3501 3551 3493 3331 3221 3235 3211 3041 2896 2823 2881 2744 2716 2498 2355 2402 2412 2393 2226 2163 2199 -9999 2004 1940 1841 1720 1656 1617 1621 1545 1506 1473 1333 1352 1268 1192 -9999 -9999 -9999 -9999 -9999 -9999 -9999 -9999 -9999 -9999 -9999 -9999 -9999 -9999 -9999 -9999 -9999 -9999 -9999 -9999 -9999 -9999 -9999 -9999 -9999 -9999 -9999 -9999 -9999 -9999 -9999
-9999 -9999 4300 4287 4251 4251 4255 4215 4125 3937 4059 3983 3976 -9999 -9999 3739 3693 3622 3372 3183 3160 3226 3128 3093 2842 2849 2829 2688 2535 2432 2365 2384 2465 2295 2207 2203 2083 2122 1993 1934 1914 1798 1687 1596 1563 1505 1486 1499 1333 1342 1329 -9999 -9999 -9999 -9999 -9999 -9999 -9999 -9999 -9999 -9999 -9999 -9999 -9999 -9999 -9999 -9999 -9999 -9999 -9999 -9999 -9999 -9999 -9999 -9999 -9999 -9999 -9999 -9999 -9999 -9999 -9999 -9999
-9999 -9999 4282 4301 4195 4104 4113 4215 4169 4045 4055 3998 3869 3902 -9999 3700 3681 3523 3561 3337 3224 3133 3028 3027 3003 2912 2720 2760 2562 2397 2453 2518 2297 2232 2265 2191 1983 1977 1909 1956 1907 1860 1728 1609 1583 1500 1490 1471 1366 1347 1366 -9999 -9999 -9999 -9999 -9999 -9999 -9999 -9999 -9999 -9999 -9999 -9999 -9999 -9999 -9999 -9999 -9999 -9999 -9999 -9999 -9999 -9999 -9999 -9999 -9999 -9999 -9999 -9999 -9999 -9999 -9999 -9999
-9999 -9999 4357 4351 4123 4047 4084 4114 4162 4141 4041 4026 3967 3856 -9999 3762 3595 3574 3455 3387 3235 3195 3138 3153 3026 2935 2687 2771 2575 2444 2364 2526 2219 2244 2187 2254 1969 1913 1885 1969 1924 1857 1761 1687 1663 1590 1496 1391 1359 1374 1275 -9999 -9999 -9999 -9999 -9999 -9999 -9999 -9999 -9999 -9999 -9999 -9999 -9999 -9999 -9999 -9999 -9999 -9999 -9999 -9999 -9999 -9999 -9999 -9999 -9999 -9999 -9999 -9999 -9999 -9999 -9999 -9999
-9999 -9999 4320 4361 4117 4147 4100 4172 4144 4109 4056 4005 3892 3867 3849 3766 3484 3575 3431 3258 3389 3288 3265 3169 2924 2959 2831 2638 2622 2436 2439 2335 2334 2237 2147 2235 1995 1959 1998 1986 1914 1864 1758 1620 1629 1626 1562 1483 1427 1338 -9999 -9999 -9999 -9999 -9999 -9999 -9999 -9999 -9999 -9999 -9999 -9999 -9999 -9999 -9999 -9999 -9999 -9999 -9999 -9999 -9999 -9999 -9999 -9999 -9999 -9999 -9999 -9999 -9999 -9999 -9999 -9999 -9999
-9999 -9999 4354 4331 4234 4229 4078 4098 3960 4127 4092 3978 3829 3855 3894 3762 3673 3561 3442 3300 3294 3294 3284 3192 3064 2775 2765 2750 2664 2550 2385 2444 2383 2235 2160 2187 2024 2053 2052 1841 1896 1869 1845 1628 1616 1620 1496 1423 1438 1374 -9999 -9999 -9999 -9999 -9999 -9999 -9999 -9999 -9999 -9999 -9999 -9999 -9999 -9999 -9999 -9999 -9999 -9999 -9999 -9999 -9999 -9999 -9999 -9999 -9999 -9999 -9999 -9999 -9999 -9999 -9999 -9999 -9999
-9999 -9999 4391 4352 4237 4089 3985 4061 4044 4076 4105 4021 3782 3913 3805 3796 -9999 3573 3391 3414 3306 3094 3141 3163 3066 2936 2890 2769 2718 2637 2563 2538 2387 2206 2136 2009 2048 2083 1887 1871 1847 1837 1761 1649 1602 1572 1542 1479 1389 -9999 -9999 -9999 -9999 -9999 -9999 -9999 -9999 -9999 -9999 -9999 -9999 -9999 -9999 -9999 -9999 -9999 -9999 -9999 -9999 -9999 -9999 -9999 -9999 -9999 -9999 -9999 -9999 -9999 -9999 -9999 -9999 -9999 -9999
-9999 -9999 4388 -9999 4235 4189 4170 4113 4141 4160 4132 4033 3737 3890 3745 3746 -9999 3585 3498 3303 3359 3280 3027 3124 3048 2928 2913 2775 2603 2498 2520 2429 2277 2229 2239 2089 2089 1915 1753 1733 1791 1762 1684 1654 1618 1622 1517 1435 1359 -9999 -9999 -9999 -9999 -9999 -9999 -9999 -9999 -9999 -9999 -9999 -9999 -9999 -9999 -9999 -9999 -9999 -9999 -9999 -9999 -9999 -9999 -9999 -9999 -9999 -9999 -9999 -9999 -9999 -9999 -9999 -9999 -9999 -9999
