L_variabilis/M_variables/Set1/bio_15.asc
NCOLS 96 
NROWS 289 
XLLCORNER -75.2083333333333 
YLLCORNER -49.9166666666667 
CELLSIZE 0.0416666666666667 
NODATA_value -9999 
[rows 161 to 183 of 289, columns 0 to 50 of 96]
-9999 -9999 -9999 -9999 -9999 -9999 -9999 -9999 -9999 -9999 22.809139251709 23.0339107513428 -9999 22.9080467224121 23.3333282470703 23.5354290008545 23.5138645172119 -9999 -9999 24.4674625396729 24.6721591949463 24.7966995239258 25.0525684356689 25.279821395874 25.8168296813965 25.8183345794678 26.1012573242188 26.2262344360352 26.4207057952881 26.3580436706543 26.7107582092285 26.6539993286133 26.3865146636963 26.6848278045654 26.9212837219238 27.0676078796387 26.7408657073975 26.8615589141846 26.5801448822021 -9999 -9999 -9999 28.3760280609131 28.3110408782959 28.3823642730713 28.8077087402344 29.0711650848389 29.2655296325684 29.624828338623 29.6446361541748 29.3102951049805
-9999 -9999 -9999 -9999 -9999 -9999 -9999 -9999 -9999 -9999 22.3885841369629 22.8833656311035 22.6211376190186 22.9006576538086 23.133617401123 23.7986965179443 23.8870754241943 24.185676574707 23.8394813537598 24.4940433502197 24.5230388641357 24.5840015411377 25.1115550994873 25.361198425293 25.1378135681152 25.1941299438477 25.3832721710205 25.3754119873047 25.5943546295166 25.4869651794434 25.8991203308105 25.9125919342041 25.6857509613037 26.7333812713623 26.6788101196289 27.0829296112061 27.2553634643555 26.7234935760498 26.5635833740234 -9999 -9999 -9999 27.9775371551514 28.1105289459229 28.2690124511719 28.4033603668213 28.7031154632568 28.7452049255371 28.9475955963135 28.6129817962646 28.8209915161133
-9999 -9999 -9999 -9999 -9999 -9999 -9999 -9999 -9999 -9999 22.1715354919434 -9999 22.862003326416 22.9177188873291 22.9505958557129 23.4673957824707 24.3442268371582 24.1142807006836 23.8398399353027 24.3180904388428 24.6228771209717 24.8614597320557 24.7568206787109 24.9523658752441 24.6553859710693 24.6962623596191 24.3969535827637 24.3996753692627 24.4613151550293 24.9168739318848 25.1322402954102 24.9087562561035 25.2764911651611 26.4067993164062 26.1887092590332 25.896915435791 26.0418968200684 26.0331115722656 26.4339122772217 26.3994312286377 -9999 -9999 27.9363136291504 27.973461151123 28.2863254547119 28.1266784667969 28.4889068603516 28.9370498657227 28.4928607940674 28.2912979125977 29.7658176422119
-9999 -9999 -9999 -9999 -9999 -9999 -9999 -9999 -9999 -9999 -9999 -9999 -9999 -9999 -9999 22.5568447113037 22.8729400634766 23.6947383880615 24.2728137969971 24.1469326019287 24.1926517486572 24.2213363647461 24.235221862793 24.1609020233154 24.5255661010742 24.2989253997803 24.2485122680664 24.0974731445312 24.1459140777588 24.4673538208008 25.1548919677734 25.1333084106445 25.2981128692627 25.4336204528809 25.9342555999756 25.7875366210938 25.3780345916748 25.6676464080811 26.1389904022217 26.3081569671631 -9999 27.4015235900879 27.4515285491943 27.477991104126 27.9204654693604 27.7879600524902 27.9560279846191 28.5138244628906 28.2369327545166 27.9320526123047 28.5038185119629
-9999 -9999 -9999 -9999 -9999 -9999 -9999 -9999 -9999 -9999 -9999 -9999 -9999 -9999 -9999 -9999 22.5034217834473 22.9212837219238 23.7372951507568 24.3456916809082 24.2157936096191 24.0195274353027 23.8953495025635 24.0945529937744 24.2488212585449 24.1269836425781 24.4211368560791 24.5588111877441 24.865198135376 25.0545120239258 24.845983505249 25.4733028411865 25.5894069671631 25.6406078338623 26.3790836334229 25.9815349578857 25.7105922698975 25.5158100128174 25.5323257446289 25.950159072876 -9999 -9999 27.0542030334473 27.9168376922607 27.6430473327637 27.7443866729736 28.1774482727051 28.58984375 28.1640605926514 28.0999965667725 28.0501499176025
-9999 -9999 -9999 -9999 -9999 -9999 -9999 -9999 -9999 -9999 -9999 -9999 -9999 -9999 -9999 -9999 -9999 22.5508995056152 22.9915351867676 23.4228763580322 23.3802604675293 23.5091342926025 23.8137264251709 23.7132549285889 25.2102222442627 24.9800338745117 24.9948120117188 24.576042175293 24.8594093322754 24.6484794616699 24.5537662506104 24.8347358703613 24.9848175048828 24.9102077484131 25.2397441864014 26.1106662750244 25.1873970031738 24.8861408233643 25.3652973175049 25.6703796386719 -9999 -9999 -9999 26.71799659729 27.4434490203857 27.7379207611084 27.8628425598145 28.2479782104492 27.8475914001465 27.9933319091797 28.3478221893311
-9999 -9999 -9999 -9999 -9999 -9999 -9999 -9999 -9999 -9999 -9999 -9999 -9999 -9999 -9999 -9999 -9999 -9999 22.7090721130371 23.7045497894287 23.1759567260742 23.1434173583984 23.0603466033936 23.1723117828369 23.58740234375 24.370002746582 24.45729637146 25.0066184997559 23.9112167358398 24.2131462097168 24.4765739440918 24.7652893066406 25.030387878418 24.729377746582 24.5739631652832 24.6663513183594 25.1013374328613 25.0067138671875 25.0038375854492 -9999 -9999 -9999 -9999 26.9395141601562 26.8090267181396 27.0388851165771 28.1695423126221 28.1759738922119 28.018684387207 28.1378078460693 28.1102523803711
-9999 -9999 -9999 -9999 -9999 -9999 -9999 -9999 -9999 -9999 -9999 -9999 -9999 -9999 -9999 -9999 -9999 -9999 22.418550491333 22.9836654663086 23.0265922546387 22.8483409881592 22.7724323272705 23.565279006958 23.4202766418457 23.6402206420898 24.3579254150391 24.0171737670898 23.7058868408203 23.7721252441406 24.2398357391357 24.4627418518066 24.4869632720947 24.3547229766846 24.2723293304443 24.2131061553955 24.2337112426758 24.9807262420654 25.4845676422119 -9999 -9999 -9999 -9999 -9999 -9999 26.644100189209 27.0633125305176 27.2176151275635 27.4965171813965 27.4227485656738 27.4693126678467
-9999 -9999 -9999 -9999 -9999 -9999 -9999 -9999 -9999 -9999 -9999 -9999 -9999 21.0110893249512 21.0520401000977 -9999 -9999 -9999 21.704610824585 22.4985618591309 22.7133045196533 22.6982555389404 22.6693305969238 23.2937812805176 23.0098114013672 22.8745498657227 23.1060237884521 23.3069381713867 22.9674949645996 23.480993270874 23.5509662628174 23.3677253723145 23.9216804504395 23.1807537078857 23.4763774871826 23.8437671661377 24.1378879547119 -9999 -9999 -9999 24.9942455291748 25.0464954376221 25.4780960083008 -9999 25.9726905822754 26.1236877441406 26.7918319702148 26.57448387146 26.9811382293701 27.2779502868652 27.6023197174072
-9999 -9999 -9999 -9999 -9999 -9999 -9999 -9999 -9999 -9999 -9999 -9999 -9999 -9999 20.543041229248 -9999 -9999 -9999 -9999 21.7700214385986 22.3930320739746 22.6258716583252 22.0983848571777 22.3690223693848 22.8968906402588 22.7741680145264 22.8929004669189 22.7063140869141 22.8414573669434 22.4761924743652 22.8455104827881 23.2722625732422 23.5126628875732 23.1496963500977 23.2898139953613 23.4872627258301 23.5118541717529 23.9296684265137 -9999 -9999 -9999 24.8924255371094 24.9996871948242 -9999 25.970588684082 26.0811462402344 26.7550601959229 26.8150672912598 26.933895111084 26.8359107971191 27.7796821594238
-9999 -9999 -9999 -9999 -9999 -9999 -9999 -9999 -9999 -9999 -9999 -9999 -9999 -9999 -9999 -9999 -9999 -9999 -9999 21.8533458709717 21.6641960144043 22.0368003845215 21.9371566772461 22.0822772979736 22.5082950592041 22.518196105957 23.0127334594727 22.9232902526855 22.7467651367188 22.9310741424561 22.9863052368164 22.9162769317627 23.1715126037598 23.0238723754883 22.9530258178711 23.3902168273926 23.158519744873 23.4419441223145 -9999 24.6131591796875 24.600923538208 25.1216449737549 24.8562145233154 -9999 25.4949131011963 26.6758632659912 26.4932060241699 26.6871604919434 26.3280277252197 26.4829540252686 27.4993228912354
-9999 -9999 -9999 -9999 -9999 -9999 -9999 -9999 -9999 -9999 -9999 -9999 -9999 -9999 -9999 -9999 -9999 -9999 21.176025390625 21.2237110137939 21.2819728851318 21.2981033325195 21.307466506958 21.4971351623535 21.953929901123 22.2066078186035 22.0739936828613 21.9074249267578 22.3366146087646 22.5098438262939 22.4264869689941 22.3548393249512 22.0258750915527 22.1410236358643 22.3513622283936 22.483211517334 22.3067436218262 -9999 23.8857250213623 23.8884105682373 24.1233997344971 24.4442176818848 24.6203899383545 24.5011501312256 25.2501678466797 25.5203266143799 25.5938529968262 27.1184062957764 27.4364891052246 28.5992412567139 28.6319274902344
-9999 -9999 -9999 -9999 -9999 -9999 -9999 -9999 -9999 -9999 -9999 -9999 -9999 -9999 -9999 -9999 -9999 -9999 21.3604393005371 21.0428009033203 21.1975936889648 21.1417808532715 21.0415515899658 21.2686328887939 21.3812561035156 21.3954601287842 21.5088386535645 21.3000831604004 21.7237987518311 22.1077919006348 22.2593116760254 22.3758144378662 22.1935615539551 21.9487724304199 21.8903636932373 21.9072132110596 22.1148357391357 -9999 -9999 23.5460815429688 24.0649929046631 24.2847881317139 24.3887901306152 24.6244525909424 24.9585437774658 25.083890914917 25.2311477661133 27.3136692047119 26.9815921783447 28.6142330169678 29.7537097930908
-9999 -9999 -9999 -9999 -9999 -9999 -9999 -9999 -9999 -9999 -9999 -9999 -9999 -9999 -9999 -9999 20.3514060974121 20.0720119476318 -9999 20.4840221405029 20.9493370056152 20.7505054473877 20.8478450775146 20.9154529571533 20.7413482666016 21.3046054840088 21.0138378143311 21.2448425292969 21.5212306976318 21.8996982574463 22.0893611907959 22.037145614624 21.7043724060059 21.6779308319092 21.9213066101074 21.6016216278076 21.9949378967285 -9999 -9999 23.5025653839111 23.9040565490723 24.3036651611328 24.1350708007812 24.0323295593262 24.1429080963135 24.7855892181396 24.7400169372559 24.6779537200928 25.9954376220703 27.2473220825195 29.1674537658691
-9999 -9999 -9999 -9999 -9999 -9999 -9999 -9999 -9999 -9999 -9999 -9999 -9999 -9999 -9999 19.9582118988037 20.2649154663086 20.3425388336182 -9999 20.2576866149902 20.5985279083252 20.9384250640869 21.0984935760498 21.2482872009277 20.9898071289062 20.861629486084 -9999 21.7395572662354 21.6997909545898 21.4585247039795 21.0153732299805 21.4869995117188 21.2919998168945 21.3627777099609 21.2484874725342 21.5137805938721 21.9872970581055 -9999 22.983678817749 23.1955337524414 23.7250328063965 23.9571285247803 24.0321350097656 24.3070087432861 24.4060649871826 24.4204864501953 24.1951942443848 24.115701675415 24.7230987548828 26.7248992919922 28.7185649871826
-9999 -9999 -9999 -9999 -9999 -9999 -9999 -9999 -9999 -9999 -9999 -9999 -9999 19.3689594268799 18.9622554779053 19.6553192138672 19.5630645751953 19.9534282684326 19.7319221496582 20.094295501709 20.481876373291 20.6081581115723 20.3516750335693 20.4250583648682 20.7680625915527 21.1850395202637 20.834545135498 21.0367660522461 21.3092613220215 21.2584247589111 21.2963581085205 20.3199043273926 20.7322731018066 20.70361328125 20.9920101165771 21.2901020050049 21.7582588195801 -9999 22.7560348510742 23.0121212005615 23.6186180114746 23.6019020080566 23.794246673584 23.9881572723389 25.0203456878662 24.4416694641113 24.0626373291016 23.7008266448975 24.3431053161621 26.5129261016846 27.2227420806885
-9999 -9999 -9999 -9999 -9999 -9999 -9999 -9999 -9999 -9999 -9999 -9999 -9999 19.0612545013428 19.0227355957031 19.1866607666016 -9999 19.3222007751465 19.4892959594727 19.8888816833496 20.2362213134766 20.545431137085 20.2215061187744 20.1274833679199 20.4064235687256 20.428295135498 20.1597194671631 20.2733631134033 20.4660892486572 20.8545074462891 20.8092441558838 20.9315891265869 20.7839012145996 20.3963680267334 20.9013023376465 21.1456756591797 21.333890914917 22.392463684082 22.6027698516846 22.8591537475586 22.7533435821533 22.9563827514648 23.8384780883789 23.3023300170898 23.682502746582 23.3072948455811 23.6486148834229 23.6823902130127 24.088659286499 24.7443027496338 24.7888374328613
-9999 -9999 -9999 -9999 -9999 -9999 -9999 -9999 -9999 -9999 -9999 -9999 -9999 -9999 18.855224609375 19.0612678527832 18.7123947143555 19.0084476470947 19.2623996734619 19.21702003479 19.5122509002686 20.1057643890381 20.1388664245605 19.3162002563477 19.9127559661865 20.0301074981689 20.4198913574219 19.8485374450684 19.647403717041 19.7933597564697 19.8052520751953 20.2225112915039 19.9562721252441 20.152027130127 20.3910865783691 20.7195816040039 20.9070281982422 -9999 -9999 22.3175487518311 22.6657848358154 22.985897064209 23.219799041748 23.0492362976074 23.0093536376953 23.2332439422607 24.3023929595947 24.6870880126953 24.9763717651367 25.0532054901123 24.6843376159668
-9999 -9999 -9999 -9999 -9999 -9999 -9999 -9999 -9999 -9999 -9999 -9999 -9999 -9999 18.6319770812988 18.8712100982666 18.4896011352539 18.1862201690674 18.7927360534668 18.906702041626 18.8148059844971 19.2833652496338 19.0364665985107 19.5464153289795 19.3553447723389 19.2553081512451 19.8533573150635 19.8156452178955 19.7150726318359 19.1377201080322 19.1334438323975 19.9435634613037 19.7339038848877 19.8516693115234 20.2453765869141 20.416051864624 -9999 -9999 21.5035037994385 21.7941017150879 22.8858737945557 22.4239292144775 22.9211521148682 22.9536418914795 23.2407302856445 23.4217357635498 23.9389133453369 25.315336227417 27.1248035430908 24.9739551544189 -9999
-9999 -9999 -9999 -9999 -9999 -9999 -9999 -9999 -9999 -9999 -9999 -9999 -9999 -9999 -9999 -9999 -9999 -9999 18.3585166931152 18.4215087890625 18.5570163726807 18.3576583862305 18.8040008544922 18.8297290802002 19.3368663787842 19.0687770843506 19.2232971191406 19.4933338165283 19.0966548919678 19.0295257568359 18.848424911499 18.8960666656494 18.8107051849365 19.387716293335 20.0369701385498 20.5128440856934 -9999 -9999 21.2997760772705 21.3269233703613 21.7206268310547 -9999 23.1296348571777 23.1355533599854 23.1939334869385 23.1276988983154 23.6883373260498 25.1449298858643 27.0604629516602 24.8700981140137 23.8306884765625
-9999 -9999 -9999 -9999 -9999 -9999 -9999 -9999 -9999 -9999 -9999 -9999 -9999 -9999 -9999 -9999 18.2505683898926 18.2029342651367 18.0149688720703 17.5070667266846 18.1049900054932 18.4161415100098 -9999 -9999 -9999 19.1285362243652 18.8512020111084 19.0037422180176 19.0370960235596 18.89577293396 18.9479351043701 18.7837371826172 19.3721923828125 19.4987602233887 20.517894744873 -9999 20.8863124847412 20.5273704528809 20.9867420196533 21.1660308837891 -9999 22.1353931427002 22.5074806213379 22.3948707580566 23.1224708557129 23.7501125335693 24.7593154907227 25.5544166564941 25.8131885528564 23.6735515594482 23.2915134429932
-9999 -9999 -9999 -9999 -9999 -9999 -9999 -9999 -9999 -9999 -9999 -9999 -9999 -9999 -9999 -9999 17.7396697998047 17.6659927368164 17.565710067749 17.5825500488281 17.3110771179199 17.6394729614258 17.8915119171143 18.4122619628906 18.2626266479492 19.1181888580322 19.0842247009277 18.7084980010986 18.510440826416 18.5806636810303 18.1753673553467 18.6499080657959 19.0515823364258 19.8075294494629 20.2771663665771 20.5016288757324 20.3223552703857 20.3197116851807 20.3441734313965 20.5540504455566 -9999 21.6962070465088 21.9802894592285 22.2007808685303 23.5197944641113 23.9628219604492 25.2247104644775 26.3589191436768 24.7254047393799 22.6310806274414 22.8660736083984
-9999 -9999 -9999 -9999 -9999 -9999 -9999 -9999 -9999 -9999 -9999 -9999 -9999 -9999 -9999 -9999 17.6566905975342 16.9527378082275 16.8468074798584 16.8767509460449 17.0059204101562 17.0200786590576 17.3288726806641 17.4792766571045 18.1190719604492 -9999 18.171968460083 18.6549034118652 19.080394744873 18.4858512878418 18.7914924621582 18.7688217163086 18.7887020111084 19.0480289459229 19.5663204193115 19.9566860198975 19.5740547180176 19.7135696411133 20.4561538696289 19.8609809875488 21.4405307769775 21.5591735839844 22.1451473236084 22.1047077178955 23.299144744873 24.4539108276367 25.0263595581055 24.5538082122803 22.4761390686035 22.4227809906006 23.1851463317871
