L_variabilis/M_variables/Set1/bio_12.asc
NCOLS 96 
NROWS 289 
XLLCORNER -75.2083333333333 
YLLCORNER -49.9166666666667 
CELLSIZE 0.0416666666666667 
NODATA_value -9999 
[rows 36 to 71 of 289, columns 0 to 82 of 96]
-9999 -9999 -9999 -9999 -9999 -9999 -9999 -9999 -9999 -9999 -9999 -9999 -9999 -9999 -9999 -9999 -9999 -9999 -9999 -9999 -9999 -9999 -9999 -9999 -9999 -9999 -9999 -9999 -9999 -9999 -9999 -9999 -9999 -9999 -9999 -9999 -9999 -9999 -9999 -9999 -9999 -9999 -9999 -9999 -9999 -9999 -9999 1929 1935 1980 2012 2048 2034 2032 2029 2091 2066 2083 2116 2153 2161 2194 2236 2281 2320 2333 2360 2386 2402 2434 2460 2442 2287 2200 2253 2228 2021 1852 1698 1774 1706 1714 1755
-9999 -9999 -9999 -9999 -9999 -9999 -9999 -9999 -9999 -9999 -9999 -9999 -9999 -9999 -9999 -9999 -9999 -9999 -9999 -9999 -9999 -9999 -9999 -9999 -9999 -9999 -9999 -9999 -9999 -9999 -9999 -9999 -9999 -9999 -9999 -9999 -9999 -9999 -9999 -9999 -9999 -9999 -9999 -9999 -9999 -9999 -9999 1931 1956 1982 2018 2035 2021 2040 2057 2122 2112 2121 2123 2159 2209 2226 2246 2288 2266 2349 2365 2392 2327 2344 2417 2465 2440 2333 2300 2159 1967 1766 1573 1610 1623 1696 1688
-9999 -9999 -9999 -9999 -9999 -9999 -9999 -9999 -9999 -9999 -9999 -9999 -9999 -9999 -9999 -9999 -9999 -9999 -9999 -9999 -9999 -9999 -9999 -9999 -9999 -9999 -9999 -9999 -9999 -9999 -9999 -9999 -9999 -9999 -9999 -9999 -9999 -9999 -9999 -9999 -9999 -9999 -9999 -9999 -9999 -9999 1932 1970 2011 2065 2035 2042 2029 2023 2056 2089 2132 2127 2155 2170 2196 2219 2250 2281 2304 2353 2330 2365 2403 2339 2419 2418 2408 2438 2384 2304 1966 1796 1738 1678 1652 1585 1587
-9999 -9999 -9999 -9999 -9999 -9999 -9999 -9999 -9999 -9999 -9999 -9999 -9999 -9999 -9999 -9999 -9999 -9999 -9999 -9999 -9999 -9999 -9999 -9999 -9999 -9999 -9999 -9999 -9999 -9999 -9999 -9999 -9999 -9999 -9999 -9999 -9999 -9999 -9999 -9999 -9999 -9999 -9999 -9999 -9999 -9999 1923 1989 2087 2106 2076 2044 2016 2036 2058 2077 2111 2132 2182 2212 2236 2259 2281 2298 2316 2340 2373 2397 2422 2417 2418 2414 2413 2406 2373 2355 2176 1974 1903 1821 1701 1601 1510
-9999 -9999 -9999 -9999 -9999 -9999 -9999 -9999 -9999 -9999 -9999 -9999 -9999 -9999 -9999 -9999 -9999 -9999 -9999 -9999 -9999 -9999 -9999 -9999 -9999 -9999 -9999 -9999 -9999 -9999 -9999 -9999 -9999 -9999 -9999 -9999 -9999 -9999 -9999 -9999 -9999 -9999 -9999 -9999 -9999 -9999 2031 2075 2138 2048 1996 1988 2010 2035 2062 2101 2161 2173 2215 2236 2216 2262 2283 2317 2338 2358 2369 2386 2407 2424 2427 2424 2424 2411 2377 2317 2297 2184 2051 1827 1669 1570 1490
-9999 -9999 -9999 -9999 -9999 -9999 -9999 -9999 -9999 -9999 -9999 -9999 -9999 -9999 -9999 -9999 -9999 -9999 -9999 -9999 -9999 -9999 -9999 -9999 -9999 -9999 -9999 -9999 -9999 -9999 -9999 -9999 -9999 -9999 -9999 -9999 -9999 -9999 -9999 -9999 -9999 -9999 -9999 -9999 -9999 2077 2112 2148 2104 2018 1985 1972 2001 2034 2075 2135 2186 2222 2224 2248 2265 2294 2270 2281 2329 2373 2389 2385 2401 2412 2412 2416 2420 2317 2145 1991 2003 2170 2178 1903 1782 1728 1527
-9999 -9999 -9999 -9999 -9999 -9999 -9999 -9999 -9999 -9999 -9999 -9999 -9999 -9999 -9999 -9999 -9999 -9999 -9999 -9999 -9999 -9999 -9999 -9999 -9999 -9999 -9999 -9999 -9999 -9999 -9999 -9999 -9999 -9999 -9999 -9999 -9999 -9999 -9999 -9999 -9999 -9999 -9999 -9999 2115 2122 2170 2130 2073 2041 2005 1990 2016 2046 2071 2130 2172 2195 2247 2261 2299 2322 2332 2342 2354 2372 2384 2394 2396 2370 2373 2380 2333 2219 2168 2001 1864 1815 2061 1902 1950 1719 1633
-9999 -9999 -9999 -9999 -9999 -9999 -9999 -9999 -9999 -9999 -9999 -9999 -9999 -9999 -9999 -9999 -9999 -9999 -9999 -9999 -9999 -9999 -9999 -9999 -9999 -9999 -9999 -9999 -9999 -9999 -9999 -9999 -9999 -9999 -9999 -9999 -9999 -9999 -9999 -9999 -9999 -9999 -9999 2118 2137 2143 2202 2144 2112 2082 2050 2037 2041 2080 2094 2117 2160 2190 2243 2271 2297 2314 2341 2340 2343 2359 2374 2382 2377 2352 2343 2355 2086 1966 2031 1915 1842 2001 1977 2097 1966 1547 1688
-9999 -9999 -9999 -9999 -9999 -9999 -9999 -9999 -9999 -9999 -9999 -9999 -9999 -9999 -9999 -9999 -9999 -9999 -9999 -9999 -9999 -9999 -9999 -9999 -9999 -9999 -9999 -9999 -9999 -9999 -9999 -9999 -9999 -9999 -9999 -9999 -9999 -9999 -9999 -9999 -9999 -9999 -9999 2103 2179 2214 2191 2171 2184 2140 2106 2093 2110 2138 2119 2148 2160 2196 2228 2267 2286 2302 2327 2337 2335 2350 2367 2371 2358 2350 2360 2330 2225 1949 1993 2063 1876 2035 2096 1869 2034 1723 1709
-9999 -9999 -9999 -9999 -9999 -9999 -9999 -9999 -9999 -9999 -9999 -9999 -9999 -9999 -9999 -9999 -9999 -9999 -9999 -9999 -9999 -9999 -9999 -9999 -9999 -9999 -9999 -9999 -9999 -9999 -9999 -9999 -9999 -9999 -9999 -9999 -9999 -9999 -9999 -9999 -9999 -9999 -9999 2138 2171 2227 2217 2183 2208 2242 2192 2161 2143 2123 2144 2178 2180 2207 2238 2269 2272 2305 2314 2325 2350 2320 2320 2236 2165 2095 2075 2055 2243 2264 2219 1987 2029 2144 1864 1704 1851 1842 1701
-9999 -9999 -9999 -9999 -9999 -9999 -9999 -9999 -9999 -9999 -9999 -9999 -9999 -9999 -9999 -9999 -9999 -9999 -9999 -9999 -9999 -9999 -9999 -9999 -9999 -9999 -9999 -9999 -9999 -9999 -9999 -9999 -9999 -9999 -9999 -9999 -9999 -9999 -9999 -9999 -9999 -9999 -9999 2162 2199 2205 2196 2185 2220 2212 2208 2196 2157 2171 2156 2173 2169 2210 2246 2244 2264 2288 2301 2310 2325 2259 2286 2291 2308 2271 2119 1924 2090 2262 2245 2148 2106 2157 1956 1772 1657 1572 1693
-9999 -9999 -9999 -9999 -9999 -9999 -9999 -9999 -9999 -9999 -9999 -9999 -9999 -9999 -9999 -9999 -9999 -9999 -9999 -9999 -9999 -9999 -9999 -9999 -9999 -9999 -9999 -9999 -9999 -9999 -9999 -9999 -9999 -9999 -9999 -9999 -9999 -9999 -9999 -9999 -9999 2118 2135 2155 2184 2201 2174 2182 2196 2213 2182 2182 2180 2174 2157 2187 2199 2201 2214 2225 2245 2270 2282 2297 2301 2305 2307 2253 2202 2303 2286 2096 1961 2149 2230 2134 2063 2072 1991 1775 1651 1520 1622
-9999 -9999 -9999 -9999 -9999 -9999 -9999 -9999 -9999 -9999 -9999 -9999 -9999 -9999 -9999 -9999 -9999 -9999 -9999 -9999 -9999 -9999 -9999 -9999 -9999 -9999 -9999 -9999 -9999 -9999 -9999 -9999 -9999 -9999 -9999 -9999 -9999 -9999 -9999 -9999 2094 2113 2136 2136 2150 2167 2176 2194 2178 2136 2172 2151 2140 2149 2146 2140 2163 2199 2213 2216 2219 2239 2255 2276 2269 2253 2225 2099 2044 2020 2198 2287 2263 2256 2159 1800 1713 1787 1864 1861 1788 1686 1601
-9999 -9999 -9999 -9999 -9999 -9999 -9999 -9999 -9999 -9999 -9999 -9999 -9999 -9999 -9999 -9999 -9999 -9999 -9999 -9999 -9999 -9999 -9999 -9999 -9999 -9999 -9999 -9999 -9999 -9999 -9999 -9999 -9999 -9999 -9999 -9999 -9999 -9999 2055 2076 2081 2077 2109 2100 2118 2092 2133 2143 2145 2118 2122 2112 2107 2107 2102 2114 2139 2175 2176 2185 2199 2213 2234 2242 2235 2195 2144 2043 2006 1986 1966 1962 2099 2114 1890 1744 1588 1699 1747 1845 1714 1652 1701
-9999 -9999 -9999 -9999 -9999 -9999 -9999 -9999 -9999 -9999 -9999 -9999 -9999 -9999 -9999 -9999 -9999 -9999 -9999 -9999 -9999 -9999 -9999 -9999 -9999 -9999 -9999 -9999 -9999 -9999 -9999 -9999 -9999 -9999 -9999 -9999 2052 2051 2054 2056 2041 2031 2039 2081 2078 2070 2056 2061 2072 2069 2074 2065 2058 2043 2050 2067 2091 2129 2132 2146 2160 2176 2191 2208 2209 2191 2153 2146 2006 1977 1912 1900 1883 1874 1869 1734 1717 1727 1778 1696 1602 1520 1527
-9999 -9999 -9999 -9999 -9999 -9999 -9999 -9999 -9999 -9999 -9999 -9999 -9999 -9999 -9999 -9999 -9999 -9999 -9999 -9999 -9999 -9999 -9999 -9999 -9999 -9999 -9999 -9999 -9999 -9999 -9999 -9999 -9999 -9999 -9999 -9999 2041 2030 2031 2027 2015 2023 2016 2015 2020 2020 2016 2012 2005 1986 1978 1981 1971 1979 1961 1972 2016 2051 2063 2087 2104 2128 2148 2172 2187 2175 2151 2089 2028 1958 1882 1873 1958 2030 1774 1781 1751 1797 1834 1622 1648 1477 1523
-9999 -9999 -9999 -9999 -9999 -9999 -9999 -9999 -9999 -9999 -9999 -9999 -9999 -9999 -9999 -9999 -9999 -9999 -9999 -9999 -9999 -9999 -9999 -9999 -9999 -9999 -9999 -9999 -9999 -9999 -9999 -9999 -9999 -9999 -9999 -9999 -9999 2005 2005 1994 1986 1981 1977 1986 1979 1983 1976 1975 1969 1930 1932 1904 1886 1861 1874 1890 1930 1983 2000 2025 2054 2081 2101 2128 2151 2156 2160 2149 2018 1931 1837 1909 2040 1928 1737 1807 1643 1974 1564 1674 1598 1446 1485
-9999 -9999 -9999 -9999 -9999 -9999 -9999 -9999 -9999 -9999 -9999 -9999 -9999 -9999 -9999 -9999 -9999 -9999 -9999 -9999 -9999 -9999 -9999 -9999 -9999 -9999 -9999 -9999 -9999 -9999 -9999 -9999 -9999 -9999 -9999 -9999 -9999 1977 1967 1951 1946 1945 1945 1946 1939 1940 1935 1898 1851 1829 1854 1821 1825 1781 1783 1828 1839 1874 1915 1958 1993 2027 2060 2088 2100 2114 2134 2165 2193 2081 1857 1985 2164 2021 1881 1731 1673 1996 1564 1767 1476 1424 1399
-9999 -9999 -9999 -9999 -9999 -9999 -9999 -9999 -9999 -9999 -9999 -9999 -9999 -9999 -9999 -9999 -9999 -9999 -9999 -9999 -9999 -9999 -9999 -9999 -9999 -9999 -9999 -9999 -9999 -9999 -9999 -9999 -9999 -9999 -9999 -9999 1927 1935 1941 1939 1934 1925 1923 1916 1892 1846 1821 1813 1757 1710 1747 1765 1871 1804 1727 1686 1726 1781 1839 1898 1942 1983 2016 2035 2050 2036 2066 2103 2144 2186 2174 2135 1890 1738 1810 1829 1938 1981 1687 1845 1550 1446 1406
-9999 -9999 -9999 -9999 -9999 -9999 -9999 -9999 -9999 -9999 -9999 -9999 -9999 -9999 -9999 -9999 -9999 -9999 -9999 -9999 -9999 -9999 -9999 -9999 -9999 -9999 -9999 -9999 -9999 -9999 -9999 -9999 -9999 -9999 -9999 1910 1915 1920 1914 1916 1926 1934 1914 1892 1855 1750 1726 1708 1716 1677 1617 1572 1646 1532 1545 1580 1641 1707 1765 1825 1870 1890 1939 1974 1955 1990 2035 2075 2105 2133 2160 2076 2004 2007 2157 2178 2182 2057 1983 1556 1469 1419 1366
-9999 -9999 -9999 -9999 -9999 -9999 -9999 -9999 -9999 -9999 -9999 -9999 -9999 -9999 -9999 -9999 -9999 -9999 -9999 -9999 -9999 -9999 -9999 -9999 -9999 -9999 -9999 -9999 -9999 -9999 -9999 -9999 -9999 -9999 -9999 1886 1883 1889 1892 1924 1932 1881 1858 1869 1831 1654 1672 1697 1618 1572 1489 1403 1410 1402 1438 1485 1550 1625 1700 1774 1803 1840 1873 1912 1924 1969 2021 2071 2097 2127 2165 2211 2185 2197 2160 2109 2202 2099 1931 1599 1567 1397 1433
-9999 -9999 -9999 -9999 -9999 -9999 -9999 -9999 -9999 -9999 -9999 -9999 -9999 -9999 -9999 -9999 -9999 -9999 -9999 -9999 -9999 -9999 -9999 -9999 -9999 -9999 -9999 -9999 -9999 -9999 -9999 -9999 -9999 -9999 -9999 1880 1884 1872 1880 1856 1835 1791 1750 1810 1738 1593 1518 1526 1493 1400 1355 1321 1308 1322 1350 1401 1473 1550 1635 1707 1772 1823 1861 1877 1906 1955 2009 2056 2097 2161 2206 2191 2244 2207 2247 2235 2217 1969 1605 1698 1624 1477 1405
-9999 -9999 -9999 -9999 -9999 -9999 -9999 -9999 -9999 -9999 -9999 -9999 -9999 -9999 -9999 -9999 -9999 -9999 -9999 -9999 -9999 -9999 -9999 -9999 -9999 -9999 -9999 -9999 -9999 -9999 -9999 -9999 -9999 -9999 -9999 1873 1908 1896 1855 1854 1873 1804 1667 1677 1617 1525 1479 1455 1422 1362 1293 1273 1265 1270 1286 1332 1412 1509 1597 1690 1765 1824 1870 1911 1915 1966 2043 2103 2151 2168 2195 2209 2256 2278 2234 2125 2253 2213 2150 1953 1813 1654 1417
-9999 -9999 -9999 -9999 -9999 -9999 -9999 -9999 -9999 -9999 -9999 -9999 -9999 -9999 -9999 -9999 -9999 -9999 -9999 -9999 -9999 -9999 -9999 -9999 -9999 -9999 -9999 -9999 -9999 -9999 -9999 -9999 -9999 -9999 1803 1828 1855 1882 1883 1841 1766 1696 1621 1639 1553 1493 1443 1396 1355 1304 1273 1250 1250 1254 1265 1312 1390 1477 1568 1655 1737 1814 1884 1941 1994 2082 2134 2144 2123 2041 2142 2124 2293 2263 2301 2247 2245 2169 1956 1634 1709 1710 1702
-9999 -9999 -9999 -9999 -9999 -9999 -9999 -9999 -9999 -9999 -9999 -9999 -9999 -9999 -9999 -9999 -9999 -9999 -9999 -9999 -9999 -9999 -9999 -9999 -9999 -9999 -9999 -9999 -9999 -9999 -9999 -9999 -9999 -9999 1786 1801 1845 1867 1854 1850 1824 1738 1599 1586 1509 1464 1412 1397 1347 1293 1270 1248 1246 1250 1271 1324 1389 1469 1553 1642 1722 1808 1889 1966 2039 2097 2128 2101 2010 2031 1984 2197 2214 2083 2252 2121 2131 2058 1710 1695 1533 1496 1463
-9999 -9999 -9999 -9999 -9999 -9999 -9999 -9999 -9999 -9999 -9999 -9999 -9999 -9999 -9999 -9999 -9999 -9999 -9999 -9999 -9999 -9999 -9999 -9999 -9999 -9999 -9999 -9999 -9999 -9999 -9999 -9999 -9999 -9999 1759 1777 1808 1801 1735 1806 1767 1619 1590 1537 1490 1453 1394 1397 1356 1294 1274 1260 1257 1270 1295 1338 1404 1477 1557 1639 1722 1803 1880 1963 2045 2111 2112 2086 2033 1856 1996 1840 1890 2083 2206 2005 2074 2140 1764 1599 1622 1494 1376
-9999 -9999 -9999 -9999 -9999 -9999 -9999 -9999 -9999 -9999 -9999 -9999 -9999 -9999 -9999 -9999 -9999 -9999 -9999 -9999 -9999 -9999 -9999 -9999 -9999 -9999 -9999 -9999 -9999 -9999 -9999 -9999 -9999 -9999 1749 1754 1755 1730 1697 1704 1676 1591 1556 1526 1487 1428 1385 1352 1365 1305 1279 1270 1271 1290 1317 1357 1418 1489 1562 1646 1731 1817 1900 1982 2062 2129 2121 2065 2015 1846 1859 1776 1742 1798 2044 1738 1835 1872 1724 1664 1503 1594 1443
-9999 -9999 -9999 -9999 -9999 -9999 -9999 -9999 -9999 -9999 -9999 -9999 -9999 -9999 -9999 -9999 -9999 -9999 -9999 -9999 -9999 -9999 -9999 -9999 -9999 -9999 -9999 -9999 -9999 -9999 -9999 -9999 -9999 -9999 -9999 1725 1713 1691 1709 1726 1633 1587 1548 1500 1464 1433 1381 1349 1325 1307 1289 1282 1287 1308 1339 1383 1439 1505 1579 1660 1742 1834 1919 1998 2076 2144 2170 2138 2065 1995 1867 1777 1716 1762 1820 1665 1660 1672 1640 1609 1508 1516 1589
-9999 -9999 -9999 -9999 -9999 -9999 -9999 -9999 -9999 -9999 -9999 -9999 -9999 -9999 -9999 -9999 -9999 -9999 -9999 -9999 -9999 -9999 -9999 -9999 -9999 -9999 -9999 -9999 -9999 -9999 -9999 -9999 -9999 -9999 -9999 1694 1701 1724 1710 1624 1589 1572 1533 1491 1480 1447 1382 1359 1344 1319 1302 1293 1303 1328 1361 1408 1466 1528 1602 1679 1762 1848 1925 2006 2091 2158 2208 2155 2069 2055 2129 1847 1765 1669 1605 1697 1738 1680 1592 1535 1539 1590 1665
-9999 -9999 -9999 -9999 -9999 -9999 -9999 -9999 -9999 -9999 -9999 -9999 -9999 -9999 -9999 -9999 -9999 -9999 -9999 -9999 -9999 -9999 -9999 -9999 -9999 -9999 -9999 -9999 -9999 -9999 -9999 -9999 -9999 -9999 1695 1705 1752 1750 1749 1664 1575 1542 1544 1510 1475 1414 1392 1369 1347 1335 1320 1305 1323 1347 1381 1426 1483 1551 1617 1692 1779 1869 1948 2018 2088 2151 2232 2265 2242 2106 1858 1906 1868 1696 1614 1820 1958 1678 1701 1532 1456 1454 1643
-9999 -9999 -9999 -9999 -9999 -9999 -9999 -9999 -9999 -9999 -9999 -9999 -9999 -9999 -9999 -9999 -9999 -9999 -9999 -9999 -9999 -9999 -9999 -9999 -9999 -9999 -9999 -9999 -9999 -9999 -9999 -9999 -9999 1723 1743 1770 1799 1801 1728 1636 1567 1535 1531 1523 1465 1417 1396 1364 1345 1342 1336 1332 1341 1368 1403 1449 1506 1573 1646 1725 1809 1885 1948 2001 2066 2139 2216 2292 2340 2345 2385 2448 2430 2331 2275 2261 1990 1970 1651 1490 1487 1564 1532
-9999 -9999 -9999 -9999 -9999 -9999 -9999 -9999 -9999 -9999 -9999 -9999 -9999 -9999 -9999 -9999 -9999 -9999 -9999 -9999 -9999 -9999 -9999 -9999 -9999 -9999 -9999 -9999 -9999 -9999 -9999 -9999 -9999 1727 1720 1747 1745 1779 1788 1678 1573 1537 1537 1520 1479 1435 1402 1377 1362 1355 1348 1351 1363 1388 1425 1470 1524 1595 1671 1751 1839 1922 1976 2044 2103 2178 2264 2340 2427 2501 2205 2031 2091 2389 2221 2159 1757 1733 1558 1538 1441 1519 1553
-9999 -9999 -9999 -9999 -9999 -9999 -9999 -9999 -9999 -9999 -9999 -9999 -9999 -9999 -9999 -9999 -9999 -9999 -9999 -9999 -9999 -9999 -9999 -9999 -9999 -9999 -9999 -9999 -9999 -9999 -9999 -9999 1728 1738 1722 1705 1713 1686 1710 1666 1587 1542 1542 1553 1533 1454 1404 1384 1374 1373 1371 1373 1386 1411 1447 1492 1551 1618 1697 1787 1872 1954 2038 2117 2188 2242 2336 2422 2484 2463 2154 1992 1835 1936 1879 1742 1705 1627 1569 1610 1594 1658 1670
-9999 -9999 -9999 -9999 -9999 -9999 -9999 -9999 -9999 -9999 -9999 -9999 -9999 -9999 -9999 -9999 -9999 -9999 -9999 -9999 -9999 -9999 -9999 -9999 -9999 -9999 -9999 -9999 -9999 -9999 -9999 -9999 1741 1745 1726 1782 1826 1778 1775 1715 1589 1553 1528 1501 1484 1449 1410 1397 1389 1385 1384 1391 1407 1433 1467 1512 1570 1640 1720 1806 1847 1903 1975 2067 2164 2243 2377 2455 2238 2286 2207 1970 1796 1680 1719 1761 1729 1574 1444 1495 1490 1383 1404
-9999 -9999 -9999 -9999 -9999 -9999 -9999 -9999 -9999 -9999 -9999 -9999 -9999 -9999 -9999 -9999 -9999 -9999 -9999 -9999 -9999 -9999 -9999 -9999 -9999 -9999 -9999 -9999 -9999 -9999 -9999 -9999 1769 1798 1783 1770 1830 1829 1808 1693 1611 1546 1525 1483 1453 1439 1423 1416 1405 1405 1404 1408 1421 1451 1483 1533 1591 1659 1730 1809 1882 1923 1992 2070 2154 2248 2355 2504 2508 2187 1951 1936 1949 2068 1754 1843 1746 1613 1471 1478 1527 1531 1619
-9999 -9999 -9999 -9999 -9999 -9999 -9999 -9999 -9999 -9999 -9999 -9999 -9999 -9999 -9999 -9999 -9999 -9999 -9999 -9999 -9999 -9999 -9999 -9999 -9999 -9999 -9999 -9999 -9999 -9999 -9999 1754 1773 1802 1824 1819 1777 1791 1816 1715 1631 1542 1508 1485 1469 1452 1438 1427 1424 1423 1421 1428 1438 1465 1500 1540 1599 1664 1740 1823 1915 2006 2109 2172 2199 2333 2403 2484 2592 2531 2451 2636 2810 2600 1786 1799 2073 1614 1553 1443 1415 1540 1474
