L_variabilis/M_variables/Set1/bio_2.asc
NCOLS 96 
NROWS 289 
XLLCORNER -75.2083333333333 
YLLCORNER -49.9166666666667 
CELLSIZE 0.0416666666666667 
NODATA_value -9999 
[rows 230 to 252 of 289, columns 0 to 50 of 96]
-9999 -9999 -9999 -9999 -9999 -9999 -9999 -9999 -9999 -9999 -9999 -9999 -9999 -9999 -9999 -9999 4.83750009536743 -9999 5.25 5.44117641448975 5.730797290802 5.97333335876465 6.10299968719482 6.22045469284058 6.3241229057312 6.42999982833862 6.50175428390503 6.73199987411499 6.77733325958252 6.66631937026978 6.690833568573 6.88224649429321 6.93566656112671 6.88800001144409 6.93866682052612 6.86600017547607 6.99866676330566 7.43533325195312 7.54166650772095 7.45233345031738 7.29766654968262 7.27366638183594 7.23766660690308 7.28999996185303 7.51133346557617 7.63633346557617 7.66933345794678 7.6656665802002 7.70166683197021 7.8899998664856 7.94566679000854
-9999 -9999 -9999 -9999 -9999 -9999 -9999 -9999 -9999 -9999 -9999 -9999 -9999 -9999 4.15000009536743 6.25 6.06410264968872 5.84743595123291 6.04722213745117 6.1308331489563 6.05303049087524 6.24583339691162 6.48208332061768 6.42500019073486 6.39400005340576 6.53200006484985 6.71399974822998 6.85733318328857 6.67999982833862 6.71583318710327 6.76800012588501 6.90999984741211 6.97266674041748 6.95900011062622 7.1303334236145 7.11199998855591 7.31566667556763 7.64900016784668 7.76066637039185 7.79299974441528 7.72100019454956 7.65499973297119 7.45266675949097 7.37533330917358 7.50833320617676 7.56066656112671 7.68533325195312 7.79866647720337 7.96633338928223 8.15200042724609 8.22266674041748
-9999 -9999 -9999 -9999 -9999 -9999 -9999 -9999 -9999 -9999 -9999 5.45000028610229 -9999 -9999 5.97500038146973 6.1412878036499 6.18066644668579 6.20083332061768 6.25277757644653 6.3236665725708 6.32083320617676 6.39583349227905 6.53194427490234 6.60303020477295 6.48039245605469 6.66624975204468 6.75921058654785 6.89259243011475 6.88541650772095 6.8803334236145 6.96533346176147 7.08066654205322 7.16533374786377 7.2039999961853 7.30299997329712 7.33666658401489 7.53499984741211 7.7906665802002 7.84100008010864 7.85033369064331 7.91766691207886 7.99200010299683 7.72800016403198 7.44466686248779 7.47933340072632 7.55633354187012 7.71733331680298 7.86833333969116 8.03900051116943 8.19466686248779 8.37033271789551
-9999 -9999 -9999 -9999 -9999 -9999 -9999 -9999 -9999 -9999 -9999 5.77083349227905 -9999 5.69999980926514 5.87685203552246 5.92541646957397 6.03260850906372 6.06006956100464 6.07430553436279 6.24333333969116 6.34734869003296 6.47850847244263 6.45555543899536 6.76851844787598 6.85064125061035 6.90156269073486 6.93771934509277 6.96929836273193 6.83416652679443 6.84777784347534 7.01050710678101 7.10733318328857 7.03033351898193 7.05833339691162 7.20333337783813 7.30100011825562 7.42199993133545 7.57587718963623 7.6488094329834 7.65833330154419 7.77933311462402 7.94566679000854 7.86499977111816 7.56633329391479 7.45766687393188 7.61066675186157 7.77899980545044 7.83300018310547 7.85633325576782 7.91933345794678 8.27666664123535
-9999 -9999 -9999 -9999 -9999 -9999 -9999 -9999 -9999 -9999 -9999 -9999 -9999 5.9759259223938 5.9263334274292 5.84891271591187 5.90388870239258 6.02673625946045 6.08200025558472 6.17156839370728 6.30444431304932 6.40208339691162 6.47187471389771 6.69868421554565 6.73802089691162 6.65555572509766 6.63333320617676 6.74342107772827 6.84479188919067 6.88133335113525 6.9573335647583 6.84999990463257 6.72800016403198 6.76066637039185 6.90166664123535 6.92499971389771 7.04015159606934 7.42041683197021 7.72300004959106 7.69199991226196 7.69066667556763 7.80233335494995 7.84899997711182 7.67799997329712 7.43800020217896 7.496666431427 7.69366645812988 7.75366687774658 7.84899997711182 7.96733331680298 8.20499992370605
-9999 -9999 -9999 5.30256414413452 5.36884069442749 5.39531230926514 5.39444446563721 4.69166660308838 3.69166684150696 -9999 -9999 -9999 5.75 6.01033353805542 5.86423635482788 5.72638893127441 5.82083320617676 5.875 5.97870397567749 6.16553020477295 6.26466655731201 6.19199991226196 6.22888851165771 6.39325380325317 6.33199977874756 6.34600019454956 6.38899993896484 6.42199993133545 6.65366697311401 6.86233329772949 6.9539999961853 6.90566682815552 6.93833351135254 7.01233339309692 7.1026668548584 6.86089754104614 7.06620359420776 7.49666690826416 7.63566637039185 7.60200023651123 7.58633327484131 7.6046667098999 7.65633344650269 7.68433332443237 7.61800003051758 7.64133310317993 7.76833343505859 7.82000017166138 7.8730001449585 8.06933307647705 8.28499984741211
-9999 -9999 -9999 5.26174259185791 5.28070163726807 5.37799978256226 5.41354131698608 5.43111133575439 5.50166654586792 -9999 -9999 -9999 5.60277795791626 5.6965274810791 5.77753639221191 5.74166679382324 5.68833351135254 5.75757598876953 5.99841260910034 6.18287038803101 6.11145830154419 5.83177089691162 5.70340919494629 5.70984840393066 5.86250019073486 6.00046300888062 6.08295440673828 6.19782590866089 6.48666667938232 6.85866641998291 6.99166679382324 7.00200033187866 7.10400009155273 7.19966697692871 7.1013331413269 6.91388893127441 7.04652786254883 7.39599990844727 7.55299997329712 7.46999979019165 7.59000015258789 7.66933345794678 7.64266681671143 7.67233324050903 7.64366674423218 7.73766660690308 7.89100027084351 7.98266649246216 8.13266658782959 8.30200004577637 8.42333316802979
-9999 -9999 -9999 5.16666650772095 5.08712148666382 5.26666641235352 5.36410236358643 5.44444417953491 5.50624990463257 -9999 -9999 -9999 5.625 5.625 5.72499990463257 5.69166660308838 5.63333320617676 5.9494047164917 6.16666650772095 6.17944431304932 6.05138874053955 5.82444429397583 5.67000007629395 5.53819417953491 5.6365385055542 5.89583349227905 6.02500009536743 6.02280712127686 6.19652795791626 6.63000011444092 6.92366647720337 6.91733312606812 7.03466653823853 7.17033338546753 7.08506965637207 7.08095264434814 7.04444456100464 7.26249980926514 7.40392160415649 7.43472242355347 7.65899991989136 7.80866670608521 7.75466680526733 7.71299982070923 7.73333358764648 7.8289999961853 8.01999950408936 8.06666660308838 8.18833351135254 8.31666660308838 8.26266670227051
-9999 -9999 -9999 5.26519632339478 5.26979160308838 5.41666650772095 5.29285717010498 5.30625009536743 5.50055551528931 5.4880952835083 5.07944440841675 -9999 5.75694465637207 5.85681819915771 5.89499998092651 5.78281259536743 5.67348480224609 6.16666698455811 6.27187490463257 6.1488094329834 6.26979160308838 6.14375019073486 5.79907369613647 5.86399984359741 5.90566682815552 6.05470991134644 6.02135419845581 5.96718740463257 5.95833349227905 6.35888910293579 6.65333318710327 6.86083316802979 6.95499992370605 7.04259252548218 7.00833320617676 7.44999980926514 7.55151510238647 7.51666688919067 7.31180572509766 7.13269186019897 7.34824562072754 7.49066638946533 7.62333297729492 7.73999977111816 7.79133319854736 7.86566638946533 7.93266677856445 7.9156665802002 8.010666847229 8.18166637420654 8.35900020599365
-9999 -9999 -9999 5.43499994277954 5.41759252548218 5.38749980926514 5.32986116409302 5.42990207672119 5.48985481262207 5.53933334350586 5.59625005722046 -9999 5.68630981445312 5.82800006866455 5.81538438796997 5.71521711349487 5.5461540222168 6.02954530715942 6.21374988555908 6.30307006835938 6.33699989318848 6.2519998550415 6.08733320236206 5.86111116409302 5.91376829147339 6.02533340454102 6.01266670227051 5.95533323287964 6.14366674423218 6.46666669845581 6.74927520751953 7.04523801803589 7.16777753829956 7.4759259223938 7.46770811080933 7.43333339691162 7.41041660308838 7.13055562973022 7.0149998664856 6.9694447517395 7.09687519073486 7.31011915206909 7.51931810379028 7.68533325195312 7.75366640090942 7.91666698455811 7.96866655349731 7.93133306503296 7.93800020217896 8.02966690063477 8.32433319091797
-9999 -9999 -9999 5.45520830154419 5.43771934509277 5.41349220275879 5.35000038146973 5.41400003433228 5.46933317184448 5.55366659164429 5.60231447219849 5.48541641235352 5.61041688919067 5.7890625 5.85370397567749 5.8403844833374 5.76458311080933 5.89444446563721 6.09313726425171 6.18229150772095 6.21775341033936 6.364333152771 6.32633352279663 5.97499990463257 5.9784722328186 6.00138902664185 6.0256667137146 6.12333345413208 6.3289999961853 6.65500020980835 6.80266666412354 6.99803924560547 7.26583337783813 7.38833332061768 7.2109375 7.33269214630127 7.58506965637207 7.67794132232666 7.26354169845581 7.38700008392334 7.43379640579224 7.3134617805481 7.42866659164429 7.63766670227051 7.72700023651123 7.91433334350586 8.03366661071777 8.08333301544189 7.92999982833862 8.01800060272217 8.38766670227051
-9999 -9999 -9999 5.47569465637207 5.49100017547607 5.42013883590698 5.42857122421265 5.49166679382324 5.50937509536743 5.60753965377808 5.59083366394043 5.70798587799072 5.67166662216187 5.70833349227905 5.8288459777832 5.84999990463257 5.89166688919067 5.90490198135376 5.70555543899536 -9999 -9999 6.21416664123535 6.30266666412354 6.00624990463257 5.99642848968506 6.05625009536743 6.09358978271484 6.24722242355347 6.50722217559814 6.72944450378418 6.75277805328369 7.03611087799072 7.15902805328369 7.2037878036499 7.04722213745117 7.47499990463257 7.70694446563721 7.93333339691162 7.75277805328369 7.57399988174438 7.5149998664856 7.41333341598511 7.43402767181396 7.57280683517456 7.57083320617676 7.73277807235718 7.87243604660034 7.99490737915039 8.010666847229 8.06799983978271 8.40799999237061
-9999 -9999 -9999 5.48968267440796 5.50833320617676 5.50515842437744 5.4537878036499 5.55083322525024 5.54722213745117 5.56666660308838 5.51845264434814 5.65198421478271 5.56777763366699 -9999 6.03333330154419 6.02277803421021 6.05451393127441 6.07500028610229 6.01533317565918 5.97866678237915 5.99916648864746 6.38333320617676 6.09999990463257 6.52708339691162 6.38749980926514 6.72499990463257 6.80476188659668 6.76018524169922 6.76249980926514 6.81904745101929 -9999 7.05833339691162 7.1347222328186 7.05000019073486 -9999 7.60500001907349 7.62857151031494 7.83888912200928 7.69259262084961 7.62318849563599 7.4472222328186 7.4075756072998 7.56766653060913 7.73405790328979 7.83437490463257 7.97499990463257 8.02966690063477 8.064772605896 8.13533306121826 8.20766639709473 8.35499954223633
-9999 -9999 -9999 5.4903507232666 5.51325750350952 5.49166679382324 5.45233345031738 5.50133323669434 5.56466674804688 5.55909109115601 5.52500009536743 5.59500026702881 5.6347222328186 -9999 5.97954559326172 6.03933334350586 6.09266662597656 6.08466672897339 6.114333152771 6.21851873397827 6.46099996566772 6.59270811080933 6.42348480224609 6.66066694259644 6.73533344268799 6.83874988555908 6.87733364105225 6.7703332901001 6.93560600280762 7.06798219680786 7.01845216751099 7.14861106872559 7.35654783248901 7.62916660308838 -9999 7.66499996185303 7.85833358764648 -9999 -9999 7.42499971389771 7.47266674041748 7.6399998664856 7.76200008392334 7.8323335647583 7.90433311462402 8.00233364105225 8.03266620635986 8.08598518371582 8.19266700744629 8.32533359527588 8.32333278656006
-9999 -9999 5.42416667938232 5.44803905487061 5.48208332061768 5.48194456100464 5.43958330154419 5.45245122909546 5.51014518737793 5.49239110946655 5.48224639892578 5.62954521179199 5.6607141494751 -9999 5.79999971389771 5.89507579803467 6.02500009536743 6.02500009536743 6.14215707778931 6.32355070114136 6.45566654205322 6.50500011444092 6.54500007629395 6.53970623016357 6.64100027084351 6.72604179382324 6.71666669845581 6.79899978637695 6.92899990081787 6.99866676330566 6.96066665649414 7.10233306884766 7.10333299636841 7.22291660308838 7.67045450210571 7.64965295791626 6.99166679382324 -9999 7.54458332061768 7.15833330154419 7.29629611968994 7.48923635482788 7.69799995422363 7.7649998664856 7.84100008010864 7.92166662216187 7.9689998626709 8.00921058654785 8.10400009155273 8.28233337402344 8.31466674804688
-9999 -9999 5.35173606872559 5.41052627563477 5.4199275970459 5.39912271499634 5.39444446563721 5.36296319961548 5.49222230911255 5.58333349227905 5.36333322525024 5.43205118179321 5.61666679382324 -9999 -9999 5.83333301544189 5.89895820617676 6.05303049087524 6.27708339691162 6.42166662216187 6.41400003433228 6.39266633987427 6.49266672134399 6.45530319213867 6.63825750350952 6.74633359909058 6.81699991226196 6.90033340454102 6.92666673660278 6.86399984359741 6.90799999237061 7.09899997711182 7.15000009536743 7.3473482131958 7.6473331451416 7.72456169128418 7.58966684341431 7.66089773178101 7.41979169845581 7.02555561065674 6.88888883590698 7.34375 7.42326402664185 7.50633335113525 7.6933331489563 7.83099985122681 7.80966663360596 7.91282033920288 8.04333305358887 8.23733329772949 8.34799957275391
-9999 -9999 5.41159439086914 5.40416669845581 5.41033315658569 5.38366651535034 5.42282629013062 5.38385391235352 5.5276312828064 5.59206342697144 5.3412880897522 5.49166679382324 5.72210121154785 5.85648155212402 -9999 6.00624990463257 6.03802061080933 6.19624996185303 6.14333343505859 6.24166679382324 6.31899976730347 6.41033315658569 6.48566675186157 6.58478260040283 6.71944427490234 6.80520820617676 6.875 6.81833362579346 6.7926664352417 6.75266695022583 6.86700010299683 7.11733341217041 7.27466678619385 7.33933305740356 7.5310001373291 7.70905780792236 7.65666675567627 7.64599990844727 7.45699977874756 7.73854160308838 7.47777795791626 7.22499990463257 7.14999961853027 7.24404764175415 7.43593740463257 7.61833333969116 7.66222238540649 7.96176481246948 8.05300045013428 8.20366668701172 8.37933349609375
-9999 -9999 5.40036249160767 5.40520811080933 5.44400024414062 5.41300010681152 5.41000032424927 5.42666625976562 5.53214311599731 5.6004900932312 5.55175447463989 5.52692317962646 5.74733352661133 5.90833330154419 -9999 6.01000022888184 6.14166641235352 6.23043489456177 6.25984811782837 6.23214292526245 6.2578125 6.35217380523682 6.47137689590454 6.66249990463257 6.74358940124512 6.79291677474976 6.8730001449585 6.77789878845215 6.84233331680298 6.81500005722046 6.91033315658569 7.07233333587646 7.27199983596802 7.27899980545044 7.44500017166138 7.62366676330566 7.6710000038147 7.59033346176147 7.55633354187012 7.84600019454956 7.68854141235352 7.37738084793091 7.43571424484253 7.52619075775146 7.5716667175293 7.68409061431885 8.00396823883057 8.07266616821289 8.12166690826416 8.16366672515869 8.39000034332275
-9999 -9999 5.3289213180542 5.37407398223877 5.49066686630249 5.44000005722046 5.45033359527588 5.45357131958008 5.54824542999268 5.63188409805298 5.56315803527832 5.61416673660278 5.77986097335815 5.85753965377808 5.88333320617676 5.82500028610229 6.00486087799072 6.10147047042847 6.32299995422363 6.42866659164429 6.29675912857056 6.33833360671997 6.35833311080933 6.59693002700806 6.7894926071167 6.81166648864746 6.83560609817505 6.89666652679443 6.86066675186157 6.89333343505859 6.91499996185303 7.14266681671143 7.31866645812988 7.35566663742065 7.38333320617676 7.58933353424072 7.62433338165283 7.65700006484985 7.84818840026855 8.04891300201416 8.08749961853027 7.71875 7.63625001907349 7.81500005722046 7.95590305328369 8.01133346557617 8.08066654205322 8.07466697692871 8.16866683959961 8.27200031280518 -9999
-9999 -9999 5.20075750350952 5.34666681289673 5.48633337020874 5.4573335647583 5.51800012588501 5.50138902664185 5.55555582046509 5.48874998092651 5.50384616851807 5.64305543899536 5.76133298873901 5.74340295791626 5.68888902664185 5.52499961853027 5.47884607315063 5.71000003814697 6.05866670608521 6.28466653823853 6.33599996566772 6.33154773712158 6.23333358764648 6.38958311080933 6.73825740814209 6.87966680526733 6.79800033569336 6.80599975585938 6.89100027084351 6.96366691589355 7.06266689300537 7.16633319854736 7.33466672897339 7.35233306884766 7.32600021362305 7.4370002746582 7.47200012207031 7.69033288955688 7.96700000762939 8.07600021362305 8.07033348083496 8.17916679382324 7.84333324432373 7.81533336639404 8.00733375549316 8.01766681671143 8.04133319854736 8.17099952697754 8.21766662597656 8.32666683197021 -9999
-9999 -9999 5.0625 5.1725001335144 5.38571453094482 5.48266649246216 5.50366687774658 5.41533327102661 5.43366670608521 5.38833332061768 5.3125 5.33699989318848 5.48000001907349 5.36533355712891 5.43712091445923 5.42037057876587 -9999 5.5184211730957 5.87866687774658 6.13981485366821 6.32777786254883 6.5097222328186 6.51666688919067 6.58425951004028 6.76421546936035 6.78464889526367 6.76029396057129 6.85595226287842 6.98968267440796 7.09041690826416 7.16375017166138 7.27966690063477 7.4026665687561 7.36866664886475 7.25400018692017 7.239333152771 7.22833347320557 7.614333152771 7.80766677856445 7.71600008010864 7.80833339691162 7.93143939971924 7.83650779724121 7.83699989318848 7.93533325195312 7.7960000038147 7.62233352661133 7.92999982833862 8.18033313751221 -9999 -9999
-9999 -9999 4.92083311080933 -9999 5.11184215545654 5.28999996185303 5.25566673278809 5.2126669883728 5.08478260040283 4.96014499664307 4.87435913085938 4.99236106872559 5.35033321380615 5.33666658401489 5.40833330154419 5.50634908676147 -9999 5.44166660308838 5.69090938568115 6.21969699859619 6.38571453094482 6.48999977111816 6.61066675186157 6.57321453094482 6.68333339691162 6.80984830856323 6.81127452850342 6.91145849227905 7.01999998092651 7.06166648864746 7.10799980163574 7.26599979400635 7.35166692733765 7.38933324813843 7.3899998664856 7.52666664123535 7.58099985122681 7.60166692733765 7.39699983596802 7.27866697311401 7.29899978637695 7.3256664276123 7.496666431427 7.69433355331421 7.78900003433228 7.78099966049194 7.82833337783813 8.0493335723877 8.01200008392334 -9999 -9999
-9999 -9999 4.54607820510864 4.44833326339722 4.63749980926514 4.84201383590698 5.04466676712036 4.97135448455811 4.85138893127441 5.02968740463257 5.03725481033325 4.82249975204468 5.04021739959717 5.19927549362183 5.23611068725586 5.22760391235352 5.33888912200928 5.4375 5.58627462387085 5.94999980926514 6.23333311080933 6.35833311080933 6.55000019073486 6.71190452575684 6.7745099067688 6.79652786254883 6.82666635513306 6.90877199172974 6.98186302185059 6.93916654586792 6.96527767181396 7.07192993164062 7.14629650115967 7.39300012588501 7.5 7.69000005722046 7.6729998588562 7.34266662597656 7.10066652297974 7.05433320999146 7.10833311080933 7.20800018310547 7.38166666030884 7.4593334197998 7.48799991607666 7.62000036239624 7.67133331298828 7.69933319091797 -9999 -9999 -9999
