L_variabilis/M_variables/Set1/bio_12.asc
NCOLS 96 
NROWS 289 
XLLCORNER -75.2083333333333 
YLLCORNER -49.9166666666667 
CELLSIZE 0.0416666666666667 
NODATA_value -9999 
[rows 108 to 143 of 289, columns 0 to 82 of 96]
-9999 -9999 -9999 -9999 -9999 -9999 -9999 -9999 -9999 -9999 -9999 -9999 -9999 -9999 -9999 -9999 -9999 -9999 -9999 -9999 -9999 -9999 -9999 -9999 2166 2173 2175 2148 2118 2127 2162 2179 2175 2180 2179 2181 2199 2218 2226 2239 2243 -9999 2274 -9999 -9999 2296 2299 -9999 -9999 2298 2294 -9999 -9999 -9999 -9999 -9999 -9999 -9999 2234 2210 2111 2096 2004 1940 1919 2022 2122 1828 1733 1713 1799 1742 1642 1434 1329 1296 1240 1264 1148 1115 1146 1121 1012
-9999 -9999 -9999 -9999 -9999 -9999 -9999 -9999 -9999 -9999 -9999 -9999 -9999 -9999 -9999 -9999 -9999 -9999 -9999 -9999 -9999 -9999 -9999 -9999 2157 2147 2140 2130 2124 2123 2145 2158 2153 2158 2153 2169 2181 2198 2214 2223 2231 2261 2261 -9999 2286 2296 2296 -9999 -9999 -9999 -9999 -9999 -9999 -9999 -9999 -9999 -9999 -9999 -9999 -9999 2104 1916 1957 1881 1885 1989 2126 1763 1917 1830 1808 1827 1653 1555 1439 1312 1244 1326 1211 1166 1104 1122 1139
-9999 -9999 -9999 -9999 -9999 -9999 -9999 -9999 -9999 -9999 -9999 -9999 -9999 -9999 -9999 -9999 -9999 -9999 -9999 -9999 -9999 -9999 -9999 -9999 2158 2140 2154 2147 2126 2129 2120 2111 2128 2141 2133 2155 2171 2188 2207 2224 2241 2260 2260 2281 2288 2295 2305 2309 -9999 -9999 -9999 -9999 -9999 -9999 -9999 -9999 -9999 -9999 -9999 -9999 2191 2042 2020 1874 1846 1915 2070 2022 2008 2007 1873 1701 1771 1720 1584 1377 1295 1308 1280 1227 1214 1203 1094
-9999 -9999 -9999 -9999 -9999 -9999 -9999 -9999 -9999 -9999 -9999 -9999 -9999 -9999 -9999 -9999 -9999 -9999 -9999 -9999 -9999 -9999 -9999 -9999 2145 2147 2130 2124 2111 2114 2114 2115 2122 2132 2132 2152 2173 2190 2199 -9999 2242 2252 2265 2276 -9999 -9999 2299 -9999 -9999 -9999 -9999 -9999 -9999 -9999 -9999 -9999 -9999 2264 2221 2162 2191 2210 2038 1952 1920 2082 1866 1810 1804 1711 1844 1664 1511 1725 1550 1436 1330 1319 1238 1210 1164 1080 1026
-9999 -9999 -9999 -9999 -9999 -9999 -9999 -9999 -9999 -9999 -9999 -9999 -9999 -9999 -9999 -9999 -9999 -9999 -9999 -9999 -9999 -9999 -9999 -9999 -9999 2140 2134 2113 2101 2092 2098 2121 2132 2137 2140 2150 2158 2182 2221 -9999 2251 2254 2282 2284 -9999 -9999 -9999 2318 -9999 -9999 -9999 -9999 -9999 -9999 -9999 -9999 -9999 2276 2184 2043 2064 2058 2156 2155 2147 1978 1817 1706 1723 1810 1835 1694 1544 1526 1489 1441 1351 1363 1211 1191 1112 1076 1034
-9999 -9999 -9999 -9999 -9999 -9999 -9999 -9999 -9999 -9999 -9999 -9999 -9999 -9999 -9999 -9999 -9999 -9999 -9999 -9999 -9999 -9999 -9999 -9999 -9999 2144 2134 2125 2126 2124 2132 2143 2149 2151 2163 2168 2190 2207 2226 2238 2261 2273 2283 -9999 -9999 2317 2326 2325 2325 -9999 -9999 2327 2327 -9999 -9999 -9999 2295 2291 2239 2154 2066 2035 2058 2009 2094 2140 2044 1780 1746 1745 1672 1704 1614 1471 1367 1373 1387 1357 1400 1335 1151 1113 1103
-9999 -9999 -9999 -9999 -9999 -9999 -9999 -9999 -9999 -9999 -9999 -9999 -9999 -9999 -9999 -9999 -9999 -9999 -9999 -9999 -9999 -9999 -9999 -9999 -9999 -9999 2129 2137 2135 2131 2142 2147 2154 2163 2172 2182 2193 2212 2226 2242 2260 2273 2280 -9999 2307 2319 2330 2327 -9999 -9999 2336 2334 2328 -9999 -9999 -9999 2303 2304 2245 2169 2100 1944 1992 1994 2010 2160 1957 1895 1796 1690 1673 1594 1459 1456 1417 1315 1252 1296 1153 1305 1256 1120 1163
-9999 -9999 -9999 -9999 -9999 -9999 -9999 -9999 -9999 -9999 -9999 -9999 -9999 -9999 -9999 -9999 -9999 -9999 -9999 -9999 -9999 -9999 -9999 -9999 -9999 -9999 2125 2134 2130 2139 2160 2160 2164 2174 2184 2191 2208 2229 -9999 2260 2258 -9999 -9999 -9999 -9999 -9999 -9999 -9999 -9999 -9999 2346 2343 2339 2344 -9999 -9999 2320 2318 2224 2085 2128 1998 2048 2083 1935 2033 2107 2073 1842 1897 1713 1710 1478 1474 1408 1448 1307 1225 1315 1338 1306 1310 1132
-9999 -9999 -9999 -9999 -9999 -9999 -9999 -9999 -9999 -9999 -9999 -9999 -9999 -9999 -9999 -9999 -9999 -9999 -9999 -9999 -9999 -9999 -9999 -9999 -9999 2113 2125 2136 2142 2145 2161 2170 2176 2187 2196 2209 2223 2237 2260 -9999 -9999 -9999 -9999 -9999 -9999 -9999 -9999 -9999 -9999 -9999 2355 2353 2346 2347 2341 -9999 2328 2334 2309 2156 2052 2025 2200 1930 1852 1874 1909 2006 2028 1998 1754 1770 1651 1451 1475 1522 1491 1460 1362 1164 1123 1151 1242
-9999 -9999 -9999 -9999 -9999 -9999 -9999 -9999 -9999 -9999 -9999 -9999 -9999 -9999 -9999 -9999 -9999 -9999 -9999 -9999 -9999 -9999 -9999 -9999 -9999 2112 2131 2138 2139 2165 2166 2176 2188 2190 2206 2215 2231 2250 2262 2283 2302 -9999 -9999 -9999 -9999 -9999 -9999 -9999 -9999 -9999 -9999 -9999 -9999 2351 2346 -9999 2338 2337 2334 2204 2118 2208 2173 2065 1974 1758 1723 1641 1699 1925 1933 1876 1749 1569 1458 1435 1407 1344 1304 1346 1148 1114 1182
-9999 -9999 -9999 -9999 -9999 -9999 -9999 -9999 -9999 -9999 -9999 -9999 -9999 -9999 -9999 -9999 -9999 -9999 -9999 -9999 -9999 -9999 -9999 -9999 -9999 2125 2129 2142 2155 2173 2185 2193 2202 2209 2226 2230 2242 2265 2287 2295 2315 2329 -9999 -9999 -9999 -9999 -9999 -9999 -9999 -9999 -9999 -9999 -9999 2357 2356 -9999 2342 2337 2327 2318 2262 2178 2193 1998 1841 1571 1451 1629 1674 1656 1653 1739 1666 1578 1407 1364 1283 1376 1330 1333 1328 1082 1040
-9999 -9999 -9999 -9999 -9999 -9999 -9999 -9999 -9999 -9999 -9999 -9999 -9999 -9999 -9999 -9999 -9999 -9999 -9999 -9999 -9999 -9999 -9999 -9999 -9999 2127 2138 2156 2161 2181 2189 2201 2216 2220 2240 2260 2265 2292 2299 2299 2324 2343 -9999 -9999 -9999 -9999 -9999 -9999 -9999 -9999 -9999 -9999 -9999 -9999 -9999 -9999 -9999 2341 2275 2092 2122 2109 2123 1935 1731 1747 1777 1858 1710 1639 1706 1689 1631 1519 1638 1448 1330 1244 1172 1158 1227 1280 1160
-9999 -9999 -9999 -9999 -9999 -9999 -9999 -9999 -9999 -9999 -9999 -9999 -9999 -9999 -9999 -9999 -9999 -9999 -9999 -9999 -9999 -9999 -9999 2080 2106 2127 2149 2152 2148 2176 2195 2209 2227 2243 2254 2263 2284 2309 2309 2327 2343 2356 -9999 -9999 -9999 -9999 -9999 -9999 -9999 -9999 -9999 -9999 -9999 -9999 -9999 -9999 -9999 -9999 2324 2270 2245 2073 2009 1871 1873 1958 1888 1927 1784 1796 1619 1509 1464 1424 1462 1593 1259 1333 1107 1152 1157 1072 1095
-9999 -9999 -9999 -9999 -9999 -9999 -9999 -9999 -9999 -9999 -9999 -9999 -9999 -9999 -9999 -9999 -9999 -9999 -9999 -9999 -9999 -9999 -9999 2078 2104 2132 2152 2162 2175 2185 2209 2226 2237 2253 2271 2287 2310 2327 2345 2347 2365 2381 2395 -9999 -9999 -9999 -9999 -9999 -9999 -9999 -9999 -9999 -9999 -9999 -9999 -9999 -9999 2339 2297 2340 2286 2074 2080 2002 1915 2100 1797 1932 1677 1615 1725 1599 1479 1537 1393 1524 1438 1356 1177 1098 1048 994 1004
-9999 -9999 -9999 -9999 -9999 -9999 -9999 -9999 -9999 -9999 -9999 -9999 -9999 -9999 -9999 -9999 -9999 -9999 -9999 -9999 -9999 -9999 2077 2080 2112 2137 2158 2175 2176 2188 2212 2235 2245 2258 2286 2307 2329 2354 2361 2373 2379 2395 2401 2416 2418 -9999 -9999 -9999 -9999 -9999 -9999 -9999 -9999 -9999 -9999 -9999 -9999 2354 2357 2357 2323 2240 2256 2225 2025 2137 1937 1921 1712 1616 1546 1421 1502 1643 1497 1307 1492 1486 1163 1222 1062 1007 1047
-9999 -9999 -9999 -9999 -9999 -9999 -9999 -9999 -9999 -9999 -9999 -9999 -9999 -9999 -9999 -9999 -9999 -9999 -9999 -9999 -9999 -9999 2070 2092 2112 2138 2171 2176 2184 2203 2233 2256 2262 2280 2308 2320 2334 2374 2363 2388 2418 -9999 -9999 -9999 2430 2438 -9999 -9999 -9999 -9999 -9999 -9999 -9999 -9999 -9999 -9999 2368 2369 2386 2227 2135 2321 2080 2125 2221 2178 1822 1835 1975 1969 1660 1493 1597 1422 1448 1632 1295 1413 1475 1539 1453 1364 1338
-9999 -9999 -9999 -9999 -9999 -9999 -9999 -9999 -9999 -9999 -9999 -9999 -9999 -9999 -9999 -9999 -9999 -9999 -9999 -9999 -9999 2019 2070 2094 2125 2145 2179 2187 2199 2215 2240 2262 2278 2292 2329 2344 2349 2377 2411 2418 2419 2425 2438 -9999 -9999 -9999 -9999 -9999 -9999 -9999 -9999 -9999 -9999 -9999 -9999 2426 2323 2277 2362 2245 2068 2261 2145 2179 2264 2221 2009 1993 1889 1678 1703 1719 1422 1524 1533 1412 1591 1203 1221 1227 1255 1133 1092
-9999 -9999 -9999 -9999 -9999 -9999 -9999 -9999 -9999 -9999 -9999 -9999 -9999 -9999 -9999 -9999 -9999 -9999 -9999 -9999 -9999 2035 2065 2097 2131 2149 2186 2198 2220 2229 2264 2271 2292 2317 2352 2379 2385 2392 2425 2444 2452 2458 -9999 -9999 -9999 -9999 -9999 -9999 -9999 -9999 -9999 -9999 -9999 -9999 -9999 2428 2340 2235 2182 2234 2272 2226 2160 2154 2042 2236 2158 1808 1816 1813 1735 1903 1604 1487 1450 1571 1664 1416 1147 1145 1214 1018 1017
-9999 -9999 -9999 -9999 -9999 -9999 -9999 -9999 -9999 -9999 -9999 -9999 -9999 -9999 -9999 -9999 -9999 -9999 -9999 -9999 2007 2039 2074 2110 2139 2165 2192 2219 2242 2264 2285 2305 2322 2334 2381 2406 2402 2432 2457 2463 2479 2473 -9999 -9999 -9999 -9999 -9999 -9999 -9999 -9999 -9999 -9999 -9999 -9999 -9999 2443 2369 2145 2168 2129 2119 2262 2143 2073 1944 2219 2142 1801 1723 1705 1684 1793 1827 1462 1493 1474 1688 1402 1402 1311 1062 1043 1165
-9999 -9999 -9999 -9999 -9999 -9999 -9999 -9999 -9999 -9999 -9999 -9999 -9999 -9999 -9999 -9999 -9999 -9999 -9999 -9999 2002 2037 2081 2116 2150 2178 2210 2216 2238 2271 2297 2313 2334 2351 2381 2430 2458 2480 2482 2496 2498 -9999 -9999 -9999 -9999 -9999 -9999 -9999 -9999 -9999 -9999 -9999 -9999 -9999 -9999 2450 2379 2011 2005 2146 2121 2132 2128 2089 2106 2187 2210 1999 1786 1696 1892 1674 1410 1414 1395 1425 1474 1514 1287 1674 1602 1463 1379
-9999 -9999 -9999 -9999 -9999 -9999 -9999 -9999 -9999 -9999 -9999 -9999 -9999 -9999 -9999 -9999 -9999 -9999 -9999 1971 1999 2043 2081 2117 2153 2177 2215 2240 2261 2290 2323 2341 2358 2380 2397 2465 2477 -9999 2506 2523 -9999 -9999 -9999 -9999 -9999 -9999 -9999 -9999 -9999 -9999 -9999 -9999 -9999 -9999 -9999 2460 2415 2244 2138 2094 2227 2241 2053 2106 2144 1850 2158 2161 2088 1987 1613 1445 1487 1528 1320 1236 1279 1491 1675 1593 1524 1222 1106
-9999 -9999 -9999 -9999 -9999 -9999 -9999 -9999 -9999 -9999 -9999 -9999 -9999 -9999 -9999 -9999 -9999 -9999 -9999 1970 2005 2038 2070 2115 2166 2192 2232 2265 2290 2325 2353 2388 2407 2426 2399 2478 2509 -9999 2536 2536 -9999 -9999 -9999 -9999 -9999 -9999 -9999 -9999 -9999 -9999 -9999 -9999 -9999 2520 2497 2489 2464 2420 2315 2069 2291 2026 1957 1691 1738 1835 2073 2133 2065 2090 1849 1501 1536 1387 1606 1496 1392 1477 1552 1634 1368 1105 1145
-9999 -9999 -9999 -9999 -9999 -9999 -9999 -9999 -9999 -9999 -9999 -9999 -9999 -9999 -9999 -9999 -9999 -9999 -9999 -9999 -9999 2072 2085 2128 2175 2220 2258 2298 2323 2361 2392 2407 2440 2475 2481 2467 2498 -9999 -9999 -9999 -9999 -9999 -9999 -9999 -9999 -9999 -9999 -9999 -9999 -9999 -9999 2556 2545 2521 2450 2484 2464 2460 2424 2313 2164 2082 2124 1970 1524 1653 1896 1994 1700 2024 2050 1805 1680 1355 1303 1474 1766 1766 1522 1174 1195 1089 1071
-9999 -9999 -9999 -9999 -9999 -9999 -9999 -9999 -9999 -9999 -9999 -9999 -9999 -9999 -9999 -9999 -9999 -9999 -9999 -9999 -9999 -9999 2122 2181 2175 2238 2278 2323 2369 2399 2434 2451 2481 2504 2498 2482 2561 2589 -9999 -9999 -9999 -9999 -9999 -9999 -9999 -9999 -9999 -9999 -9999 -9999 -9999 2569 2557 2538 2450 2373 2421 2387 2438 2347 2109 2187 2208 1847 1809 1739 1672 1925 1881 1703 1920 2067 1946 1475 1488 1724 1663 1530 1231 1206 1138 1077 1046
-9999 -9999 -9999 -9999 -9999 -9999 -9999 -9999 -9999 -9999 -9999 -9999 -9999 -9999 -9999 -9999 -9999 -9999 -9999 -9999 -9999 -9999 2101 2138 -9999 -9999 2288 -9999 2391 2400 -9999 2495 2511 2535 2536 2541 2573 -9999 -9999 -9999 -9999 -9999 -9999 -9999 -9999 -9999 -9999 -9999 -9999 -9999 -9999 2582 2563 2554 2528 2492 2463 2223 2244 2362 2350 2322 2169 2119 1947 1783 1727 1928 2002 1898 1889 2051 2032 1473 1701 1551 1276 1295 1210 1149 1206 1037 1053
-9999 -9999 -9999 -9999 -9999 -9999 -9999 -9999 -9999 -9999 -9999 -9999 -9999 -9999 -9999 -9999 -9999 -9999 -9999 -9999 -9999 -9999 2109 2138 2201 -9999 -9999 -9999 -9999 -9999 -9999 2507 2532 2559 -9999 -9999 -9999 -9999 -9999 -9999 -9999 -9999 -9999 -9999 -9999 -9999 -9999 -9999 -9999 -9999 2609 2603 2596 2492 2471 2445 2373 2185 2036 2128 2093 2281 2152 1952 1700 1782 1937 2082 2042 1612 1596 1727 1926 1845 1866 1380 1268 1269 1162 1134 1149 1127 1068
-9999 -9999 -9999 -9999 -9999 -9999 -9999 -9999 -9999 -9999 -9999 -9999 -9999 -9999 -9999 -9999 -9999 -9999 -9999 -9999 -9999 -9999 -9999 2180 2187 -9999 -9999 -9999 -9999 -9999 -9999 -9999 -9999 -9999 -9999 -9999 -9999 -9999 -9999 -9999 -9999 -9999 -9999 -9999 -9999 -9999 -9999 -9999 -9999 -9999 2617 2578 2403 2561 2450 2385 2232 1908 1949 1870 2005 1968 2128 2115 1762 1736 1839 1756 2054 1686 1496 1444 1521 1849 1831 1514 1409 1397 1222 1164 1130 1197 1186
-9999 -9999 -9999 -9999 -9999 -9999 -9999 -9999 -9999 -9999 -9999 -9999 -9999 -9999 -9999 -9999 -9999 -9999 -9999 -9999 -9999 -9999 -9999 -9999 -9999 -9999 -9999 -9999 -9999 -9999 -9999 -9999 -9999 -9999 -9999 -9999 -9999 -9999 -9999 -9999 -9999 -9999 -9999 -9999 -9999 -9999 -9999 -9999 -9999 -9999 -9999 2547 2559 2541 2533 2386 2073 1982 2245 2289 2210 1946 1840 1947 1849 1694 1637 1719 2038 1684 1516 1464 1517 1606 1738 1549 1315 1221 1207 1216 1185 1142 1063
-9999 -9999 -9999 -9999 -9999 -9999 -9999 -9999 -9999 -9999 -9999 -9999 -9999 1677 1762 -9999 -9999 -9999 -9999 -9999 -9999 -9999 -9999 -9999 -9999 -9999 -9999 -9999 -9999 -9999 -9999 -9999 -9999 -9999 -9999 -9999 -9999 -9999 -9999 -9999 -9999 -9999 -9999 -9999 -9999 -9999 -9999 -9999 -9999 -9999 -9999 -9999 2600 2499 2548 2369 2405 2412 2356 2274 1987 1953 1752 1846 1946 1791 1622 1700 2004 1763 1472 1472 1441 1448 1724 1791 1539 1300 1196 1098 1088 1147 1294
-9999 -9999 -9999 -9999 -9999 -9999 -9999 -9999 -9999 -9999 -9999 -9999 -9999 1694 1737 1826 -9999 -9999 -9999 -9999 -9999 -9999 -9999 -9999 -9999 -9999 -9999 -9999 -9999 -9999 -9999 -9999 -9999 -9999 -9999 -9999 -9999 -9999 -9999 -9999 -9999 -9999 -9999 -9999 -9999 -9999 -9999 -9999 -9999 -9999 -9999 -9999 2611 2599 2563 2545 2419 2448 2430 2309 2165 1966 2015 1914 1778 1983 1738 1613 1932 1897 1507 1446 1451 1582 1681 1490 1743 1592 1496 1308 1414 1463 1407
-9999 -9999 -9999 -9999 -9999 -9999 -9999 -9999 -9999 -9999 -9999 -9999 -9999 1708 1758 1823 -9999 -9999 -9999 -9999 -9999 -9999 -9999 -9999 -9999 -9999 -9999 -9999 -9999 -9999 -9999 -9999 -9999 -9999 -9999 -9999 -9999 -9999 -9999 -9999 -9999 -9999 -9999 -9999 -9999 -9999 -9999 -9999 -9999 -9999 -9999 -9999 2629 2615 2572 2526 2515 2411 2398 2375 2265 2110 2036 1946 1819 1860 1985 1974 2071 1980 1513 1466 1610 1714 1529 1647 1716 1604 1601 1574 1479 1345 1167
-9999 -9999 -9999 -9999 -9999 -9999 -9999 -9999 -9999 -9999 -9999 -9999 -9999 -9999 -9999 -9999 -9999 -9999 -9999 -9999 -9999 -9999 -9999 -9999 -9999 -9999 -9999 -9999 -9999 -9999 -9999 -9999 -9999 -9999 -9999 -9999 -9999 -9999 -9999 -9999 -9999 -9999 -9999 -9999 -9999 -9999 -9999 -9999 -9999 -9999 -9999 -9999 2627 2531 2392 2312 2449 2387 2335 2324 2286 2178 2004 1919 1820 1650 1792 1703 1957 2018 1704 1521 1833 1807 1755 1406 1266 1359 1279 1254 1204 1250 1075
-9999 -9999 -9999 -9999 -9999 -9999 -9999 -9999 -9999 -9999 -9999 -9999 -9999 -9999 -9999 -9999 -9999 -9999 -9999 -9999 -9999 -9999 -9999 -9999 -9999 -9999 -9999 -9999 -9999 -9999 -9999 -9999 -9999 -9999 -9999 -9999 -9999 -9999 -9999 -9999 -9999 2866 -9999 -9999 -9999 -9999 -9999 -9999 -9999 -9999 -9999 2663 2531 2466 2404 2399 2352 2304 2196 2320 2107 2077 2122 2128 1946 1690 1791 1694 1983 1882 1950 1850 1866 1711 1447 1494 1371 1287 1168 1149 1126 1307 1149
-9999 -9999 -9999 -9999 -9999 -9999 -9999 -9999 -9999 -9999 -9999 -9999 -9999 -9999 -9999 -9999 -9999 -9999 -9999 -9999 -9999 -9999 -9999 -9999 -9999 -9999 -9999 -9999 2633 2670 -9999 2784 2868 2887 -9999 -9999 -9999 -9999 -9999 -9999 -9999 -9999 -9999 -9999 -9999 -9999 -9999 -9999 -9999 -9999 -9999 2671 2638 2617 2593 2504 2426 2357 2065 2275 2007 1999 1882 1857 1902 1743 1805 1898 2043 1723 1658 1530 1739 1560 1312 1314 1418 1224 1232 1180 1304 1283 1047
-9999 -9999 -9999 -9999 -9999 -9999 -9999 -9999 -9999 -9999 -9999 -9999 -9999 -9999 -9999 -9999 -9999 -9999 -9999 -9999 -9999 -9999 -9999 -9999 -9999 -9999 2522 2572 2650 2688 2796 2864 2898 2958 3019 -9999 -9999 -9999 -9999 -9999 -9999 -9999 -9999 -9999 -9999 -9999 -9999 -9999 -9999 -9999 -9999 -9999 2654 2600 2615 2370 2290 2496 2287 2354 2044 2077 1849 1961 1801 1700 1739 1885 2026 1620 1487 1573 1596 1622 1470 1307 1275 1207 1171 1217 1268 1054 1029
-9999 -9999 -9999 -9999 -9999 -9999 -9999 -9999 -9999 -9999 -9999 -9999 -9999 -9999 -9999 -9999 -9999 -9999 -9999 -9999 -9999 -9999 -9999 -9999 -9999 2487 2529 2582 2638 2731 2814 2890 2916 3003 3048 3062 -9999 -9999 -9999 -9999 -9999 -9999 -9999 -9999 -9999 -9999 -9999 -9999 -9999 -9999 -9999 2699 2675 2609 2625 2446 2351 2408 2313 2347 2303 2185 2168 2080 1880 1730 1765 1918 1978 1838 1477 1531 1402 1402 1499 1436 1284 1164 1144 1194 1089 1022 993
