L_variabilis/M_variables/Set1/bio_13.asc
NCOLS 96 
NROWS 289 
XLLCORNER -75.2083333333333 
YLLCORNER -49.9166666666667 
CELLSIZE 0.0416666666666667 
NODATA_value -9999 
[rows 195 to 233 of 289, columns 0 to 87 of 96]
-9999 -9999 -9999 -9999 -9999 -9999 -9999 223 222 223 225 225 235 232 240 242 241 237 234 232 234 238 239 241 236 238 235 235 235 241 242 235 230 234 241 233 227 242 228 220 223 221 220 235 240 236 235 228 201 204 220 205 180 169 161 163 156 160 168 175 151 167 163 140 139 126 129 127 117 114 115 115 101 104 -9999 -9999 -9999 -9999 -9999 -9999 -9999 -9999 -9999 -9999 -9999 -9999 -9999 -9999
-9999 -9999 -9999 -9999 -9999 -9999 -9999 224 223 224 233 227 223 227 230 234 234 245 240 238 237 241 243 238 239 238 237 231 228 233 236 228 230 231 227 226 231 241 226 221 220 222 219 220 211 213 221 216 199 188 195 196 185 174 163 169 170 163 165 157 160 161 174 145 139 135 118 106 120 105 104 102 99 106 -9999 -9999 -9999 -9999 -9999 -9999 -9999 -9999 -9999 -9999 -9999 -9999 -9999 -9999
-9999 -9999 -9999 -9999 -9999 -9999 -9999 220 223 227 223 222 224 226 227 229 231 244 245 242 235 235 239 238 238 239 234 231 233 233 238 231 232 222 226 223 222 233 226 220 215 225 222 207 205 200 206 206 200 182 173 180 185 177 169 158 159 147 145 143 132 134 145 167 156 148 144 130 107 121 126 132 127 -9999 -9999 -9999 -9999 -9999 -9999 -9999 -9999 -9999 -9999 -9999 -9999 -9999 -9999 -9999
-9999 -9999 -9999 -9999 -9999 -9999 -9999 -9999 222 222 226 223 222 224 223 226 227 232 235 233 238 235 231 232 232 227 226 233 225 238 230 227 227 230 229 230 231 -9999 219 217 225 220 213 208 202 200 199 194 170 167 165 169 180 174 182 177 173 154 136 147 153 152 147 137 127 132 133 141 144 134 125 120 118 -9999 -9999 -9999 -9999 -9999 -9999 -9999 -9999 -9999 -9999 -9999 -9999 -9999 -9999 -9999
-9999 -9999 -9999 -9999 -9999 -9999 -9999 222 223 222 224 230 228 230 230 227 225 227 234 234 237 236 235 235 229 229 223 233 234 236 219 220 220 233 221 214 226 232 216 217 217 209 209 209 204 196 192 180 170 185 162 159 154 156 159 160 166 173 156 155 142 135 121 125 135 128 127 127 129 120 111 105 -9999 -9999 -9999 -9999 -9999 -9999 -9999 -9999 -9999 -9999 -9999 -9999 -9999 -9999 -9999 -9999
-9999 -9999 -9999 -9999 -9999 -9999 -9999 222 222 228 228 231 231 232 231 228 226 228 228 232 230 231 232 229 226 225 223 231 234 232 227 221 219 214 220 225 -9999 217 222 224 219 209 209 205 199 189 177 187 184 171 156 154 150 156 144 146 146 167 147 133 131 123 130 123 127 120 116 116 124 119 106 107 -9999 -9999 -9999 -9999 -9999 -9999 -9999 -9999 -9999 -9999 -9999 -9999 -9999 -9999 -9999 -9999
-9999 -9999 -9999 -9999 -9999 -9999 -9999 225 226 230 230 227 232 233 233 227 226 229 233 231 227 227 233 230 231 229 220 229 232 229 227 221 211 211 207 218 -9999 215 215 222 212 211 202 199 194 188 201 194 188 171 166 160 160 146 154 135 142 159 131 130 126 123 120 116 114 120 113 112 111 104 103 -9999 -9999 -9999 -9999 -9999 -9999 -9999 -9999 -9999 -9999 -9999 -9999 -9999 -9999 -9999 -9999 -9999
-9999 -9999 -9999 -9999 -9999 -9999 -9999 225 228 230 233 232 231 235 235 229 230 226 233 226 228 228 230 227 224 221 220 231 232 223 222 228 220 215 215 222 226 222 221 212 206 207 212 207 198 190 200 172 166 165 167 159 151 159 155 160 156 161 150 134 126 120 110 106 106 113 106 105 103 96 96 -9999 -9999 -9999 -9999 -9999 -9999 -9999 -9999 -9999 -9999 -9999 -9999 -9999 -9999 -9999 -9999 -9999
-9999 -9999 -9999 -9999 -9999 -9999 225 226 227 231 233 230 226 230 232 234 229 227 226 232 232 232 229 228 224 230 233 229 228 221 219 211 222 222 222 -9999 -9999 218 214 206 200 204 202 206 206 205 202 182 181 178 159 160 157 156 153 148 142 149 158 151 137 124 116 118 115 114 109 96 97 92 97 -9999 -9999 -9999 -9999 -9999 -9999 -9999 -9999 -9999 -9999 -9999 -9999 -9999 -9999 -9999 -9999 -9999
-9999 -9999 -9999 -9999 -9999 -9999 226 227 229 233 233 231 230 228 229 230 230 230 228 233 228 224 227 231 222 216 226 228 219 219 220 215 220 220 225 224 212 211 207 203 200 198 192 194 192 193 200 181 183 189 189 176 162 148 143 135 145 136 131 147 153 126 124 117 106 102 111 98 104 91 -9999 -9999 -9999 -9999 -9999 -9999 -9999 -9999 -9999 -9999 -9999 -9999 -9999 -9999 -9999 -9999 -9999 -9999
-9999 -9999 -9999 -9999 -9999 -9999 224 227 228 230 230 231 229 227 229 231 231 225 226 233 234 230 227 226 228 226 228 229 222 216 218 220 222 225 -9999 217 210 206 205 204 200 202 195 187 194 184 187 193 173 163 181 170 161 146 141 139 143 147 146 141 148 127 113 108 102 108 111 106 101 105 -9999 -9999 -9999 -9999 -9999 -9999 -9999 -9999 -9999 -9999 -9999 -9999 -9999 -9999 -9999 -9999 -9999 -9999
-9999 -9999 -9999 -9999 -9999 -9999 222 228 226 226 223 229 227 229 228 230 234 233 234 234 235 234 232 232 232 230 228 228 228 225 223 223 224 -9999 220 218 206 211 211 202 199 190 178 189 190 190 170 176 186 163 166 159 149 146 151 143 135 130 127 137 143 113 112 110 103 92 99 96 95 -9999 -9999 -9999 -9999 -9999 -9999 -9999 -9999 -9999 -9999 -9999 -9999 -9999 -9999 -9999 -9999 -9999 -9999 -9999
-9999 -9999 -9999 -9999 -9999 -9999 228 226 227 228 228 230 229 227 228 226 233 235 233 229 233 234 225 220 220 230 226 226 227 223 224 224 -9999 -9999 210 204 214 206 201 209 204 189 164 188 184 173 164 174 189 171 158 162 162 154 144 136 127 128 120 130 135 109 108 102 111 92 86 95 97 -9999 -9999 -9999 -9999 -9999 -9999 -9999 -9999 -9999 -9999 -9999 -9999 -9999 -9999 -9999 -9999 -9999 -9999 -9999
-9999 -9999 -9999 -9999 -9999 -9999 227 226 226 229 229 230 228 234 233 230 231 232 236 232 225 232 232 226 226 230 228 223 224 224 226 223 -9999 216 207 206 220 216 210 193 200 168 153 148 154 149 151 172 182 157 147 142 147 134 140 141 126 119 117 122 131 120 119 113 105 96 88 104 -9999 -9999 -9999 -9999 -9999 -9999 -9999 -9999 -9999 -9999 -9999 -9999 -9999 -9999 -9999 -9999 -9999 -9999 -9999 -9999
-9999 -9999 -9999 -9999 -9999 -9999 230 230 232 231 233 233 230 232 234 234 227 227 232 236 231 228 232 229 229 229 228 227 226 226 224 222 220 210 209 215 207 196 198 205 193 172 147 142 141 139 138 145 168 157 140 132 145 136 125 136 133 122 125 124 129 124 121 115 105 105 100 106 -9999 -9999 -9999 -9999 -9999 -9999 -9999 -9999 -9999 -9999 -9999 -9999 -9999 -9999 -9999 -9999 -9999 -9999 -9999 -9999
-9999 -9999 -9999 -9999 -9999 -9999 233 234 235 237 234 235 231 232 236 233 234 230 229 234 237 233 232 233 232 231 230 228 227 -9999 -9999 -9999 215 207 213 209 201 196 193 185 174 167 154 146 140 138 145 146 160 157 140 133 128 134 135 123 127 126 119 112 111 118 117 114 111 109 108 -9999 -9999 -9999 -9999 -9999 -9999 -9999 -9999 -9999 -9999 -9999 -9999 -9999 -9999 -9999 -9999 -9999 -9999 -9999 -9999 -9999
-9999 -9999 -9999 -9999 -9999 -9999 235 236 238 237 236 237 237 239 240 237 237 235 236 236 238 237 236 235 233 231 232 230 228 -9999 -9999 215 221 220 224 218 207 200 190 182 175 169 163 151 142 140 155 160 151 152 137 139 138 133 140 135 124 123 113 112 110 116 115 112 110 106 104 -9999 -9999 -9999 -9999 -9999 -9999 -9999 -9999 -9999 -9999 -9999 -9999 -9999 -9999 -9999 -9999 -9999 -9999 -9999 -9999 -9999
-9999 -9999 -9999 -9999 -9999 -9999 234 236 239 238 239 242 242 241 245 241 242 242 234 231 230 233 236 235 235 234 233 233 227 224 220 211 212 218 219 209 201 195 188 182 176 171 165 155 149 142 150 156 145 153 150 143 142 135 135 131 128 126 121 114 116 115 112 109 106 102 -9999 -9999 -9999 -9999 -9999 -9999 -9999 -9999 -9999 -9999 -9999 -9999 -9999 -9999 -9999 -9999 -9999 -9999 -9999 -9999 -9999 -9999
-9999 -9999 -9999 -9999 -9999 -9999 231 240 239 242 243 243 246 247 247 240 239 237 240 238 241 238 238 237 236 235 234 232 230 225 216 214 214 213 210 209 195 185 184 180 171 158 150 148 146 140 149 159 153 141 146 129 126 132 130 126 121 125 121 118 116 113 108 100 95 94 -9999 -9999 -9999 -9999 -9999 -9999 -9999 -9999 -9999 -9999 -9999 -9999 -9999 -9999 -9999 -9999 -9999 -9999 -9999 -9999 -9999 -9999
-9999 -9999 -9999 -9999 -9999 -9999 -9999 -9999 -9999 242 246 251 249 247 248 250 252 249 -9999 -9999 -9999 -9999 240 239 238 236 233 233 228 224 216 214 224 224 214 209 187 172 165 159 154 149 143 141 146 142 141 143 142 134 137 129 128 130 129 125 121 121 119 114 113 107 96 91 86 90 -9999 -9999 -9999 -9999 -9999 -9999 -9999 -9999 -9999 -9999 -9999 -9999 -9999 -9999 -9999 -9999 -9999 -9999 -9999 -9999 -9999 -9999
-9999 -9999 -9999 -9999 -9999 -9999 -9999 -9999 -9999 -9999 -9999 -9999 248 249 250 250 246 246 246 244 243 245 -9999 -9999 240 237 240 260 260 238 244 232 218 200 188 179 172 167 162 158 154 149 143 137 144 141 136 135 140 137 131 130 126 126 117 118 124 118 115 103 106 96 87 90 91 -9999 -9999 -9999 -9999 -9999 -9999 -9999 -9999 -9999 -9999 -9999 -9999 -9999 -9999 -9999 -9999 -9999 -9999 -9999 -9999 -9999 -9999 -9999
-9999 -9999 -9999 -9999 -9999 -9999 -9999 -9999 -9999 -9999 -9999 -9999 -9999 -9999 -9999 -9999 251 246 245 245 243 -9999 -9999 -9999 -9999 238 237 236 236 235 213 200 195 192 188 178 170 167 162 157 152 148 144 138 141 145 143 146 145 146 127 126 124 122 116 120 126 111 109 99 97 93 95 88 89 -9999 -9999 -9999 -9999 -9999 -9999 -9999 -9999 -9999 -9999 -9999 -9999 -9999 -9999 -9999 -9999 -9999 -9999 -9999 -9999 -9999 -9999 -9999
-9999 -9999 -9999 -9999 -9999 -9999 -9999 -9999 -9999 -9999 -9999 -9999 -9999 -9999 253 253 -9999 -9999 -9999 -9999 -9999 -9999 -9999 -9999 -9999 -9999 237 230 215 214 209 206 207 200 193 183 173 162 158 155 152 147 141 136 133 147 143 141 138 144 143 128 125 121 117 118 124 116 107 102 99 95 93 86 -9999 -9999 -9999 -9999 -9999 -9999 -9999 -9999 -9999 -9999 -9999 -9999 -9999 -9999 -9999 -9999 -9999 -9999 -9999 -9999 -9999 -9999 -9999 -9999
-9999 -9999 -9999 -9999 -9999 -9999 -9999 -9999 -9999 -9999 -9999 -9999 -9999 -9999 -9999 -9999 -9999 -9999 -9999 -9999 -9999 -9999 -9999 -9999 -9999 -9999 239 232 228 224 215 214 206 199 192 187 172 155 151 150 149 145 139 135 132 142 149 147 141 139 143 139 137 130 119 119 118 111 105 103 100 95 89 89 -9999 -9999 -9999 -9999 -9999 -9999 -9999 -9999 -9999 -9999 -9999 -9999 -9999 -9999 -9999 -9999 -9999 -9999 -9999 -9999 -9999 -9999 -9999 -9999
-9999 -9999 -9999 -9999 -9999 -9999 -9999 -9999 -9999 -9999 -9999 -9999 -9999 -9999 -9999 -9999 -9999 -9999 -9999 -9999 258 253 252 -9999 250 241 232 230 223 218 224 207 197 197 189 182 173 165 150 148 146 144 140 136 138 140 149 144 133 131 131 120 121 122 116 112 109 110 101 96 97 93 90 -9999 -9999 -9999 -9999 -9999 -9999 -9999 -9999 -9999 -9999 -9999 -9999 -9999 -9999 -9999 -9999 -9999 -9999 -9999 -9999 -9999 -9999 -9999 -9999 -9999
-9999 -9999 -9999 -9999 -9999 -9999 -9999 -9999 -9999 -9999 -9999 -9999 -9999 -9999 -9999 -9999 -9999 -9999 252 248 242 241 243 -9999 244 235 225 229 225 221 216 206 209 197 188 180 175 166 152 148 146 143 139 136 138 140 154 141 133 127 125 126 123 116 114 114 107 109 101 96 95 90 90 -9999 -9999 -9999 -9999 -9999 -9999 -9999 -9999 -9999 -9999 -9999 -9999 -9999 -9999 -9999 -9999 -9999 -9999 -9999 -9999 -9999 -9999 -9999 -9999 -9999
-9999 -9999 -9999 -9999 -9999 -9999 -9999 -9999 -9999 -9999 -9999 -9999 -9999 -9999 -9999 -9999 -9999 -9999 258 254 252 250 250 -9999 244 238 231 226 227 225 214 201 197 191 187 176 171 164 152 148 146 141 138 135 139 141 135 137 142 137 124 119 116 117 123 120 112 107 108 97 95 94 -9999 -9999 -9999 -9999 -9999 -9999 -9999 -9999 -9999 -9999 -9999 -9999 -9999 -9999 -9999 -9999 -9999 -9999 -9999 -9999 -9999 -9999 -9999 -9999 -9999 -9999
-9999 -9999 -9999 -9999 -9999 -9999 -9999 -9999 -9999 -9999 -9999 -9999 -9999 -9999 -9999 -9999 -9999 -9999 268 262 258 -9999 -9999 250 246 242 238 232 233 235 231 196 202 195 190 183 173 159 151 147 144 142 138 139 137 132 135 132 132 136 131 127 124 117 109 111 111 109 108 105 99 99 -9999 -9999 -9999 -9999 -9999 -9999 -9999 -9999 -9999 -9999 -9999 -9999 -9999 -9999 -9999 -9999 -9999 -9999 -9999 -9999 -9999 -9999 -9999 -9999 -9999 -9999
-9999 -9999 -9999 -9999 -9999 -9999 -9999 -9999 -9999 -9999 -9999 -9999 -9999 -9999 -9999 -9999 -9999 -9999 269 -9999 -9999 -9999 257 251 247 236 244 235 235 221 227 210 202 199 189 173 164 160 154 150 145 140 137 140 138 137 137 130 131 127 127 119 116 114 112 110 110 99 96 93 91 -9999 -9999 -9999 -9999 -9999 -9999 -9999 -9999 -9999 -9999 -9999 -9999 -9999 -9999 -9999 -9999 -9999 -9999 -9999 -9999 -9999 -9999 -9999 -9999 -9999 -9999 -9999
-9999 -9999 -9999 -9999 -9999 -9999 -9999 -9999 -9999 -9999 -9999 -9999 -9999 -9999 -9999 -9999 -9999 -9999 -9999 -9999 -9999 270 255 254 253 245 249 234 239 230 228 221 203 193 185 172 168 162 155 151 146 140 137 137 144 141 145 145 131 128 124 121 120 112 107 104 109 104 94 90 94 -9999 -9999 -9999 -9999 -9999 -9999 -9999 -9999 -9999 -9999 -9999 -9999 -9999 -9999 -9999 -9999 -9999 -9999 -9999 -9999 -9999 -9999 -9999 -9999 -9999 -9999 -9999
-9999 -9999 -9999 -9999 -9999 -9999 -9999 -9999 -9999 -9999 -9999 -9999 -9999 -9999 -9999 -9999 -9999 -9999 -9999 -9999 270 265 259 256 258 250 243 241 227 226 224 219 209 193 183 176 171 167 160 155 148 145 143 143 150 149 144 145 145 127 125 119 114 114 114 116 116 112 113 109 108 -9999 -9999 -9999 -9999 -9999 -9999 -9999 -9999 -9999 -9999 -9999 -9999 -9999 -9999 -9999 -9999 -9999 -9999 -9999 -9999 -9999 -9999 -9999 -9999 -9999 -9999 -9999
-9999 -9999 -9999 -9999 -9999 -9999 -9999 -9999 -9999 -9999 -9999 -9999 -9999 -9999 -9999 -9999 -9999 -9999 -9999 279 273 264 265 259 261 254 244 240 243 231 223 228 217 197 189 181 176 169 163 158 158 160 150 147 149 146 140 135 133 130 120 125 126 130 126 120 114 102 109 108 -9999 -9999 -9999 -9999 -9999 -9999 -9999 -9999 -9999 -9999 -9999 -9999 -9999 -9999 -9999 -9999 -9999 -9999 -9999 -9999 -9999 -9999 -9999 -9999 -9999 -9999 -9999 -9999
-9999 -9999 -9999 -9999 -9999 -9999 -9999 -9999 -9999 -9999 -9999 -9999 -9999 -9999 -9999 -9999 -9999 -9999 284 279 273 271 269 259 259 261 250 245 234 228 223 219 212 197 191 185 179 177 169 162 159 163 150 151 155 150 141 135 130 127 130 121 117 116 111 113 108 104 100 100 -9999 -9999 -9999 -9999 -9999 -9999 -9999 -9999 -9999 -9999 -9999 -9999 -9999 -9999 -9999 -9999 -9999 -9999 -9999 -9999 -9999 -9999 -9999 -9999 -9999 -9999 -9999 -9999
-9999 -9999 -9999 -9999 -9999 -9999 -9999 -9999 -9999 -9999 -9999 -9999 -9999 -9999 -9999 -9999 -9999 295 287 280 268 272 268 261 258 254 256 239 235 214 215 206 200 197 197 190 183 177 173 164 156 153 154 161 154 152 148 137 131 129 123 121 122 116 112 113 105 102 100 -9999 -9999 -9999 -9999 -9999 -9999 -9999 -9999 -9999 -9999 -9999 -9999 -9999 -9999 -9999 -9999 -9999 -9999 -9999 -9999 -9999 -9999 -9999 -9999 -9999 -9999 -9999 -9999 -9999
-9999 -9999 -9999 -9999 -9999 -9999 -9999 -9999 -9999 -9999 -9999 -9999 -9999 -9999 -9999 -9999 -9999 295 290 282 272 271 263 261 249 241 235 236 226 225 213 209 198 200 201 196 186 179 176 166 154 149 156 163 152 144 148 139 133 129 126 127 120 111 116 107 100 101 95 -9999 -9999 -9999 -9999 -9999 -9999 -9999 -9999 -9999 -9999 -9999 -9999 -9999 -9999 -9999 -9999 -9999 -9999 -9999 -9999 -9999 -9999 -9999 -9999 -9999 -9999 -9999 -9999 -9999
-9999 -9999 -9999 -9999 -9999 -9999 -9999 -9999 -9999 -9999 -9999 -9999 -9999 -9999 -9999 -9999 310 -9999 295 284 271 265 260 252 255 247 246 231 220 219 222 215 205 195 197 204 191 183 174 168 167 155 160 158 149 146 147 137 137 128 123 122 116 112 120 110 96 99 -9999 -9999 -9999 -9999 -9999 -9999 -9999 -9999 -9999 -9999 -9999 -9999 -9999 -9999 -9999 -9999 -9999 -9999 -9999 -9999 -9999 -9999 -9999 -9999 -9999 -9999 -9999 -9999 -9999 -9999
-9999 -9999 -9999 -9999 -9999 -9999 -9999 -9999 -9999 -9999 -9999 -9999 -9999 -9999 328 314 309 304 288 290 278 278 261 253 252 240 234 232 237 221 220 211 208 199 195 202 199 193 187 178 164 161 151 156 149 144 141 143 136 129 125 123 117 113 110 109 104 95 -9999 -9999 -9999 -9999 -9999 -9999 -9999 -9999 -9999 -9999 -9999 -9999 -9999 -9999 -9999 -9999 -9999 -9999 -9999 -9999 -9999 -9999 -9999 -9999 -9999 -9999 -9999 -9999 -9999 -9999
-9999 -9999 -9999 -9999 -9999 -9999 -9999 -9999 -9999 -9999 -9999 336 -9999 -9999 322 315 310 305 293 285 286 282 268 258 258 245 251 243 229 221 218 212 205 198 199 195 200 193 184 181 174 165 156 157 153 148 144 140 136 132 133 124 118 114 110 107 104 -9999 -9999 -9999 -9999 -9999 -9999 -9999 -9999 -9999 -9999 -9999 -9999 -9999 -9999 -9999 -9999 -9999 -9999 -9999 -9999 -9999 -9999 -9999 -9999 -9999 -9999 -9999 -9999 -9999 -9999 -9999
-9999 -9999 -9999 -9999 -9999 -9999 -9999 -9999 -9999 -9999 -9999 341 -9999 335 327 320 310 306 297 284 285 279 279 271 267 256 250 244 242 234 230 221 217 210 203 193 198 196 184 177 171 168 162 156 154 148 143 140 135 130 128 129 119 113 112 107 108 -9999 -9999 -9999 -9999 -9999 -9999 -9999 -9999 -9999 -9999 -9999 -9999 -9999 -9999 -9999 -9999 -9999 -9999 -9999 -9999 -9999 -9999 -9999 -9999 -9999 -9999 -9999 -9999 -9999 -9999 -9999
