L_variabilis/M_variables/Set1/bio_2.asc
NCOLS 96 
NROWS 289 
XLLCORNER -75.2083333333333 
YLLCORNER -49.9166666666667 
CELLSIZE 0.0416666666666667 
NODATA_value -9999 
[rows 161 to 183 of 289, columns 0 to 50 of 96]
-9999 -9999 -9999 -9999 -9999 -9999 -9999 -9999 -9999 -9999 4.19433355331421 4.23611116409302 -9999 4.32916688919067 4.53749990463257 4.67916679382324 4.64166688919067 -9999 -9999 4.43833351135254 4.51296281814575 4.50138902664185 4.78749990463257 4.93480396270752 5.01184225082397 5.06166696548462 5.04333305358887 5.08333301544189 5.07722234725952 5.04916667938232 5.01180553436279 5.06127452850342 5.1412878036499 5.15833330154419 5.4466667175293 5.66733360290527 5.74000024795532 5.69097232818604 5.75980377197266 -9999 -9999 -9999 5.57083320617676 5.65416669845581 5.70128202438354 5.83888912200928 5.81527757644653 5.98645830154419 6.22800016403198 6.30933332443237 6.12533330917358
-9999 -9999 -9999 -9999 -9999 -9999 -9999 -9999 -9999 -9999 4.11401510238647 4.11964273452759 4.12916660308838 4.25769233703613 4.44099998474121 4.53433322906494 4.5203332901001 4.48712110519409 4.55416679382324 4.57324552536011 4.71766662597656 4.70166683197021 4.78437519073486 4.8033332824707 4.9486665725708 5.06333351135254 5.16900014877319 5.21966648101807 5.22033309936523 5.18933343887329 5.253333568573 5.25714254379272 5.31666660308838 5.18916654586792 5.36500024795532 5.64466667175293 5.77400016784668 5.68200016021729 5.70416641235352 -9999 -9999 -9999 5.62009811401367 5.7669997215271 5.85486078262329 6.06266641616821 6.09533309936523 5.9829363822937 6.07966661453247 6.25666666030884 6.36766672134399
-9999 -9999 -9999 -9999 -9999 -9999 -9999 -9999 -9999 -9999 3.95833349227905 -9999 4.125 4.27261924743652 4.42222213745117 4.5625 4.59499979019165 4.59768533706665 4.64523792266846 4.63511896133423 4.8183331489563 4.87958335876465 4.86359643936157 4.87766647338867 4.99733352661133 5.11233329772949 5.16866683959961 5.17733335494995 5.24900007247925 5.23769855499268 5.34960317611694 5.39833354949951 5.33583307266235 5.22499990463257 5.32121181488037 5.57499980926514 5.57833337783813 5.49499988555908 5.46710538864136 5.50277757644653 -9999 -9999 5.60606050491333 5.79633331298828 5.92799997329712 6.07466697692871 6.18133306503296 6.31133365631104 6.19533348083496 6.2586669921875 6.60666704177856
-9999 -9999 -9999 -9999 -9999 -9999 -9999 -9999 -9999 -9999 -9999 -9999 -9999 -9999 -9999 4.59999990463257 4.54545450210571 4.70791673660278 4.75760889053345 4.74166679382324 4.74895858764648 4.93472242355347 4.98888874053955 5.0029411315918 4.98888874053955 4.98657417297363 5.03993082046509 5.13402795791626 5.18578433990479 5.15238094329834 5.09062480926514 5.16964292526245 5.31333303451538 5.40833330154419 5.18833303451538 5.33768129348755 5.50701761245728 5.50131559371948 5.47083330154419 5.46944427490234 -9999 6.47499990463257 5.5 5.74696969985962 5.8163046836853 5.99966669082642 6.03833341598511 6.21966648101807 6.17500019073486 6.24066638946533 6.35433340072632
-9999 -9999 -9999 -9999 -9999 -9999 -9999 -9999 -9999 -9999 -9999 -9999 -9999 -9999 -9999 -9999 4.47976207733154 4.64621210098267 4.75233364105225 4.73529434204102 4.625 4.78333330154419 4.85966682434082 4.89499998092651 4.98657369613647 5.00444459915161 5.01166677474976 5.06333351135254 5.18809509277344 5.25416660308838 5.22361087799072 5.18472242355347 5.4096155166626 5.46388864517212 5.03055572509766 5.2538890838623 5.59708309173584 5.63866662979126 5.62604188919067 5.25416660308838 -9999 -9999 5.47916650772095 5.65833330154419 5.92199993133545 5.85526323318481 5.87678575515747 6.16594219207764 6.07599973678589 6.26100015640259 6.21233320236206
-9999 -9999 -9999 -9999 -9999 -9999 -9999 -9999 -9999 -9999 -9999 -9999 -9999 -9999 -9999 -9999 -9999 4.6100001335144 4.69895839691162 4.79400014877319 4.85530281066895 4.79791641235352 4.64666652679443 4.63809537887573 4.69791650772095 4.84852933883667 4.93725490570068 5.10072469711304 5.18933343887329 5.385666847229 5.36008787155151 5.30958318710327 5.5053334236145 5.44756937026978 5.12857151031494 5.20729160308838 5.47187519073486 5.6486668586731 5.67458295822144 5.69166660308838 -9999 -9999 -9999 5.65416669845581 5.74294853210449 5.90104198455811 6.01071453094482 6.1594443321228 6.08125019073486 6.15333318710327 6.31466674804688
-9999 -9999 -9999 -9999 -9999 -9999 -9999 -9999 -9999 -9999 -9999 -9999 -9999 -9999 -9999 -9999 -9999 -9999 4.53750038146973 4.60694408416748 4.7597222328186 4.82361125946045 4.99166679382324 4.79166650772095 4.82999992370605 5.03472232818604 4.95166683197021 4.84259271621704 5.18055582046509 5.32115364074707 5.33333301544189 5.13095235824585 5.28125 5.45499992370605 5.41916656494141 5.10833358764648 5.21515130996704 5.38846158981323 5.55000019073486 -9999 -9999 -9999 -9999 5.60833311080933 5.80535745620728 5.96041679382324 6.25166654586792 6.26733350753784 6.23600006103516 6.35066652297974 6.36166667938232
-9999 -9999 -9999 -9999 -9999 -9999 -9999 -9999 -9999 -9999 -9999 -9999 -9999 -9999 -9999 -9999 -9999 -9999 4.64444446563721 4.70654773712158 4.87268495559692 5.01715707778931 5.02500009536743 5.02708339691162 5.18366670608521 5.35899972915649 5.28125 5.21447372436523 5.34469699859619 5.25681829452515 5.1972222328186 5.21818161010742 5.37254905700684 5.44420289993286 5.40317487716675 5.28916692733765 5.1783332824707 5.27777767181396 5.32499980926514 -9999 -9999 -9999 -9999 -9999 -9999 5.76458311080933 5.97301578521729 6.09100008010864 6.19233322143555 6.07569456100464 6.15350866317749
-9999 -9999 -9999 -9999 -9999 -9999 -9999 -9999 -9999 -9999 -9999 -9999 -9999 4.3652777671814 4.36666679382324 -9999 -9999 -9999 4.65227270126343 4.76979160308838 4.88730144500732 4.98787879943848 5.07291650772095 5.12291669845581 5.21066665649414 5.27066659927368 5.22100019454956 5.19700002670288 5.34566688537598 5.34066677093506 5.30643939971924 5.16388893127441 5.34791707992554 5.48366641998291 5.41909742355347 5.31666660308838 4.77500009536743 -9999 -9999 -9999 5.55208349227905 5.56944465637207 5 -9999 5.73333358764648 5.84444427490234 5.82000017166138 5.86083364486694 5.90303039550781 6.02948713302612 6.11136341094971
-9999 -9999 -9999 -9999 -9999 -9999 -9999 -9999 -9999 -9999 -9999 -9999 -9999 -9999 4.44999980926514 -9999 -9999 -9999 -9999 4.62083339691162 4.82395839691162 4.99920606613159 5.09766674041748 5.21966648101807 5.15866661071777 5.14800024032593 5.20100021362305 5.2026515007019 5.17592573165894 5.23333311080933 5.21875 5.1875 5.26041650772095 5.24583339691162 5.11071443557739 5.15000009536743 5.26547622680664 5.30000019073486 -9999 -9999 -9999 5.57999992370605 5.57999992370605 -9999 5.98684215545654 6.10733318328857 6.22366666793823 6.11299991607666 6.21066665649414 6.17799997329712 6.45533323287964
-9999 -9999 -9999 -9999 -9999 -9999 -9999 -9999 -9999 -9999 -9999 -9999 -9999 -9999 -9999 -9999 -9999 -9999 -9999 4.59999990463257 4.77115345001221 4.96225500106812 5.00708341598511 5.01481437683105 4.95370388031006 5.02847242355347 5.07666683197021 5.10666656494141 5.23020839691162 5.31060600280762 5.29907417297363 5.46366691589355 5.49933338165283 5.40543460845947 5.22202396392822 5.10416650772095 5.23070192337036 5.29722213745117 -9999 5.33333349227905 5.43560600280762 5.50104188919067 5.49555540084839 -9999 6.04299974441528 6.29999971389771 6.34166669845581 6.34833335876465 6.25133323669434 6.37633323669434 6.40899991989136
-9999 -9999 -9999 -9999 -9999 -9999 -9999 -9999 -9999 -9999 -9999 -9999 -9999 -9999 -9999 -9999 -9999 -9999 4.67500019073486 4.75208330154419 4.85952377319336 5.01770830154419 5.08124971389771 4.95625019073486 5.05317449569702 5.12234830856323 5.23263883590698 5.32299995422363 5.42566680908203 5.51100015640259 5.47800016403198 5.57200002670288 5.66666650772095 5.6269998550415 5.56933307647705 5.50833320617676 5.77500009536743 -9999 5.44999980926514 5.41666650772095 5.5149998664856 5.48333358764648 5.54411745071411 5.64545488357544 5.86999988555908 6.13800001144409 6.14246034622192 6.44466686248779 6.53366661071777 6.72300004959106 6.6560001373291
-9999 -9999 -9999 -9999 -9999 -9999 -9999 -9999 -9999 -9999 -9999 -9999 -9999 -9999 -9999 -9999 -9999 -9999 4.71666669845581 4.79756927490234 4.8813328742981 4.91899967193604 5.01547622680664 4.93944454193115 5.1763334274292 5.13489580154419 5.25166654586792 5.39566659927368 5.45066690444946 5.57933330535889 5.71233320236206 5.73833322525024 5.7906665802002 5.76900005340576 5.75899982452393 5.81366682052612 5.87083339691162 -9999 -9999 5.56666660308838 5.54166650772095 5.51666641235352 5.69513893127441 5.9472222328186 5.77812528610229 5.88194465637207 6.28229141235352 6.61266660690308 6.98799991607666 7.06766653060913 6.92033338546753
-9999 -9999 -9999 -9999 -9999 -9999 -9999 -9999 -9999 -9999 -9999 -9999 -9999 -9999 -9999 -9999 4.69444417953491 4.75833320617676 -9999 4.68541669845581 4.82990169525146 4.87719297409058 4.95579719543457 4.85833311080933 5.0460000038147 5.04500007629395 5.20633316040039 5.17111110687256 5.39833354949951 5.66266679763794 5.68366670608521 5.78066682815552 5.74766683578491 5.78800010681152 5.89899969100952 5.91300010681152 5.90539216995239 -9999 -9999 5.83333349227905 5.49583339691162 5.55416679382324 5.72916650772095 5.85441160202026 5.77806997299194 5.71388864517212 6.10978269577026 6.37366676330566 6.62099981307983 7.0716667175293 6.96966648101807
-9999 -9999 -9999 -9999 -9999 -9999 -9999 -9999 -9999 -9999 -9999 -9999 -9999 -9999 -9999 4.59880971908569 4.75072479248047 4.82500028610229 -9999 4.78484869003296 4.91300010681152 5.01470565795898 5.15476179122925 4.82666683197021 4.91666650772095 4.95833349227905 -9999 5.03666639328003 5.3088231086731 5.4940972328186 5.59833335876465 5.6575756072998 5.71956539154053 5.6303334236145 5.6953330039978 5.87800025939941 5.88026285171509 -9999 5.54999971389771 5.47500038146973 5.54924249649048 5.66979169845581 5.78666687011719 5.91874980926514 6.0703706741333 5.84230804443359 5.96766662597656 6.17433309555054 6.44066667556763 6.80100011825562 7.10766649246216
-9999 -9999 -9999 -9999 -9999 -9999 -9999 -9999 -9999 -9999 -9999 -9999 -9999 4.47500038146973 4.49166679382324 4.60138893127441 4.71346139907837 4.85416650772095 4.6972222328186 4.88869047164917 5.02933311462402 5.05999994277954 5.11990737915039 5.03690481185913 5.0962963104248 5.00277805328369 5.27045440673828 5.35833311080933 5.35394716262817 5.50978231430054 5.60666656494141 5.61066675186157 5.61780309677124 5.64087295532227 5.60733318328857 5.72826099395752 5.80000019073486 -9999 5.53333330154419 5.51666641235352 5.56666660308838 5.74958324432373 5.78589725494385 6.01966667175293 6.22300004959106 6.01466655731201 5.93900012969971 6.08492040634155 6.23194456100464 6.55966663360596 6.69533348083496
-9999 -9999 -9999 -9999 -9999 -9999 -9999 -9999 -9999 -9999 -9999 -9999 -9999 4.37604188919067 4.41111135482788 4.49687480926514 -9999 4.86666679382324 4.84333324432373 4.9759259223938 5.0789680480957 5.04280281066895 4.96488094329834 5.09548616409302 5.18939399719238 5.08088254928589 5.2790002822876 5.55766677856445 5.55100011825562 5.55416679382324 5.63134908676147 5.71666669845581 5.75312519073486 5.74131965637207 5.58903503417969 5.51626968383789 5.58583354949951 5.42916679382324 5.45138883590698 5.57564115524292 5.71041679382324 5.70714282989502 5.73194456100464 5.86722230911255 5.96628761291504 5.94318199157715 5.86944437026978 5.97499990463257 5.97291660308838 6.29374980926514 6.23633337020874
-9999 -9999 -9999 -9999 -9999 -9999 -9999 -9999 -9999 -9999 -9999 -9999 -9999 -9999 4.48819446563721 4.47333335876465 4.75624990463257 5.01014471054077 5.14133310317993 5.16966676712036 5.11304378509521 5.02149105072021 4.94166660308838 5.09500026702881 5.10111093521118 5.12031269073486 5.13749980926514 5.32233333587646 5.38266658782959 5.47833347320557 5.62666654586792 5.66266679763794 5.73233318328857 5.76966667175293 5.61491250991821 5.37380933761597 5.33333349227905 -9999 -9999 5.56190490722656 5.62303924560547 5.65694427490234 5.76666641235352 5.82456159591675 5.85059499740601 5.76666641235352 6.06666660308838 6.27261877059937 6.439772605896 6.46666669845581 6.16319417953491
-9999 -9999 -9999 -9999 -9999 -9999 -9999 -9999 -9999 -9999 -9999 -9999 -9999 -9999 4.58333349227905 4.22499990463257 4.65555572509766 4.85980415344238 5.01366710662842 5.09333324432373 5.10599994659424 5.04500007629395 5.00374984741211 5.01406288146973 5.05492401123047 5.16428565979004 5.03166675567627 5.11363649368286 5.28674268722534 5.53452396392822 5.6087121963501 5.58260869979858 5.60333347320557 5.5652174949646 5.46333360671997 5.33541679382324 -9999 -9999 5.39166688919067 5.59888887405396 5.76611137390137 5.73392868041992 5.80000019073486 5.82499980926514 5.96111106872559 6.1220588684082 6.33733320236206 6.57999992370605 6.84166669845581 6.48214292526245 -9999
-9999 -9999 -9999 -9999 -9999 -9999 -9999 -9999 -9999 -9999 -9999 -9999 -9999 -9999 -9999 -9999 -9999 -9999 4.95714282989502 5.0386905670166 5.02881956100464 5.0513334274292 4.97499990463257 5.00416660308838 4.97291707992554 4.98452377319336 5.07499980926514 5.10902786254883 5.27500009536743 5.42613649368286 5.58674240112305 5.60530281066895 5.596031665802 5.49733352661133 5.32499980926514 5.38124990463257 -9999 -9999 5.75 5.75416660308838 5.78333330154419 -9999 5.875 5.92666673660278 6.17256927490234 6.21150779724121 6.44399976730347 6.69300031661987 6.90100002288818 6.49533319473267 6.24427080154419
-9999 -9999 -9999 -9999 -9999 -9999 -9999 -9999 -9999 -9999 -9999 -9999 -9999 -9999 -9999 -9999 4.64166688919067 4.76851844787598 4.76875019073486 4.82291650772095 4.88750028610229 4.88958311080933 -9999 -9999 -9999 4.98095226287842 5.03958368301392 5.09772729873657 5.26470613479614 5.41859006881714 5.40882349014282 5.46315813064575 5.48974370956421 5.41944456100464 5.44166660308838 -9999 5.62416696548462 5.76055574417114 5.81296253204346 5.83750009536743 -9999 5.88055562973022 6.11979150772095 6.10958337783813 6.33899974822998 6.4946665763855 6.64666652679443 6.79466676712036 6.77500009536743 6.48199987411499 6.26933336257935
-9999 -9999 -9999 -9999 -9999 -9999 -9999 -9999 -9999 -9999 -9999 -9999 -9999 -9999 -9999 -9999 4.67083311080933 4.75633335113525 4.7180552482605 4.877272605896 5.05800008773804 5.13452386856079 5.19999980926514 4.87333345413208 4.89583349227905 4.94166660308838 5.02291679382324 5.26150798797607 5.54866695404053 5.64200019836426 5.64409732818604 5.60595273971558 5.49166679382324 5.43333339691162 5.43690490722656 5.55972194671631 5.7543478012085 5.92666673660278 5.91200017929077 5.93949270248413 -9999 5.85833311080933 6.21333312988281 6.211594581604 6.5716667175293 6.59899997711182 6.80399990081787 6.875 6.71566677093506 6.36733341217041 6.44133329391479
-9999 -9999 -9999 -9999 -9999 -9999 -9999 -9999 -9999 -9999 -9999 -9999 -9999 -9999 -9999 -9999 4.71916675567627 4.80984830856323 4.83981466293335 4.99200010299683 5.06874990463257 5.13452386856079 5.14393949508667 5.03020811080933 4.87307691574097 -9999 5.05595254898071 5.27133321762085 5.44956111907959 5.45499992370605 5.50652170181274 5.49891328811646 5.50066661834717 5.43774509429932 5.5 5.71111106872559 6.00366640090942 6.08033323287964 5.95000028610229 5.94404745101929 5.47499990463257 5.93666648864746 6.33599996566772 6.33699989318848 6.5479998588562 6.66633319854736 6.78233337402344 6.72800016403198 6.37366676330566 6.42766666412354 6.49233341217041
