L_variabilis/M_variables/Set1/bio_4.asc
NCOLS 96 
NROWS 289 
XLLCORNER -75.2083333333333 
YLLCORNER -49.9166666666667 
CELLSIZE 0.0416666666666667 
NODATA_value -9999 
[rows 253 to 275 of 289, columns 0 to 50 of 96]
-9999 -9999 256.634460449219 252.247375488281 249.146453857422 251.900299072266 256.071502685547 259.647583007812 265.697448730469 268.653076171875 267.231231689453 -9999 263.773864746094 267.211456298828 270.255340576172 275.462768554688 -9999 -9999 269.698455810547 272.525146484375 269.969818115234 267.904388427734 269.132263183594 275.99755859375 279.667877197266 278.970672607422 281.049530029297 288.280792236328 289.936859130859 291.074096679688 296.901275634766 301.50927734375 302.094055175781 301.208892822266 301.692687988281 301.212677001953 304.494018554688 300.543334960938 299.542663574219 301.864898681641 303.352416992188 305.267761230469 311.369171142578 318.416320800781 323.383483886719 327.823669433594 329.026611328125 330.276641845703 -9999 -9999 -9999
-9999 -9999 259.789123535156 257.578155517578 252.622741699219 251.417083740234 256.565063476562 264.19140625 268.874053955078 270.823577880859 268.991851806641 268.272796630859 266.625854492188 270.157470703125 273.005493164062 278.442535400391 -9999 263.516876220703 266.768859863281 273.515045166016 275.729217529297 277.662384033203 278.564147949219 274.686920166016 275.559600830078 273.664306640625 274.151916503906 281.601318359375 284.138702392578 291.738037109375 300.150543212891 304.087341308594 303.902801513672 304.848602294922 304.391693115234 296.592315673828 297.714080810547 300.053924560547 301.183135986328 303.099578857422 304.951568603516 308.303070068359 315.328033447266 320.327941894531 318.159790039062 315.905456542969 322.09912109375 -9999 -9999 -9999 -9999
-9999 258.782196044922 260.113037109375 258.66162109375 253.039657592773 251.75520324707 257.198638916016 265.415649414062 267.778900146484 268.544952392578 268.014038085938 270.156433105469 271.245086669922 274.013092041016 274.426330566406 275.413238525391 271.390411376953 -9999 -9999 272.099182128906 275.641876220703 275.035614013672 273.129547119141 272.549133300781 277.821105957031 281.03369140625 283.133270263672 282.563781738281 282.035095214844 289.236297607422 297.761596679688 301.626190185547 299.964385986328 302.411651611328 302.909881591797 298.839538574219 297.163909912109 301.517333984375 305.797058105469 307.968872070312 309.706359863281 313.165161132812 319.114501953125 322.109100341797 318.42431640625 316.363250732422 318.136657714844 -9999 -9999 -9999 -9999
-9999 258.818237304688 260.847229003906 259.925811767578 253.814453125 -9999 256.612274169922 264.331634521484 266.614837646484 266.772705078125 266.759307861328 271.008209228516 273.565979003906 276.0576171875 275.130828857422 270.593597412109 267.294677734375 263.178344726562 259.490875244141 269.976715087891 273.166809082031 269.072143554688 275.558654785156 282.736694335938 285.472320556641 288.57958984375 291.767883300781 293.033172607422 290.296508789062 288.968627929688 294.817260742188 299.514129638672 300.775787353516 303.898162841797 302.860900878906 302.558288574219 299.434936523438 303.168487548828 308.979370117188 311.998840332031 313.821319580078 315.474761962891 318.168029785156 319.176971435547 317.534576416016 318.208282470703 -9999 -9999 -9999 -9999 -9999
-9999 259.052276611328 261.013977050781 259.570098876953 253.565185546875 251.149261474609 253.885055541992 259.598266601562 262.753356933594 263.899841308594 264.992767333984 269.707122802734 273.265838623047 274.839324951172 275.239410400391 272.355041503906 270.066619873047 267.193450927734 260.025360107422 -9999 270.919342041016 273.083129882812 281.008941650391 285.277557373047 288.676635742188 290.697814941406 294.010986328125 298.641448974609 297.1923828125 296.406005859375 299.582977294922 300.125793457031 299.346374511719 300.50048828125 303.504974365234 303.571533203125 301.521514892578 305.668304443359 310.716491699219 312.722015380859 313.316528320312 315.026702880859 316.775970458984 317.863189697266 317.227386474609 317.532043457031 -9999 -9999 -9999 -9999 -9999
-9999 258.262084960938 259.120941162109 257.994964599609 257.934204101562 256.3916015625 255.040344238281 256.762939453125 259.545257568359 259.360565185547 259.644287109375 266.684967041016 263.014007568359 269.480895996094 271.852813720703 273.733947753906 275.382507324219 276.905395507812 279.723724365234 -9999 -9999 274.364990234375 279.824493408203 280.793975830078 284.753845214844 288.294342041016 294.479675292969 299.579528808594 299.991912841797 302.206665039062 304.447723388672 299.940979003906 289.687408447266 291.098907470703 297.46240234375 299.799591064453 302.201690673828 307.259063720703 312.267456054688 313.044342041016 312.928619384766 314.713623046875 316.479583740234 317.556793212891 317.054229736328 315.770751953125 -9999 -9999 -9999 -9999 -9999
-9999 257.393371582031 258.323547363281 258.974426269531 260.527465820312 258.345336914062 258.828918457031 260.605865478516 260.521453857422 261.778503417969 263.130950927734 263.487487792969 264.065124511719 268.078704833984 270.593566894531 273.900146484375 276.12109375 276.617126464844 275.815612792969 277.360382080078 -9999 274.376342773438 278.488037109375 279.208374023438 283.332946777344 289.674102783203 296.221618652344 300.084686279297 300.046813964844 297.663177490234 296.456665039062 297.739562988281 291.936889648438 290.823608398438 292.74853515625 296.012573242188 300.2353515625 305.625610351562 310.49755859375 311.805114746094 311.945037841797 313.455963134766 315.551727294922 316.168640136719 316.313110351562 -9999 -9999 -9999 -9999 -9999 -9999
-9999 256.52294921875 260.192291259766 260.590057373047 258.252166748047 256.173614501953 260.225189208984 263.406799316406 265.438507080078 266.930053710938 268.529083251953 267.663238525391 270.293670654297 272.632446289062 272.429931640625 273.458038330078 275.353759765625 277.549987792969 -9999 -9999 276.441375732422 283.390502929688 285.920196533203 285.965362548828 290.944549560547 296.347595214844 301.462707519531 302.172088623047 303.241668701172 294.883728027344 285.819000244141 290.6962890625 295.013732910156 293.62060546875 292.449310302734 295.048431396484 298.346710205078 302.753631591797 307.332458496094 310.804718017578 311.381652832031 312.114410400391 313.054718017578 316.818420410156 320.218109130859 -9999 -9999 -9999 -9999 -9999 -9999
-9999 256.845581054688 258.784790039062 258.253448486328 255.534317016602 255.828109741211 261.044738769531 264.577484130859 267.077697753906 269.060974121094 269.630584716797 269.185119628906 270.598022460938 272.431427001953 274.323852539062 276.245086669922 278.604187011719 266.284820556641 -9999 275.055053710938 280.808715820312 287.918151855469 291.842376708984 294.537261962891 295.887939453125 297.018890380859 300.705841064453 303.332946777344 304.809783935547 298.173156738281 285.820831298828 282.197967529297 285.454986572266 288.126403808594 291.646148681641 294.925628662109 298.207366943359 301.523284912109 305.672668457031 309.421417236328 311.553405761719 312.895294189453 314.311462402344 318.736846923828 -9999 -9999 -9999 -9999 -9999 -9999 -9999
-9999 257.668762207031 257.229675292969 255.48503112793 253.566101074219 256.342376708984 261.332702636719 263.053985595703 265.745178222656 267.556243896484 270.098876953125 270.781616210938 271.032135009766 272.549957275391 274.641418457031 276.469940185547 278.514007568359 264.765594482422 -9999 274.835693359375 283.139526367188 289.240692138672 292.217834472656 296.236175537109 297.222839355469 294.155670166016 294.617980957031 298.398254394531 300.267730712891 294.925720214844 285.832489013672 280.76904296875 283.412933349609 286.228118896484 289.309692382812 293.294342041016 297.559783935547 301.285095214844 304.576110839844 307.803527832031 310.473297119141 313.740356445312 316.059478759766 318.154022216797 -9999 -9999 -9999 -9999 -9999 -9999 -9999
-9999 259.341888427734 259.609893798828 257.873291015625 255.911560058594 256.404449462891 261.694946289062 262.712890625 264.024139404297 265.911743164062 269.569305419922 271.364959716797 272.289489746094 274.08984375 275.287384033203 276.947143554688 278.451751708984 270.907379150391 -9999 275.165008544922 283.690246582031 287.833984375 291.449523925781 295.675842285156 297.945953369141 294.232696533203 289.971374511719 292.274444580078 296.505279541016 295.849212646484 289.010284423828 282.151428222656 285.222381591797 287.459899902344 289.857635498047 292.726257324219 297.159759521484 301.335632324219 305.683227539062 309.201965332031 311.464691162109 313.841766357422 315.692504882812 -9999 -9999 -9999 -9999 -9999 -9999 -9999 -9999
-9999 259.044769287109 259.54150390625 257.807922363281 255.416778564453 254.375015258789 258.559722900391 262.409851074219 263.511596679688 264.027648925781 267.007141113281 269.815460205078 271.622711181641 274.7958984375 276.488616943359 277.401641845703 279.317657470703 274.972045898438 268.59130859375 274.573089599609 281.590454101562 287.619201660156 293.148101806641 298.014892578125 299.862945556641 300.765289306641 299.503540039062 298.086883544922 303.879699707031 302.783782958984 290.30615234375 284.286987304688 291.042419433594 293.226776123047 294.84033203125 295.369720458984 297.826477050781 301.520202636719 306.206451416016 309.710174560547 311.768371582031 314.273468017578 316.529937744141 -9999 -9999 -9999 -9999 -9999 -9999 -9999 -9999
256.06591796875 256.608612060547 255.050155639648 251.894805908203 251.084777832031 252.910614013672 255.417266845703 260.46875 262.872497558594 264.988677978516 266.974060058594 268.860900878906 271.493133544922 275.843109130859 277.655303955078 277.858612060547 279.695404052734 279.227630615234 276.217407226562 279.104858398438 284.696105957031 291.617797851562 295.779113769531 299.477752685547 302.466217041016 301.621551513672 298.234954833984 293.554077148438 298.300750732422 302.744232177734 293.771301269531 287.007568359375 293.923583984375 299.02734375 305.259246826172 300.502258300781 299.761383056641 302.179321289062 306.853942871094 310.021667480469 311.601104736328 313.824523925781 -9999 -9999 -9999 -9999 -9999 -9999 -9999 -9999 -9999
254.054504394531 254.620407104492 252.167007446289 251.425811767578 256.490997314453 253.656768798828 254.905487060547 258.059631347656 261.042938232422 264.986724853516 267.727691650391 269.421356201172 270.802490234375 275.477264404297 278.260131835938 278.225738525391 279.465301513672 281.238952636719 281.924224853516 282.888305664062 288.633544921875 295.081390380859 296.522552490234 299.239868164062 302.652923583984 301.793395996094 298.886352539062 289.451263427734 291.196136474609 299.383575439453 294.158905029297 285.418914794922 287.883209228516 297.407836914062 300.958770751953 300.214263916016 302.337219238281 304.052062988281 306.272033691406 309.403533935547 311.507843017578 311.80908203125 -9999 -9999 -9999 -9999 -9999 -9999 -9999 -9999 -9999
251.34912109375 252.63916015625 253.451995849609 256.527038574219 260.382446289062 259.760406494141 258.823822021484 259.269836425781 258.778625488281 262.003295898438 267.041748046875 270.004760742188 271.672393798828 275.781555175781 279.057434082031 279.844573974609 281.096588134766 279.467590332031 278.107879638672 283.735504150391 292.355255126953 297.633392333984 298.381195068359 298.378082275391 303.811920166016 303.216094970703 299.673858642578 294.518859863281 286.404907226562 280.168914794922 281.332733154297 286.800628662109 292.646057128906 296.775817871094 299.515594482422 304.677185058594 308.201263427734 309.077178955078 307.491821289062 308.934814453125 305.192993164062 -9999 -9999 -9999 -9999 -9999 -9999 -9999 -9999 -9999 -9999
250.455993652344 251.165115356445 254.455261230469 258.080993652344 260.247802734375 262.116821289062 263.878967285156 262.990051269531 261.557586669922 262.615600585938 264.381439208984 269.027374267578 271.749267578125 274.342864990234 277.048309326172 278.92529296875 280.161743164062 280.108062744141 277.826019287109 282.635467529297 292.642547607422 295.960815429688 298.399230957031 299.092102050781 303.505554199219 304.259704589844 302.125854492188 300.5537109375 287.610961914062 276.830688476562 287.0087890625 300.91943359375 305.976623535156 303.916595458984 306.766632080078 305.919921875 306.584442138672 308.596038818359 308.862945556641 312.071746826172 312.572479248047 -9999 -9999 -9999 -9999 -9999 -9999 -9999 -9999 -9999 -9999
247.587112426758 252.943328857422 255.920394897461 257.5576171875 258.430603027344 261.534851074219 264.651031494141 264.519958496094 265.767150878906 264.521179199219 266.614807128906 270.370544433594 272.128509521484 272.715301513672 274.444763183594 277.548706054688 280.48779296875 282.544769287109 282.895782470703 280.203643798828 283.442993164062 291.099243164062 297.152893066406 300.414215087891 302.846527099609 303.638366699219 301.342315673828 302.609313964844 291.067565917969 279.472503662109 289.508148193359 305.311309814453 306.965484619141 306.9931640625 312.4599609375 312.334564208984 311.424530029297 310.918121337891 313.088073730469 315.521575927734 316.235107421875 -9999 -9999 -9999 -9999 -9999 -9999 -9999 -9999 -9999 -9999
244.45539855957 250.670501708984 253.139984130859 254.726852416992 256.126342773438 259.202850341797 263.216003417969 265.160186767578 266.363922119141 264.533508300781 267.275329589844 270.480010986328 272.375427246094 273.224243164062 276.542755126953 281.396942138672 282.425750732422 283.410888671875 283.783355712891 276.932556152344 278.769744873047 285.698364257812 295.030639648438 298.35009765625 301.165344238281 302.301330566406 299.486083984375 301.524719238281 292.282897949219 279.627471923828 282.927001953125 291.644592285156 295.674987792969 302.665954589844 312.071563720703 312.406311035156 310.340362548828 311.268005371094 314.045928955078 316.277557373047 -9999 -9999 -9999 -9999 -9999 -9999 -9999 -9999 -9999 -9999 -9999
245.291717529297 249.508682250977 252.066802978516 253.292984008789 253.578247070312 257.064392089844 261.864868164062 265.109954833984 265.977630615234 263.649475097656 266.925506591797 268.933685302734 270.964416503906 273.140319824219 277.560241699219 281.254455566406 283.048919677734 284.835723876953 284.375396728516 277.884368896484 277.045715332031 286.936920166016 295.470794677734 298.948822021484 300.799072265625 302.646789550781 300.746276855469 301.548675537109 290.617065429688 276.786193847656 282.079772949219 288.808990478516 289.330261230469 294.179718017578 302.333404541016 305.463012695312 306.103363037109 308.570037841797 311.019897460938 313.353424072266 -9999 -9999 -9999 -9999 -9999 -9999 -9999 -9999 -9999 -9999 -9999
-9999 251.189071655273 252.016464233398 253.835678100586 256.535614013672 258.486053466797 258.815368652344 259.223785400391 260.140960693359 262.078277587891 266.059417724609 269.086791992188 270.577911376953 272.174499511719 275.837829589844 279.819152832031 281.80859375 284.274169921875 283.094604492188 277.928588867188 277.289154052734 287.697235107422 294.24609375 297.388671875 299.248382568359 302.687194824219 302.221496582031 297.004913330078 291.233093261719 281.747955322266 288.567474365234 299.381072998047 299.718963623047 295.675201416016 296.643035888672 300.282928466797 304.755218505859 309.206665039062 312.582702636719 -9999 -9999 -9999 -9999 -9999 -9999 -9999 -9999 -9999 -9999 -9999 -9999
-9999 254.897155761719 255.844863891602 256.888671875 258.097930908203 259.040924072266 259.732025146484 256.426666259766 258.764129638672 261.848297119141 266.034637451172 269.461639404297 272.256561279297 272.604217529297 275.764556884766 278.333190917969 279.924652099609 282.100219726562 282.778839111328 280.484832763672 276.708770751953 288.188690185547 293.811706542969 296.85107421875 299.943969726562 302.223754882812 305.777587890625 276.101104736328 287.477142333984 296.425323486328 295.319549560547 301.194305419922 304.851745605469 301.830535888672 299.081420898438 302.4345703125 306.889770507812 312.379272460938 315.514221191406 -9999 -9999 -9999 -9999 -9999 -9999 -9999 -9999 -9999 -9999 -9999 -9999
-9999 256.427581787109 255.32829284668 255.964004516602 257.524688720703 259.050994873047 262.247467041016 263.933013916016 263.413787841797 265.162109375 268.389709472656 270.081176757812 273.233215332031 274.114654541016 276.343139648438 279.077239990234 279.52587890625 281.793884277344 284.0986328125 280.477905273438 280.301086425781 289.066436767578 296.017486572266 298.340484619141 300.308898925781 302.789825439453 306.494995117188 278.091705322266 289.444854736328 299.609710693359 298.673187255859 299.595306396484 302.924377441406 303.041748046875 306.72802734375 309.994934082031 309.723724365234 313.747314453125 -9999 -9999 -9999 -9999 -9999 -9999 -9999 -9999 -9999 -9999 -9999 -9999 -9999
-9999 255.09831237793 254.239562988281 254.963088989258 257.25390625 258.976898193359 261.958160400391 264.086822509766 266.126098632812 266.563537597656 269.050720214844 269.412750244141 271.258361816406 273.743743896484 277.077270507812 279.574951171875 281.031219482422 282.544128417969 284.168273925781 276.636291503906 281.050659179688 291.422546386719 297.519714355469 298.495269775391 301.530090332031 303.665618896484 306.476867675781 282.610382080078 291.55419921875 302.602752685547 305.069183349609 306.597198486328 309.532073974609 307.866516113281 310.499206542969 314.910125732422 311.058685302734 313.233795166016 -9999 -9999 -9999 -9999 -9999 -9999 -9999 -9999 -9999 -9999 -9999 -9999 -9999
