L_variabilis/M_variables/Set2/bio1_.asc
NCOLS 96 
NROWS 289 
XLLCORNER -75.2083333333333 
YLLCORNER -49.9166666666667 
CELLSIZE 0.0416666666666667 
NODATA_value -9999 
[rows 207 to 229 of 289, columns 0 to 50 of 96]
-9999 -9999 -9999 -9999 -9999 -9999 8.78750038146973 8.33716678619385 8.04283332824707 7.98000001907349 7.89233350753784 8.52766704559326 8.47233295440674 7.79683351516724 8.05733299255371 7.83349990844727 8.69649982452393 8.66133308410645 8.34933376312256 7.97616672515869 8.31716728210449 8.61550045013428 7.71233320236206 7.3435001373291 7.5683331489563 8.63166618347168 8.17450046539307 8.22733306884766 8.46183300018311 8.27950000762939 8.66336822509766 8.7857141494751 -9999 -9999 7.21250009536743 5.79033327102661 7.24600028991699 6.95349979400635 5.04233312606812 5.06066656112671 4.58900022506714 3.45283341407776 0.822499930858612 4.23899984359741 4.79583311080933 3.72483325004578 2.85033345222473 5.04366683959961 7.62666654586792 6.2810001373291 4.58583354949951
-9999 -9999 -9999 -9999 -9999 -9999 8.54383373260498 8.19499969482422 7.61566686630249 8.15266704559326 7.70149993896484 7.65100002288818 8.1245002746582 8.6274995803833 8.52666664123535 8.16199970245361 8.05816650390625 8.29083347320557 8.81400012969971 8.35616683959961 7.44399976730347 8.45716667175293 8.45116710662842 7.96683359146118 8.15033340454102 8.6651668548584 8.6540002822876 8.13916683197021 8.41866683959961 8.55649948120117 8.74282360076904 8.71979141235352 -9999 8.2590274810791 6.14305543899536 4.33949995040894 6.64433336257935 6.2078332901001 5.69250011444092 3.02850008010864 3.95550012588501 0.723666667938232 -0.89466667175293 -1.74249994754791 -0.549166679382324 -0.334333300590515 0.607999980449677 4.43333339691162 6.60666656494141 4.73283338546753 2.81366658210754
-9999 -9999 -9999 -9999 -9999 -9999 8.23716640472412 7.46083307266235 7.95716667175293 7.41966676712036 7.45483350753784 7.54133319854736 7.48116683959961 8.44383335113525 8.53800010681152 8.21266651153564 7.35166645050049 7.74733352661133 8.52099990844727 8.9573335647583 8.00033378601074 7.65733337402344 8.55049991607666 8.42700004577637 8.52649974822998 8.71283340454102 8.66849994659424 8.63766670227051 8.67300033569336 8.70604133605957 8.69359016418457 8.66276073455811 8.67894744873047 7.69833326339722 5.21666669845581 5.03849983215332 4.40000009536743 2.98683333396912 3.20916652679443 4.20133352279663 3.33599996566772 1.07616662979126 -2.42499995231628 -4.41533327102661 -7.06650018692017 -6.21783351898193 -2.30583333969116 0.393333345651627 4.93566656112671 4.68983316421509 2.88333320617676
-9999 -9999 -9999 -9999 -9999 -9999 8.51083374023438 7.68233346939087 7.20816659927368 7.88649988174438 7.30749988555908 7.31150007247925 7.51733350753784 8.15883350372314 8.56149959564209 8.05999946594238 8.17333316802979 7.86616659164429 8.00266647338867 8.6443338394165 8.72866630554199 8.40316677093506 8.54450035095215 8.74433326721191 8.83983325958252 8.82950019836426 8.80166721343994 8.72850036621094 8.70526313781738 -9999 -9999 -9999 7.84627199172974 5.24450016021729 5.00616645812988 4.34816646575928 3.13733339309692 2.74550008773804 2.60283327102661 2.01666665077209 1.10549998283386 0.574500024318695 -0.557999968528748 -2.39000010490417 -4.80950021743774 -5.30483341217041 -0.257666647434235 0.930499970912933 4.33949995040894 5.42383337020874 3.13499999046326
-9999 -9999 -9999 -9999 -9999 -9999 8.68533325195312 8.08983325958252 7.99749994277954 8.41916656494141 7.97650003433228 8.1584997177124 8.40883350372314 8.65499973297119 8.74600028991699 8.4665002822876 8.43516635894775 8.25300025939941 8.60366630554199 8.59650039672852 8.73999977111816 8.83216667175293 8.88000011444092 8.85000038146973 8.82950019836426 8.7723331451416 8.83666706085205 8.82583332061768 8.75714302062988 -9999 -9999 7.65555572509766 7.18916654586792 5.71400022506714 5.27050018310547 4.65866661071777 3.75650000572205 3.20266675949097 2.49283337593079 1.81149995326996 1.28100001811981 1.00516664981842 0.864666700363159 -0.788333296775818 -2.57599997520447 -2.34683322906494 2.23883318901062 4.42133331298828 4.95666694641113 6.14916658401489 3.23600006103516
-9999 -9999 -9999 -9999 -9999 -9999 8.59749984741211 8.43350696563721 8.10400009155273 7.76533317565918 8.19299983978271 8.48550033569336 7.94416666030884 8.12983322143555 8.78066635131836 8.48106098175049 8.53062534332275 8.63611125946045 7.98789691925049 7.89333343505859 7.9723334312439 8.53030300140381 8.8968334197998 8.88650035858154 8.819167137146 8.87366676330566 8.93249988555908 8.90333366394043 8.80599975585938 8.70027732849121 8.5533332824707 7.06884908676147 5.55516672134399 5.46799993515015 5.41599988937378 4.33949995040894 3.35833334922791 2.82033324241638 2.43283343315125 2.02099990844727 1.65166664123535 1.33366668224335 1.14433336257935 0.546833336353302 -0.321999996900558 -1.21749997138977 1.83016669750214 3.92716670036316 4.32250022888184 6.98116683959961 7.04083347320557
-9999 -9999 -9999 -9999 -9999 -9999 8.69791698455811 8.80166625976562 8.49291610717773 8.54128742218018 8.61323547363281 8.14149951934814 8.25749969482422 8.52750015258789 8.71931838989258 7.90441179275513 7.78993034362793 7.73200750350952 8.59541702270508 8.64583301544189 8.85833358764648 8.95333290100098 8.97291660308838 8.94166660308838 8.92600059509277 8.95216655731201 8.93966674804688 8.8953332901001 8.84366703033447 8.75116634368896 7.88483333587646 7.10716676712036 7.2611665725708 7.16149997711182 5.6986665725708 4.82499980926514 2.96950006484985 1.88183331489563 1.97866666316986 1.91949999332428 1.69700002670288 1.28733325004578 0.786833345890045 0.0336666479706764 -0.964833319187164 -1.76883339881897 1.82233333587646 4.94683313369751 6.01416683197021 3.48666667938232 5.16366672515869
-9999 -9999 -9999 -9999 -9999 -9999 -9999 -9999 -9999 8.33402824401855 8.56944465637207 8.74333381652832 8.57105255126953 8.25989532470703 8.66607189178467 8.91250038146973 8.65833377838135 8.82083320617676 -9999 -9999 -9999 -9999 9.01666641235352 8.98779773712158 8.99966716766357 8.97166633605957 8.92083358764648 8.85449981689453 8.8328332901001 8.71350002288818 7.39949989318848 6.05316686630249 5.97883319854736 5.64933347702026 5.051833152771 4.52133321762085 3.19333338737488 2.02300000190735 1.80850005149841 1.79916667938232 1.63716661930084 1.12516665458679 0.268166661262512 -0.54749995470047 -0.756833374500275 -1.39250004291534 -0.458333283662796 1.61549997329712 2.55466675758362 0.666999995708466 2.79783344268799
-9999 -9999 -9999 -9999 -9999 -9999 -9999 -9999 -9999 -9999 -9999 -9999 8.51249980926514 8.59255981445312 8.67138862609863 8.58314418792725 8.13850021362305 8.50643920898438 8.56055545806885 8.75092601776123 8.78035736083984 9.02916622161865 -9999 -9999 9.01517868041992 8.90616703033447 8.81166648864746 8.66750049591064 8.47799968719482 7.86350011825562 8.10133361816406 6.61366653442383 5.52816677093506 4.97833347320557 4.49766683578491 3.76950001716614 3.28066658973694 2.7350001335144 2.30933332443237 2.00133323669434 1.72183334827423 1.25883328914642 0.669000029563904 -0.597000002861023 -0.818666696548462 -1.46983337402344 -2.64583325386047 -1.42716670036316 4.17049980163574 3.1618332862854 0.567833304405212
-9999 -9999 -9999 -9999 -9999 -9999 -9999 -9999 -9999 -9999 -9999 -9999 -9999 -9999 -9999 -9999 8.74583339691162 8.625 8.49208354949951 8.8216667175293 8.73416709899902 -9999 -9999 -9999 -9999 8.85666656494141 8.83966636657715 8.71883296966553 7.85916662216187 7.15033340454102 6.69799995422363 5.96033334732056 5.55233335494995 5.52283334732056 5.1725001335144 3.43633341789246 2.54333329200745 2.56216669082642 2.16533327102661 1.81466674804688 1.56583333015442 1.16200006008148 0.53300005197525 -0.462833315134048 -0.337166666984558 -0.0239999555051327 0.208500012755394 3.22283339500427 5.73666667938232 5.49366664886475 1.89633333683014
-9999 -9999 -9999 -9999 -9999 -9999 -9999 -9999 -9999 -9999 -9999 -9999 -9999 -9999 8.8363094329834 8.91083335876465 -9999 -9999 -9999 -9999 -9999 -9999 -9999 -9999 -9999 -9999 8.93365383148193 8.58566665649414 6.82916641235352 6.71177530288696 6.82766675949097 6.84683322906494 7.28016662597656 6.92183351516724 6.40666675567627 4.8274998664856 3.10866665840149 1.5258332490921 1.10483336448669 1.17966663837433 1.22716665267944 0.970499992370605 0.236666664481163 -1.07966673374176 -1.15983331203461 1.25783336162567 2.39333319664001 4.27166652679443 3.62933325767517 6.30066680908203 5.47866678237915
-9999 -9999 -9999 -9999 -9999 -9999 -9999 -9999 -9999 -9999 -9999 -9999 -9999 -9999 -9999 -9999 -9999 -9999 -9999 -9999 -9999 -9999 -9999 -9999 -9999 -9999 8.875 8.74791622161865 8.63796329498291 8.31704521179199 7.80216646194458 7.99450016021729 7.33533334732056 6.87066650390625 6.15516662597656 5.22016668319702 3.05916666984558 -0.0716666579246521 -0.70766669511795 0.122166648507118 0.871833384037018 0.724166691303253 -0.290833353996277 -1.36783337593079 0.899500012397766 3.20183324813843 4.56750011444092 5.82533359527588 6.10533332824707 6.08799982070923 7.18666648864746
-9999 -9999 -9999 -9999 -9999 -9999 -9999 -9999 -9999 -9999 -9999 -9999 -9999 -9999 -9999 -9999 -9999 -9999 -9999 -9999 8.10729217529297 7.94374990463257 8.27499961853027 -9999 8.89999961853027 8.5990743637085 7.96566677093506 8.04215717315674 7.66684770584106 7.4506664276123 8.44950008392334 6.91033315658569 5.68083333969116 6.30116653442383 4.91983318328857 4.25766658782959 3.3178334236145 2.2649998664856 -1.27383327484131 -0.232500016689301 0.587999999523163 0.491166651248932 0.155666589736938 0.0828333795070648 2.36849999427795 3.65949988365173 4.91933345794678 5.70283317565918 3.46333336830139 3.85433340072632 5.6269998550415
-9999 -9999 -9999 -9999 -9999 -9999 -9999 -9999 -9999 -9999 -9999 -9999 -9999 -9999 -9999 -9999 -9999 -9999 7.40277767181396 6.90113639831543 6.58116674423218 7.22800016403198 7.78458309173584 -9999 8.75370407104492 8.09966659545898 6.8216667175293 6.90503454208374 7.26233339309692 7.24652767181396 7.14266681671143 6.47849988937378 7.09633350372314 5.97883319854736 4.86283349990845 3.76999998092651 3.61549997329712 2.45083332061768 -0.110166631639004 -1.11633324623108 0.405333340167999 0.50516664981842 0.0813333839178085 -0.31466668844223 2.38533329963684 3.66400003433228 5.5716667175293 5.20633316040039 4.2480001449585 2.86766672134399 3.62683343887329
-9999 -9999 -9999 -9999 -9999 -9999 -9999 -9999 -9999 -9999 -9999 -9999 -9999 -9999 -9999 -9999 -9999 -9999 8.24910736083984 8.30783367156982 8.30072498321533 8.35624980926514 8.39999961853027 -9999 8.62310600280762 8.27583312988281 7.86549997329712 6.68516683578491 7.44635438919067 7.04348945617676 4.95233345031738 4.57399988174438 5.28066682815552 4.45866680145264 4.37849998474121 3.22300004959106 2.78633332252502 1.81316661834717 -0.21733333170414 -1.53400003910065 0.335833340883255 0.812166631221771 0.86433333158493 0.446333318948746 2.47083330154419 5.11566686630249 5.19966650009155 4.35449981689453 5.94683313369751 5.63600015640259 3.67750000953674
-9999 -9999 -9999 -9999 -9999 -9999 -9999 -9999 -9999 -9999 -9999 -9999 -9999 -9999 -9999 -9999 -9999 -9999 9.01111125946045 8.93723964691162 8.83749961853027 -9999 -9999 8.75083351135254 8.62524509429932 8.51309490203857 8.36666679382324 8.03455924987793 8.29848480224609 7.54166650772095 6.56599998474121 3.9465000629425 5.55516672134399 4.61616659164429 4.90733337402344 4.16016674041748 2.97616672515869 0.961666643619537 -0.582499980926514 -1.47983336448669 -1.59849989414215 -0.495000034570694 1.39999997615814 2.62650012969971 3.71116662025452 2.79816675186157 5.38933324813843 2.31399989128113 4.03183317184448 5.64233350753784 6.57049989700317
-9999 -9999 -9999 -9999 -9999 -9999 -9999 -9999 -9999 -9999 -9999 -9999 -9999 -9999 -9999 -9999 -9999 -9999 9.00937461853027 -9999 -9999 -9999 8.80000019073486 8.70364570617676 8.60885429382324 7.28993082046509 8.01726150512695 6.29791688919067 6.68624973297119 5.46683359146118 7.38316679000854 6.48783349990845 5.95900011062622 5.29033327102661 4.18699979782104 2.29900002479553 1.41999995708466 1.18816673755646 0.686833322048187 -0.00433332100510597 -1.04849994182587 -4.46583318710327 -1.22716665267944 2.97399997711182 4.43966674804688 5.04099988937378 6.07466650009155 4.08866691589355 2.91166663169861 3.91166663169861 4.68133354187012
-9999 -9999 -9999 -9999 -9999 -9999 -9999 -9999 -9999 -9999 -9999 -9999 -9999 -9999 -9999 -9999 -9999 -9999 -9999 -9999 -9999 8.73888874053955 7.58454847335815 7.83495378494263 8.19387245178223 6.18699979782104 7.03995084762573 5.62934017181396 6.81829690933228 6.05283355712891 6.97683334350586 7.14666652679443 5.65833330154419 4.34450006484985 3.54616665840149 2.11983323097229 2.03833341598511 1.55283331871033 0.59550005197525 0.585166692733765 -0.0481666624546051 -3.13299989700317 -1.83333337306976 2.15650010108948 4.16583347320557 4.38066673278809 6.47783327102661 6.48333311080933 3.80233335494995 2.21600008010864 3.13833332061768
-9999 -9999 -9999 -9999 -9999 -9999 -9999 -9999 -9999 -9999 -9999 -9999 -9999 -9999 -9999 -9999 -9999 -9999 -9999 -9999 8.73124980926514 8.39438438415527 7.43366670608521 6.11883354187012 7.21960783004761 6.20450019836426 6.30634069442749 7.02647066116333 5.78066682815552 5.36116647720337 5.70616674423218 5.65100002288818 5.73366641998291 4.50466680526733 3.39133334159851 2.79983329772949 2.7720000743866 2.433833360672 1.83350002765656 1.49966657161713 0.665499985218048 -1.16100001335144 -3.33249998092651 -0.351666688919067 2.29666662216187 4.33333349227905 5.75183343887329 6.86733341217041 7.44099998474121 3.33266663551331 2.01999998092651
-9999 -9999 -9999 -9999 -9999 -9999 -9999 -9999 -9999 -9999 -9999 -9999 -9999 -9999 -9999 -9999 -9999 -9999 -9999 8.87592601776123 8.70899963378906 7.18683338165283 6.3013334274292 5.83716678619385 7.7059211730957 6.5678334236145 6.22100019454956 6.80361127853394 6.94999980926514 5.72083330154419 5.71833324432373 6.72083330154419 5.9631667137146 4.89750003814697 4.21350002288818 3.62833333015442 3.44733333587646 2.30266666412354 2.12066674232483 1.98983335494995 1.39250004291534 0.775499999523163 -2.2718334197998 -1.58249998092651 1.2150000333786 1.88699996471405 3.12233328819275 3.93366670608521 4.41983318328857 7.22350025177002 3.56816673278809
-9999 -9999 -9999 -9999 -9999 -9999 -9999 -9999 -9999 -9999 -9999 -9999 -9999 -9999 -9999 -9999 -9999 -9999 8.85833358764648 8.70108699798584 8.44633293151855 6.85083341598511 6.42600011825562 7.05066680908203 7.47391319274902 6.98263883590698 5.81699991226196 6.42689418792725 5.83674240112305 5.04116678237915 4.98766660690308 5.52950000762939 5.41549968719482 4.07416677474976 3.99716663360596 3.74016666412354 4.04766654968262 3.48216676712036 3.26250004768372 2.84649991989136 2.42266654968262 1.68400001525879 -2.1303334236145 0.0700000375509262 2.37233328819275 2.45483326911926 2.04483342170715 3.88666653633118 3.86100006103516 5.59149980545044 7.41683340072632
-9999 -9999 -9999 -9999 -9999 -9999 -9999 -9999 -9999 -9999 -9999 -9999 -9999 -9999 -9999 -9999 -9999 8.93583297729492 8.828125 8.36683368682861 7.15566682815552 6.57383346557617 6.79945659637451 7.5800724029541 6.57350015640259 5.88600015640259 6.54400014877319 5.66449975967407 6.52533340454102 4.28900003433228 5.16333341598511 4.38116693496704 3.96983337402344 4.35249996185303 4.68083333969116 4.36566686630249 4.78116655349731 3.99616670608521 3.66700005531311 2.72333335876465 1.83633327484131 0.213666647672653 0.178166732192039 2.88533329963684 2.2831666469574 3.4631667137146 4.59899997711182 4.95949983596802 3.11999988555908 5.89200019836426 3.32033348083496
-9999 -9999 -9999 -9999 -9999 -9999 -9999 -9999 -9999 -9999 -9999 -9999 -9999 -9999 -9999 -9999 -9999 8.93712139129639 8.87261867523193 8.35807323455811 7.45637226104736 7.81644725799561 7.11354160308838 7.08166646957397 6.49066686630249 6.07966661453247 5.81616640090942 6.49392366409302 5.42383337020874 5.99433326721191 4.98066663742065 5.0058331489563 3.88300013542175 4.62650012969971 5.39733362197876 5.84249973297119 5.22466659545898 4.54033327102661 3.86333346366882 2.86400008201599 1.28483331203461 -0.688833355903625 0.88699996471405 4.46666669845581 4.74133348464966 2.6763334274292 4.34983348846436 3.54716658592224 0.966666698455811 4.4283332824707 1.53633332252502
