L_variabilis/M_variables/Set2/bio1_.asc
NCOLS 96 
NROWS 289 
XLLCORNER -75.2083333333333 
YLLCORNER -49.9166666666667 
CELLSIZE 0.0416666666666667 
NODATA_value -9999 
[rows 230 to 252 of 289, columns 0 to 50 of 96]
-9999 -9999 -9999 -9999 -9999 -9999 -9999 -9999 -9999 -9999 -9999 -9999 -9999 -9999 -9999 -9999 8.94375038146973 -9999 8.89000034332275 8.25490188598633 6.99945640563965 6.66400003433228 6.55149984359741 6.13522720336914 6.9278507232666 6.60916662216187 6.84473705291748 5.44700002670288 4.63933324813843 5.14704847335815 6.51541662216187 5.82989120483398 4.70683336257935 3.98600006103516 5.24333333969116 7.08599996566772 6.37633323669434 5.91966676712036 4.88683319091797 4.29949998855591 4.49816656112671 2.42216658592224 2.88050007820129 4.98299980163574 6.25666666030884 6.01216650009155 6.56733322143555 2.49349999427795 2.34450006484985 3.18066668510437 2.22749996185303
-9999 -9999 -9999 -9999 -9999 -9999 -9999 -9999 -9999 -9999 -9999 -9999 -9999 -9999 9.45833301544189 8.44166660308838 8.44102573394775 8.40256404876709 7.38379621505737 8.03291702270508 7.50757598876953 7.98779773712158 6.34687519073486 5.85815238952637 6.36766672134399 5.67033338546753 5.52699995040894 5.5310001373291 6.84444427490234 5.26999998092651 5.40866661071777 4.87599992752075 5.03033351898193 4.22183322906494 4.82016658782959 7.2776665687561 8.11416625976562 7.99483346939087 7.24766683578491 5.95583343505859 3.74883341789246 3.47783327102661 1.20633327960968 2.98600006103516 3.06116676330566 2.59233331680298 4.81566667556763 6.30433320999146 5.59183359146118 5.18033313751221 5.51700019836426
-9999 -9999 -9999 -9999 -9999 -9999 -9999 -9999 -9999 -9999 -9999 8.33333301544189 -9999 -9999 8.32361125946045 7.97405290603638 7.8730001449585 7.86833333969116 7.19166660308838 6.99650001525879 7.81597232818604 8.07291698455811 7.0409722328186 6.44621229171753 7.11617660522461 6.20937490463257 7.50548267364502 7.02685165405273 5.54340267181396 5.10949993133545 5.42700004577637 5.24733304977417 4.77066659927368 4.20466661453247 5.29816675186157 5.76733303070068 8.22949981689453 7.78866672515869 6.26349973678589 6.49749994277954 5.92316675186157 4.77666664123535 3.16999983787537 3.79800009727478 4.54833316802979 4.40950012207031 5.76700019836426 5.98816680908203 5.35783338546753 6.3986668586731 8.29516696929932
-9999 -9999 -9999 -9999 -9999 -9999 -9999 -9999 -9999 -9999 -9999 8.48124980926514 -9999 8.52499961853027 8.27731513977051 8.08895874023438 7.67282629013062 7.59427070617676 7.21041679382324 6.63100004196167 7.43465900421143 7.41513156890869 8.31666660308838 7.74814796447754 7.75160264968872 7.15182304382324 7.01885986328125 6.76315784454346 7.14583349227905 6.72277784347534 7.08641290664673 6.38366651535034 6.12416648864746 5.815833568573 5.67266654968262 5.04483318328857 7.35033321380615 7.83223676681519 6.07202386856079 5.19750022888184 5.10966682434082 5.37283325195312 4.70716667175293 2.94950008392334 4.20016670227051 4.0406665802002 4.32849979400635 4.09816646575928 3.28449988365173 3.40799999237061 6.59433317184448
-9999 -9999 -9999 -9999 -9999 -9999 -9999 -9999 -9999 -9999 -9999 -9999 -9999 8.23055553436279 7.51949977874756 7.39039850234985 7.98194456100464 7.11406230926514 6.58199977874756 7.47745084762573 8.0872220993042 7.63020849227905 7.96614599227905 7.23311424255371 6.53203105926514 6.8893518447876 7.69000005722046 7.48179817199707 6.18628454208374 5.40733337402344 4.58666658401489 4.6560001373291 2.54533338546753 2.94533324241638 4.08416652679443 5.82013893127441 7.45795440673828 6.77645826339722 4.12683343887329 4.32533311843872 6.34966659545898 5.63216686248779 5.23516654968262 3.09066677093506 2.90533328056335 3.14333343505859 3.76316666603088 2.98316669464111 4.09516668319702 5.58633327484131 7.47616672515869
-9999 -9999 -9999 8.36794853210449 8.36847877502441 8.35859394073486 8.15069484710693 8.72416687011719 9.05416679382324 -9999 -9999 -9999 8.04444408416748 7.15549993515015 7.3730902671814 7.56527757644653 7.17329549789429 7.47291660308838 7.72638893127441 6.92897748947144 5.97499990463257 7.00566673278809 7.76999998092651 7.63829374313354 7.14166688919067 6.14633321762085 6.13750028610229 6.40199995040894 5.50050020217896 5.43083333969116 4.74566650390625 4.81183338165283 4.65683317184448 5.65216684341431 3.8803334236145 6.93429470062256 6.46967601776123 5.18366670608521 5.20650005340576 3.66666674613953 3.86783337593079 4.21099996566772 5.06016683578491 3.81083345413208 5.47566652297974 6.03700017929077 5.92116641998291 5.69733333587646 7.04316663742065 8.74100017547607 8.83216667175293
-9999 -9999 -9999 8.14185619354248 8.23289489746094 7.89599990844727 8.07447910308838 8.28888893127441 8.32583332061768 -9999 -9999 -9999 8.25416660308838 7.67673587799072 7.48224639892578 7.5901665687561 7.22683334350586 7.72537899017334 7.40952396392822 6.78171300888062 6.4453125 7.12213563919067 8.22253799438477 8.05643939971924 7.54166650772095 7.30254650115967 7.42973470687866 6.86123180389404 6.6729998588562 5.85400009155273 4.95450019836426 5.19166660308838 6.31233310699463 6.01683330535889 4.3289999961853 6.60694456100464 6.99131965637207 5.45699977874756 4.38783311843872 3.61333322525024 4.92399978637695 4.59533357620239 5.02500009536743 4.04250001907349 4.20550012588501 5.96883344650269 8.45616626739502 7.97566652297974 8.26133346557617 7.74900007247925 5.625
-9999 -9999 -9999 8.35735321044922 8.36704540252686 8.32499980926514 8.26217937469482 8.31458377838135 8.33020877838135 -9999 -9999 -9999 8.01749992370605 8.35000038146973 8.30694484710693 8.21083354949951 8.12036991119385 7.41874980926514 7.98645830154419 8.35305595397949 8.14097213745117 7.20055532455444 7.72888898849487 7.99687480926514 7.55160236358643 7.38263893127441 6.86805534362793 6.79649114608765 7.72256946563721 6.52099990844727 4.87849998474121 4.79033327102661 5.64366674423218 5.66849994659424 5.31788206100464 6.72738122940063 7.93888902664185 5.88177061080933 6.39705896377563 6.19930553436279 7.42049980163574 5.23166656494141 6.67133331298828 7.68249988555908 7.31133317947388 8.35116672515869 7.22399997711182 4.42600011825562 4.95349979400635 6.80100011825562 3.28966665267944
-9999 -9999 -9999 8.29730415344238 8.30364608764648 8.24791717529297 8.34642887115479 8.25937461853027 8.13861083984375 8.10238075256348 8.42527770996094 -9999 7.89791679382324 7.86098480224609 7.95583343505859 7.32421875 7.1875 8.00277805328369 7.3144097328186 8.19027805328369 7.31197929382324 6.66979169845581 7.11759233474731 5.96266651153564 7.39283323287964 6.956702709198 6.71119785308838 7.11328125 8.22083377838135 7.375 7.36500024795532 7.18458318710327 6.49472236633301 7.30185174942017 7.97499990463257 8.44999980926514 7.54469680786133 7.68125009536743 8.07118034362793 8.75096130371094 8.0232458114624 7.68966674804688 8.39200019836426 7.73633337020874 4.43366670608521 5.50016641616821 3.73666667938232 3.15650010108948 3.76133322715759 4.61516666412354 5.25950002670288
-9999 -9999 -9999 8.28250026702881 8.15740776062012 8.27458381652832 8.32743072509766 8.15514755249023 8.12753582000732 7.94366645812988 7.9902081489563 -9999 7.8824405670166 7.1656665802002 7.57564115524292 7.23405790328979 7.7903847694397 7.43674230575562 7.52312517166138 7.15723657608032 5.690833568573 5.78999996185303 6.12633323669434 7.25833320617676 6.95543479919434 6.38700008392334 7.28733348846436 8.31966686248779 7.91016674041748 6.42866659164429 5.86268138885498 6.99583339691162 7.90166664123535 6.7212963104248 6.84010410308838 7.4375 8.14270877838135 8.75138854980469 7.99833345413208 8.52361106872559 8.74583339691162 7.69374990463257 6.55662870407104 3.55033326148987 4.41816663742065 5.94700002670288 4.28966665267944 3.10866665840149 3.68466663360596 3.75783324241638 5.12416648864746
-9999 -9999 -9999 8.14895820617676 8.06754398345947 7.32658720016479 8.02750015258789 7.9776668548584 7.85099983215332 7.90216684341431 8.03032398223877 8.17812442779541 8.28645801544189 7.56380224227905 7.8509259223938 7.120192527771 6.96041679382324 8.11111068725586 6.71176481246948 6.63836812973022 7.49474620819092 6.50883340835571 5.22883319854736 6.32116651535034 6.25208330154419 6.58263874053955 7.16283321380615 7.53900003433228 7.86849975585938 5.89983320236206 6.02933359146118 6.44166660308838 6.30583333969116 5.91283321380615 6.17526054382324 6.95544862747192 6.29843759536743 7.34436273574829 8.18802070617676 6.75850009918213 7.18541669845581 7.99967956542969 7.61800003051758 5.27216672897339 4.65183353424072 6.49016666412354 4.37416648864746 4.28566646575928 2.25166654586792 3.55100011825562 5.82716655731201
-9999 -9999 -9999 8.06145858764648 7.82283353805542 7.96701383590698 7.67380952835083 7.71553039550781 7.78836822509766 7.29662704467773 7.75041675567627 7.31510400772095 7.41416692733765 8.30416679382324 7.29775619506836 6.80052089691162 7.22916650772095 6.70637273788452 7.31111097335815 -9999 -9999 7.65958309173584 6.23366641998291 6.64791679382324 6.21765899658203 6.69812488555908 7.16602563858032 8.01712989807129 7.67527770996094 6.44972229003906 7.33472204208374 7.73194456100464 7.30798625946045 7.19583320617676 7.59861135482788 7.81442308425903 7.25300931930542 7.49047613143921 7.78287029266357 7.0789999961853 5.34316682815552 7.54166650772095 8.45590305328369 6.48508787155151 7.93906259536743 7.82638883590698 6.68878221511841 5.75856494903564 5.28333330154419 4.11733341217041 5.78933334350586
-9999 -9999 -9999 7.96507930755615 8.10113620758057 8.01567459106445 7.876136302948 7.48999977111816 7.57281732559204 6.88030290603638 7.30327367782593 7.13551568984985 7.52611112594604 -9999 7.53809499740601 7.10194444656372 7.30156230926514 6.17950010299683 6.4466667175293 7.26733350753784 7.42000007629395 7.2738094329834 7.80833339691162 7.20729160308838 7.81354141235352 6.73333311080933 7.05178594589233 6.10925912857056 7.56874990463257 7.84285736083984 -9999 8.47083377838135 8.45486164093018 8.44999980926514 -9999 8.32583332061768 7.74047613143921 7.22611141204834 7.74166679382324 6.3398551940918 6.40805578231812 7.62310600280762 7.75083351135254 6.52065229415894 6.07309007644653 6.39283323287964 5.74883317947388 7.38731050491333 8.07433319091797 8.10116672515869 6.68450021743774
-9999 -9999 -9999 8.05482482910156 7.8623104095459 7.88030290603638 7.42483329772949 7.33833312988281 6.96766662597656 7.04431819915771 7.41666650772095 7.98250007629395 8.16388893127441 -9999 7.38749980926514 6.49333333969116 6.93466663360596 6.50666666030884 6.30250024795532 7.41481494903564 7.52883338928223 7.86961793899536 7.86477279663086 5.75066661834717 6.60533332824707 6.27062511444092 5.19400024414062 6.2901668548584 6.51401519775391 7.68004369735718 7.61636924743652 8.01319408416748 7.99613094329834 8.56458282470703 -9999 8.3841667175293 8.34583377838135 -9999 -9999 7.82416677474976 6.06233310699463 5.48400020599365 6.21533346176147 4.50150012969971 4.75616645812988 5.14216661453247 6.11866664886475 7.49981069564819 4.41033315658569 7.69033336639404 7.60699987411499
-9999 -9999 8.07958316802979 7.94509792327881 7.6556248664856 7.53263902664185 7.34354162216187 6.91249990463257 6.51413059234619 6.9972825050354 7.29402160644531 7.26439380645752 7.83869028091431 -9999 8.03499984741211 6.63162899017334 6.32083320617676 7.22037029266357 7.28284311294556 6.63532590866089 6.22450017929077 7.03316640853882 7.40208339691162 6.55465698242188 5.82350015640259 5.79600715637207 7.14007949829102 6.56750011444092 7.02549982070923 5.47100019454956 4.50400018692017 5.94483327865601 7.34800004959106 8.16562461853027 6.94886350631714 7.2637152671814 8.83333301544189 -9999 7.87312507629395 8.06527805328369 6.81111097335815 5.05156230926514 4.42766666412354 4.69583320617676 6.12316656112671 6.13116693496704 6.75983333587646 6.81820154190063 4.52533340454102 6.84950017929077 5.88333320617676
-9999 -9999 7.3984375 7.42938613891602 7.30416679382324 7.4307017326355 7.72777795791626 7.73611116409302 7.31333351135254 6.52500009536743 7.84999990463257 7.72179508209229 8.06944465637207 -9999 -9999 8.08958339691162 8.12239551544189 7.87045431137085 6.40451383590698 5.38216686248779 5.60766649246216 6.64599990844727 6.53900003433228 6.72916650772095 5.47064399719238 5.99450016021729 6.49483346939087 5.77883338928223 4.8730001449585 4.57399988174438 4.79033327102661 5.79716682434082 7.86066675186157 6.70208311080933 6.49300003051758 7.23991250991821 6.24450016021729 7.72147464752197 7.07760429382324 8.06277751922607 8.73055553436279 7.63437509536743 5.72378492355347 4.36950016021729 4.84533357620239 5.21683311462402 6.56483316421509 7.56923055648804 4.46700000762939 6.72666692733765 7.40933322906494
-9999 -9999 6.96811580657959 7.24270820617676 6.60750007629395 6.29883337020874 6.6628623008728 7.55546855926514 7.5949559211731 7.19246053695679 7.67291688919067 7.75833320617676 7.17119550704956 7.72731494903564 -9999 7.57604169845581 7.79817724227905 6.94354152679443 7.60777759552002 6.60416650772095 6.10949993133545 5.89249992370605 5.68083333969116 6.27572441101074 6.78749990463257 6.55086803436279 5.33150005340576 6.27383327484131 5.09666681289673 4.02199983596802 5.50150012969971 7.34666681289673 5.45700025558472 5.4980001449585 6.97316646575928 6.89728260040283 4.66499996185303 5.27166652679443 5.14316654205322 7.88211822509766 8.51388931274414 8.27916622161865 8.12916660308838 6.71369028091431 7.18723964691162 6.37716674804688 6.94000005722046 7.33382368087769 5.51916646957397 7.00083351135254 8.58866691589355
-9999 -9999 7.40960168838501 7.41718769073486 6.04199981689453 5.68716669082642 6.21833324432373 6.70166635513306 7.32837295532227 7.72818613052368 7.46184206008911 7.79935884475708 7.74433326721191 7.44791650772095 -9999 7.70833349227905 6.70583343505859 7.11811590194702 6.77007579803467 6.85952377319336 6.39921855926514 6.50217390060425 6.69836950302124 7.5115532875061 6.89358949661255 6.74854183197021 5.04716682434082 6.34329700469971 5.08883333206177 4.33916664123535 4.27316665649414 7.28183317184448 4.496666431427 5.38283348083496 5.67883348464966 7.53849983215332 4.41349983215332 4.48449993133545 5.02549982070923 8.05066680908203 8.51822948455811 8.40059566497803 7.71785736083984 7.43134927749634 8.04916667938232 8.49507522583008 6.7908730506897 4.5736665725708 5.31850004196167 7.75649976730347 6.1816668510437
-9999 -9999 7.05857849121094 7.36342573165894 5.98533344268799 6.40566682815552 6.31816673278809 6.94384908676147 7.17061424255371 7.38188409805298 7.56228065490723 7.72875022888184 7.13506937026978 7.36448431015015 7.63333320617676 7.83249998092651 6.04201364517212 7.17279434204102 6.39416646957397 5.53399991989136 7.15347242355347 7.37472200393677 7.9464282989502 7.67916679382324 5.96503639221191 6.74375009536743 6.25909090042114 4.96233320236206 5.42666673660278 4.38000011444092 5.0475001335144 4.87366676330566 5.72333335876465 5.2354998588562 4.7756667137146 7.07733345031738 4.79483318328857 5.25483322143555 7.11829710006714 8.24981880187988 7.94444465637207 8.40173625946045 7.00354146957397 5.23583316802979 7.26302099227905 8.95566654205322 8.27333354949951 7.48099994659424 7.73400020599365 6.98000001907349 -9999
-9999 -9999 7.26780319213867 7.14699983596802 6.65516662597656 6.74333333969116 5.96366691589355 6.31319427490234 5.88576412200928 7.50687503814697 7.82948732376099 7.28194427490234 6.48466682434082 7.19427061080933 7.96666669845581 8.1875 7.74391031265259 7.03266668319702 6.52333307266235 5.89066648483276 6.48699998855591 7.20505952835083 7.97499990463257 8.30937480926514 7.18920469284058 5.05450010299683 5.55166673660278 6.17799997329712 5.98083353042603 5.6085000038147 4.65366649627686 6.21716642379761 6.37199974060059 5.12516641616821 4.81433343887329 6.21983337402344 4.90966653823853 6.67316675186157 7.86483335494995 5.52966642379761 7.62316656112671 7.98958349227905 7.77250003814697 5.31500005722046 7.01700019836426 8.70316696166992 6.496666431427 5.61016654968262 7.55683326721191 7.45833301544189 -9999
-9999 -9999 7.63958311080933 7.34291648864746 6.54325389862061 5.73733329772949 5.31816673278809 6.03166675567627 6.37816667556763 7.08916664123535 7.83958339691162 7.49883317947388 5.84499979019165 7.21000003814697 7.09999990463257 8.00925922393799 -9999 7.21535062789917 6.23566675186157 7.0240740776062 6.73166656494141 5.39479160308838 6.33533334732056 7.57638883590698 7.20318603515625 6.59934186935425 6.88259792327881 6.45059537887573 6.49087285995483 6.43854188919067 6.65854167938232 7.37550020217896 6.29133319854736 4.7703332901001 4.48133325576782 3.67233324050903 5.24683332443237 6.94583320617676 4.68316650390625 5.53133344650269 6.65116691589355 7.09678030014038 6.28809499740601 5.66483306884766 6.36233329772949 7.33933353424072 8.07616710662842 7.55866670608521 6.45483350753784 -9999 -9999
-9999 -9999 7.33472204208374 -9999 6.71513175964355 6.33733320236206 6.41083335876465 6.28999996185303 6.87536239624023 7.79782629013062 8.21730804443359 7.60416650772095 5.40749979019165 6.70699977874756 6.46916675567627 7.45873022079468 -9999 7.78333330154419 7.34848499298096 6.02651500701904 6.91230154037476 6.94624996185303 5.30499982833862 6.83660697937012 7.16730785369873 6.39886379241943 6.95416688919067 6.38107633590698 5.34800004959106 4.88850021362305 6.0223331451416 5.92266654968262 4.87416648864746 5.07033348083496 5.94533348083496 4.8600001335144 5.52316665649414 3.79450011253357 2.17383337020874 2.59200000762939 5.21083354949951 5.93016672134399 4.69033336639404 5.54283332824707 6.76283359527588 7.8658332824707 6.67583322525024 5.5406665802002 3.6966667175293 -9999 -9999
-9999 -9999 7.93088245391846 7.44250011444092 7.53125 6.70399284362793 6.1100001335144 7.34921884536743 7.64027786254883 7.93151044845581 7.57892179489136 8.24291706085205 7.18713760375977 7.13949298858643 8.09166622161865 7.60130214691162 8.43888854980469 8.22291660308838 7.30637264251709 6.58939409255981 6.55694437026978 7.30249977111816 7.41401529312134 6.8579363822937 7.06176471710205 6.45069456100464 5.42866659164429 6.16403532028198 6.58210802078247 6.96624994277954 7.04236125946045 7.06754398345947 7.24166679382324 7.50416660308838 7.30299997329712 6.44833326339722 4.38849973678589 1.80133330821991 2.31500005722046 3.98849987983704 4.87750005722046 4.91166687011719 3.13116669654846 2.30033326148987 3.28699994087219 5.24166679382324 6.05833339691162 3.02066659927368 -9999 -9999 -9999
