L_variabilis/M_variables/Set2/bio1_.asc
NCOLS 96 
NROWS 289 
XLLCORNER -75.2083333333333 
YLLCORNER -49.9166666666667 
CELLSIZE 0.0416666666666667 
NODATA_value -9999 
[rows 253 to 275 of 289, columns 0 to 50 of 96]
-9999 -9999 7.13116645812988 7.15289831161499 7.72083330154419 7.09062480926514 7.09895849227905 6.70694446563721 6.86833333969116 7.16900014877319 6.92348480224609 -9999 8.43541622161865 8.05781269073486 7.83297109603882 8.27083301544189 -9999 -9999 6.46838235855103 6.0475001335144 5.72586822509766 6.48974370956421 7.19699096679688 7.12333345413208 6.43454837799072 7.52019214630127 6.85776519775391 4.99949979782104 5.65483331680298 7.46536445617676 6.65000009536743 7.23291683197021 7.32200002670288 7.06899976730347 6.08716678619385 3.58183336257935 3.25799989700317 2.55916666984558 3.48699998855591 4.21233320236206 4.25616645812988 3.18950009346008 0.735833346843719 0.232833340764046 1.45283329486847 2.27766680717468 3.77516674995422 3.58733344078064 -9999 -9999 -9999
-9999 -9999 7.48333311080933 7.80562496185303 7.60729169845581 8.21562480926514 7.16892337799072 6.23449993133545 6.5203332901001 6.22650003433228 7.28693199157715 8.04749965667725 7.96909713745117 6.75572919845581 6.29233312606812 7.14770841598511 -9999 7.80208349227905 7.26726198196411 7.14387273788452 5.81933355331421 5.20516681671143 5.82152795791626 7.30648136138916 5.93878221511841 5.33888864517212 6.45677089691162 6.94675922393799 6.54305553436279 6.80122566223145 4.89283323287964 5.24866676330566 5.54900026321411 6.0218334197998 4.52466678619385 2.77233338356018 1.96249997615814 1.37266659736633 2.23699998855591 3.00783324241638 3.06916666030884 1.00966668128967 -0.287999987602234 -0.506333351135254 -1.23633337020874 -1.6433333158493 1.19966673851013 -9999 -9999 -9999 -9999
-9999 6.49433326721191 7.24045133590698 6.89099979400635 7.54296875 8.32499980926514 7.00486135482788 6.80233335494995 6.61133337020874 6.05066680908203 7.46336793899536 7.34700012207031 6.95277786254883 5.78450012207031 6.49433326721191 7.75608968734741 8.89027786254883 -9999 -9999 7.99739599227905 6.93604183197021 7.17346477508545 7.33041667938232 6.30347204208374 6.19673919677734 6.16249990463257 5.68200016021729 6.1436505317688 7.23392868041992 6.80833339691162 6.04683351516724 3.01966667175293 4.125 3.61466670036316 3.88216662406921 3.65750002861023 1.31216669082642 0.859500050544739 0.815333306789398 1.54483330249786 1.32299995422363 0.358166694641113 -0.072999931871891 -0.312666684389114 -1.48399996757507 -1.558833360672 -1.28299999237061 -9999 -9999 -9999 -9999
-9999 7.10233354568481 6.75283336639404 6.4118332862854 6.98188400268555 -9999 7.64659070968628 7.65452909469604 6.39883327484131 6.8256664276123 7.75483322143555 7.45233345031738 7.66849994659424 5.66849994659424 6.22833347320557 6.6111741065979 8.34305572509766 8.05729198455811 6.80555534362793 8.01845264434814 8.07791709899902 6.58229160308838 5.34878492355347 4.5236668586731 5.66633319854736 5.37416648864746 5.07816648483276 5.7024998664856 6.33716678619385 7.42063474655151 7.53452396392822 6.32554340362549 6.14066648483276 5.42666673660278 6.22100019454956 4.24450016021729 2.066166639328 0.308000028133392 0.368999987840652 0.665833353996277 0.649166703224182 0.305500000715256 0.0896667018532753 -0.339333325624466 -0.940166652202606 -0.655666649341583 -9999 -9999 -9999 -9999 -9999
-9999 7.09816646575928 7.53866672515869 6.95329856872559 7.36726188659668 8.45416641235352 7.86759281158447 7.57303905487061 6.79057025909424 6.77037048339844 6.42083358764648 6.02216672897339 7.90283346176147 7.04816675186157 6.24200010299683 6.24666690826416 7.12368440628052 7.97361135482788 7.33720207214355 -9999 6.63645839691162 5.93822431564331 5.43200016021729 5.51916646957397 4.95300006866455 5.91833353042603 5.19199991226196 5.17416667938232 7.10900020599365 6.13199996948242 5.6341667175293 8.05216693878174 5.89966678619385 6.88450002670288 4.42033338546753 1.94183337688446 0.602500021457672 0.268833339214325 0.160666659474373 0.222833350300789 0.273999959230423 0.234666675329208 0.147500038146973 -0.0368333347141743 -0.217500016093254 -0.182666629552841 -9999 -9999 -9999 -9999 -9999
-9999 7.0566668510437 7.42500019073486 7.68854188919067 7.60533332824707 8.16388893127441 8.45767593383789 7.56874990463257 5.79276323318481 7.59520816802979 8.39114570617676 8.15520858764648 8.10000038146973 7.34833335876465 6.73273801803589 6.59183311462402 6.04616641998291 6.70650005340576 7.96174240112305 -9999 -9999 7.60277795791626 6.45436525344849 6.86822938919067 6.79345226287842 4.9433331489563 4.48133325576782 4.92233324050903 5.91849994659424 7.16783332824707 4.74316644668579 7.09966659545898 6.58516645431519 5.75216674804688 4.38533353805542 2.02166676521301 0.777166664600372 0.61899995803833 0.520833373069763 0.431500017642975 0.340666681528091 0.285166651010513 0.162666648626328 -0.139500007033348 -0.477833330631256 -0.974500000476837 -9999 -9999 -9999 -9999 -9999
-9999 7.7402777671814 7.16125011444092 7.66783332824707 6.95949983596802 7.9837121963501 7.90932559967041 8.00065803527832 7.45372819900513 7.87630224227905 7.67500019073486 6.98162889480591 6.60633325576782 6.7024998664856 7.97777795791626 7.59924221038818 7.01955127716064 7.59967947006226 8.63333320617676 9.13333320617676 -9999 7.91249990463257 7.625 6.16354179382324 5.65246200561523 5.92268514633179 6.36432266235352 6.0596489906311 5.20266675949097 7.12204837799072 7.18916654586792 6.29883337020874 5.82333326339722 4.56666660308838 4.59600019454956 3.38966655731201 1.5753333568573 1.03333330154419 0.886500000953674 0.660166680812836 0.489500015974045 0.307500034570694 0.0356666706502438 -1.01683330535889 -1.50133335590363 -9999 -9999 -9999 -9999 -9999 -9999
-9999 7.32427549362183 7.29053020477295 7.56516647338867 7.58355283737183 8.03939437866211 7.43888902664185 7.87750005722046 6.9622917175293 7.0148811340332 7.86444425582886 6.87583351135254 5.90049982070923 6.87750005722046 7.68162870407104 7.82291650772095 6.74943161010742 5.94099998474121 -9999 -9999 8.1875 7.99109840393066 7.93901491165161 6.1509804725647 5.43829345703125 5.52316665649414 5.86229181289673 6.6875 7.57861089706421 7.03312492370605 6.11350011825562 5.23283338546753 4.43716669082642 3.89833331108093 3.71266674995422 2.16650009155273 2.14499998092651 1.54583334922791 1.34933340549469 1.05350005626678 0.533499956130981 -0.158500000834465 -1.71633338928223 -1.17533326148987 -0.237166687846184 -9999 -9999 -9999 -9999 -9999 -9999
-9999 7.24275350570679 6.60050010681152 6.96700000762939 7.48392868041992 7.68619775772095 7.82861137390137 7.36231899261475 6.385666847229 6.47483348846436 7.61648559570312 5.90583324432373 6.45566654205322 6.15816688537598 6.71049976348877 7.44338226318359 6.4138331413269 7.28385400772095 -9999 7.47638893127441 6.79765653610229 6.8033332824707 7.78399991989136 7.50349998474121 6.3386664390564 5.36116647720337 4.9026665687561 4.66083335876465 5.27466678619385 5.09666681289673 5.12666654586792 4.70183324813843 4.04500007629395 3.60766673088074 3.27550005912781 2.63683342933655 2.38733339309692 1.7886666059494 1.40600001811981 1.11066675186157 0.802833318710327 -0.00533330347388983 -1.10399997234344 -0.190333366394043 -9999 -9999 -9999 -9999 -9999 -9999 -9999
-9999 7.16322469711304 6.91333341598511 6.93670654296875 7.29739570617676 6.53916692733765 6.75538206100464 7.07443189620972 7.82645845413208 7.49583339691162 7.30100011825562 6.93699979782104 6.90633344650269 6.54233312606812 6.35416650772095 7.06960773468018 6.57816648483276 6.12791681289673 -9999 7.02213525772095 5.31433343887329 5.81933355331421 6.47666645050049 7.37633323669434 7.75299978256226 6.30383348464966 4.83033323287964 5.00750017166138 5.54516649246216 5.22733306884766 4.95133352279663 4.48099994659424 4.10166645050049 3.63766670227051 3.38533329963684 2.93083333969116 2.34583330154419 1.77999997138977 1.23133337497711 0.550000011920929 0.387666702270508 0.683999955654144 0.749000012874603 0.991166651248932 -9999 -9999 -9999 -9999 -9999 -9999 -9999
-9999 7.18300008773804 6.83449983596802 6.94883346557617 7.85416650772095 7.89097213745117 7.20575380325317 7.17599201202393 6.16757249832153 6.30766677856445 6.73449993133545 6.65766668319702 5.81916666030884 6.95099973678589 6.72658729553223 6.13442039489746 6.55499982833862 5.87312507629395 -9999 7.57555532455444 7.13276529312134 6.97100019454956 5.2368335723877 5.96733331680298 6.90633344650269 7.85283327102661 7.08933353424072 6.43849992752075 6.16050004959106 5.59899997711182 5.09066677093506 4.69683313369751 4.26583337783813 3.90350008010864 3.63533329963684 3.13650012016296 2.59883332252502 2.09800004959106 1.68050003051758 1.35566663742065 1.16466665267944 1.08383333683014 1.47416663169861 -9999 -9999 -9999 -9999 -9999 -9999 -9999 -9999
-9999 7.19533348083496 7.61170625686646 7.5995831489563 7.92624998092651 7.79722213745117 7.8685417175293 7.13511896133423 6.79071950912476 6.55190944671631 6.53116655349731 5.96299982070923 5.98850011825562 6.10400009155273 6.4176664352417 5.78616666793823 6.75530290603638 6.47708320617676 7.97916650772095 7.73194456100464 6.86118412017822 5.61493062973022 5.56400012969971 7.30299997329712 6.80583333969116 5.6855001449585 7.46583318710327 5.6381664276123 5.07849979400635 4.94950008392334 5.50233316421509 5.4738335609436 4.53733348846436 4.25299978256226 3.6598334312439 3.0128333568573 2.32716655731201 1.27483332157135 1.25533330440521 1.20183336734772 1.04733335971832 1.05183339118958 1.23500001430511 -9999 -9999 -9999 -9999 -9999 -9999 -9999 -9999
7.14545440673828 6.98916673660278 7.23297119140625 7.203125 8.01979160308838 8.44375038146973 7.6587963104248 6.19318199157715 6.38409090042114 6.80307006835938 7.51145839691162 6.30633354187012 5.10633325576782 6.23216676712036 5.78383350372314 5.87481069564819 5.61180543899536 6.06366682052612 6.78003454208374 8.33819484710693 8.14839744567871 7.61704540252686 7.59450006484985 6.90683317184448 7.18400001525879 6.53116655349731 7.27850008010864 6.19233322143555 4.55283308029175 5.33316659927368 6.26816654205322 6.82283353805542 6.20016670227051 5.11299991607666 3.47916674613953 2.57833337783813 1.71566665172577 0.861333310604095 0.901833295822144 0.751333296298981 0.547833323478699 0.576166689395905 -9999 -9999 -9999 -9999 -9999 -9999 -9999 -9999 -9999
7.36210346221924 7.43508768081665 7.79479169845581 7.40446424484253 7.10229158401489 7.11574077606201 7.57583332061768 7.484375 7.85964918136597 7.61041688919067 6.6497917175293 5.52933359146118 5.05149984359741 5.98266649246216 6.69516658782959 6.25116682052612 5.78516674041748 5.20700025558472 7.51583337783813 8.37565803527832 7.84143543243408 7.75033330917358 5.96083354949951 5.45966672897339 5.30350017547607 5.58333349227905 6.63483333587646 7.12883329391479 5.09950017929077 5.2868332862854 5.9941668510437 7.14200019836426 7.01200008392334 4.7098331451416 4.74066686630249 2.90149998664856 2.91849994659424 1.82016670703888 0.442499995231628 0.298166662454605 -0.531333327293396 -2.20683336257935 -9999 -9999 -9999 -9999 -9999 -9999 -9999 -9999 -9999
7.24201393127441 7.51999998092651 7.67451000213623 7.43079710006714 7.48179817199707 7.46250009536743 6.67697381973267 6.91718769073486 6.625 6.79184007644653 6.61684036254883 5.87770843505859 6.03716659545898 5.97133350372314 5.84950017929077 5.97749996185303 7.0422101020813 6.58787870407104 7.95364570617676 7.76583337783813 7.38533353805542 7.59333324432373 7.01416683197021 5.98816680908203 5.16283321380615 5.31949996948242 5.97116661071777 6.58799982070923 7.1928334236145 7.12583351135254 7.24633359909058 6.69983339309692 6.34033346176147 6.86100006103516 4.87650012969971 4.75699996948242 6.27516651153564 3.83216667175293 0.570833325386047 -1.40149998664856 -5.5736665725708 -9999 -9999 -9999 -9999 -9999 -9999 -9999 -9999 -9999 -9999
7.7975001335144 6.82754611968994 6.38666677474976 6.85783338546753 6.38250017166138 5.86183309555054 6.92361116409302 6.62616682052612 5.9595832824707 7.07840919494629 6.47159099578857 6.18066692352295 5.03200006484985 4.85916662216187 5.30550003051758 6.2723331451416 4.47200012207031 5.65616655349731 7.48106050491333 7.60151529312134 8.11388874053955 6.85166645050049 6.43083333969116 5.91816663742065 5.71033334732056 5.36816644668579 5.04583311080933 5.41033315658569 6.81650018692017 7.14400005340576 6.5314998626709 4.39050006866455 5.21816682815552 4.21033334732056 5.47800016403198 6.53450012207031 4.7519998550415 2.92766666412354 0.17166668176651 -0.889666676521301 -3.0111665725708 -9999 -9999 -9999 -9999 -9999 -9999 -9999 -9999 -9999 -9999
7.40354156494141 6.87380933761597 7.15578699111938 7.45416688919067 5.59899997711182 5.49916648864746 6.73466682434082 5.38500022888184 6.81597232818604 7.90156269073486 7.5644097328186 6.41912889480591 6.18083333969116 5.49666690826416 5.72499990463257 4.83449983596802 4.73600006103516 5.97483348846436 7.72899293899536 8.33452415466309 7.67500019073486 5.5533332824707 5.34250020980835 5.57583332061768 6.43349981307983 6.33566665649414 4.88816690444946 4.45300006866455 5.31183338165283 6.8899998664856 6.0861668586731 4.37516689300537 4.77250003814697 4.76616668701172 4.5314998626709 6.31349992752075 3.92666673660278 1.42883336544037 1.06900000572205 0.664333343505859 -0.509333312511444 -9999 -9999 -9999 -9999 -9999 -9999 -9999 -9999 -9999 -9999
7.86620378494263 7 6.64472246170044 6.65166664123535 7.16336822509766 6.0426664352417 5.70916652679443 6.19399976730347 6.78043460845947 6.98974370956421 6.04966688156128 5.09983348846436 5.00683355331421 4.93849992752075 5.23033332824707 6.64650011062622 6.19250011444092 6.56183338165283 7.36685609817505 8.29861068725586 6.92208337783813 4.76966667175293 6.12349987030029 5.28350019454956 5.41849994659424 6.78083324432373 5.95149993896484 4.28383350372314 5.30049991607666 6.45116662979126 6.10616683959961 5.57766675949097 5.19116687774658 4.62233352661133 4.71250009536743 3.53866672515869 1.77316665649414 1.56099998950958 1.44233334064484 1.38733339309692 -9999 -9999 -9999 -9999 -9999 -9999 -9999 -9999 -9999 -9999 -9999
6.81816673278809 7.24507570266724 8.14607810974121 7.97708320617676 7.28041648864746 6.18273782730103 5.8803334236145 5.88250017166138 6.61689805984497 4.72133350372314 5.908531665802 5.16701364517212 5.35883331298828 4.69466686248779 5.23600006103516 5.40233325958252 5.36350011825562 5.4854998588562 6.58799982070923 8.22569465637207 7.37559509277344 7.11250019073486 7.03516674041748 6.92883348464966 6.58799982070923 7.03541660308838 7.0703125 5.18783330917358 6.65499973297119 6.69050025939941 6.3808331489563 4.99866676330566 4.59833335876465 4.40216684341431 3.84316658973694 2.75099992752075 2.11983323097229 1.91516661643982 1.67800009250641 1.43016672134399 -9999 -9999 -9999 -9999 -9999 -9999 -9999 -9999 -9999 -9999 -9999
-9999 7.00087690353394 6.93895816802979 7.09249973297119 7.72395849227905 7.46250009536743 6.02119588851929 5.73716688156128 6.51557016372681 6.29526519775391 5.70677089691162 6.36066675186157 5.63683319091797 6.11116647720337 4.364333152771 5.8178334236145 4.82216691970825 5.08500003814697 5.88316679000854 7.63589763641357 6.06333351135254 5.15166664123535 5.67033338546753 5.95183324813843 5.78283309936523 7.33371210098267 7.90781259536743 7.33263874053955 7.69791650772095 7.22476863861084 5.39499998092651 5.00549983978271 4.88066673278809 4.11600017547607 3.5608332157135 3.05299997329712 2.51466679573059 2.16683340072632 1.92716670036316 -9999 -9999 -9999 -9999 -9999 -9999 -9999 -9999 -9999 -9999 -9999 -9999
-9999 7.9162278175354 7.87820529937744 7.05625009536743 6.35503482818604 6.061363697052 6.36180543899536 6.10729169845581 5.99930572509766 4.80566692352295 5.57649993896484 4.94733333587646 4.75016689300537 5.59083318710327 6.64349985122681 6.08366680145264 4.46283340454102 4.77099990844727 5.78116655349731 7.95929479598999 6.24361133575439 6.41866683959961 4.88116645812988 4.4210000038147 6.00250005722046 5.67150020599365 7.49479150772095 7.55000019073486 6.88906240463257 7.25885438919067 6.82083320617676 5.20923900604248 4.44783353805542 4.50649976730347 2.43716669082642 2.56716656684875 2.28450012207031 2.04333329200745 1.82700002193451 -9999 -9999 -9999 -9999 -9999 -9999 -9999 -9999 -9999 -9999 -9999 -9999
-9999 7.74642848968506 7.41847848892212 6.6929349899292 6.03387689590454 5.47599983215332 6.00766658782959 7.04981899261475 7.17328453063965 6.02016687393188 7.05649995803833 5.92150020599365 5.45916652679443 4.65166664123535 6.42556810379028 6.94533348083496 4.75933313369751 4.19150018692017 6.36416673660278 7.96750020980835 7.82708358764648 6.44549989700317 4.21500015258789 5.2718334197998 4.82299995422363 4.9593334197998 7.34201383590698 7.79416656494141 6.35533332824707 5.74249982833862 6.75069427490234 6.879807472229 5.19223499298096 4.74983310699463 5.1191668510437 2.71983337402344 2.01200008392334 1.82766664028168 -9999 -9999 -9999 -9999 -9999 -9999 -9999 -9999 -9999 -9999 -9999 -9999 -9999
-9999 7.54652786254883 6.54692983627319 6.25138902664185 5.75670289993286 5.94183349609375 5.76416683197021 6.22883319854736 6.88571453094482 5.97616672515869 6.63293647766113 5.70349979400635 5.43923616409302 6.25416660308838 5.61545133590698 5.92600011825562 7.25349998474121 5.37533330917358 6.92727279663086 7.95972204208374 6.29945659637451 5.11450004577637 5.14499998092651 5.47466659545898 5.06133317947388 6.16249990463257 7.7351188659668 7.29916667938232 5.66433334350586 5.81216669082642 6.43183326721191 5.52533340454102 7.30548238754272 6.37476825714111 6.28179836273193 3.77816677093506 1.77450001239777 1.57999992370605 -9999 -9999 -9999 -9999 -9999 -9999 -9999 -9999 -9999 -9999 -9999 -9999 -9999
