L_variabilis/M_variables/Set2/bio1_.asc
NCOLS 96 
NROWS 289 
XLLCORNER -75.2083333333333 
YLLCORNER -49.9166666666667 
CELLSIZE 0.0416666666666667 
NODATA_value -9999 
[rows 161 to 183 of 289, columns 0 to 50 of 96]
-9999 -9999 -9999 -9999 -9999 -9999 -9999 -9999 -9999 -9999 7.9685001373291 8.16481494903564 -9999 8.52291679382324 8.515625 8.52708339691162 8.60000038146973 -9999 -9999 8.48583316802979 8.46388912200928 8.51875019073486 7.72916650772095 6.61201000213623 6.40767526626587 6.77958345413208 7.7754168510437 7.625 7.85194444656372 7.8216667175293 7.59131956100464 7.90122556686401 8.25662899017334 8.4491662979126 7.31633329391479 6.75633335113525 7.46266651153564 8.72326374053955 9.04852962493896 -9999 -9999 -9999 9.18333339691162 8.71155261993408 8.86602592468262 8.53611087799072 8.63194465637207 7.90989589691162 6.89933347702026 6.76733350753784 8.68633365631104
-9999 -9999 -9999 -9999 -9999 -9999 -9999 -9999 -9999 -9999 8.14981079101562 8.29910755157471 8.46041679382324 8.42500019073486 8.23350048065186 7.97283363342285 7.59183311462402 8.01212120056152 8.32708358764648 8.07039451599121 7.5678334236145 7.18050003051758 7.62274312973022 7.92899990081787 7.53933334350586 7.28900003433228 6.69250011444092 6.58416652679443 6.86683320999146 7.74566650390625 7.54133319854736 7.9396824836731 8.6875 8.73666667938232 7.92750024795532 6.35533332824707 6.26633310317993 8.3323335647583 9.00874996185303 -9999 -9999 -9999 8.90955829620361 8.09516620635986 8.52499961853027 7.46933317184448 7.26766681671143 8.47123050689697 8.65450000762939 7.8033332824707 7.28316640853882
-9999 -9999 -9999 -9999 -9999 -9999 -9999 -9999 -9999 -9999 8.46249961853027 -9999 8.41250038146973 8.40297603607178 8.37847232818604 7.79970216751099 7.05361127853394 7.43541669845581 8.14523792266846 7.53779745101929 6.95749998092651 7.10062503814697 6.86732482910156 7.00750017166138 6.71700000762939 6.41050004959106 6.60966682434082 7.36533355712891 7.60483312606812 8.47956371307373 7.66249990463257 7.77124977111816 8.62708282470703 8.66388893127441 8.17462158203125 6.55216646194458 7.09283351898193 8.30138874053955 8.83442974090576 9.08194446563721 -9999 -9999 8.94166660308838 7.58383321762085 7.90299987792969 7.85233354568481 7.06266641616821 6.24033355712891 7.91233348846436 7.76666688919067 5.46266651153564
-9999 -9999 -9999 -9999 -9999 -9999 -9999 -9999 -9999 -9999 -9999 -9999 -9999 -9999 -9999 8.49166679382324 8.32803058624268 7.31604194641113 7.80597829818726 8.42500019073486 7.33854150772095 7.18576383590698 7.00833320617676 6.96470594406128 7.84206342697144 7.88495397567749 7.78281259536743 7.80625009536743 8.34730434417725 8.74642848968506 8.78802108764648 8.28065490722656 8.46722221374512 8.63583374023438 8.95583343505859 8.52898597717285 8.375 8.40372848510742 8.84732151031494 9.09722232818604 -9999 9.09583377838135 8.96111106872559 7.31704568862915 8.19692039489746 7.5828332901001 7.51216650009155 6.49783325195312 7.84083318710327 7.64966678619385 6.74783325195312
-9999 -9999 -9999 -9999 -9999 -9999 -9999 -9999 -9999 -9999 -9999 -9999 -9999 -9999 -9999 -9999 8.38868999481201 7.24090909957886 6.74550008773804 8.04215717315674 7.94305562973022 7.8027777671814 7.39216661453247 7.47716665267944 7.43726825714111 7.50888872146606 7.9225001335144 8.39500045776367 8.18214321136475 8.21125030517578 8.64513874053955 8.45902729034424 7.94839763641357 8.3125 9.02361106872559 8.14861106872559 7.11937522888184 8.0649995803833 8.14774322509766 9.45625019073486 -9999 -9999 9.26875019073486 8.60555553436279 6.82100009918213 8.17280673980713 8.35089302062988 6.59456539154053 8.62800025939941 7.35816669464111 7.77383327484131
-9999 -9999 -9999 -9999 -9999 -9999 -9999 -9999 -9999 -9999 -9999 -9999 -9999 -9999 -9999 -9999 -9999 7.82416677474976 7.00086784362793 6.59466648101807 7.32500028610229 8.35208320617676 7.70166683197021 8.17023849487305 8.26145839691162 7.69338226318359 7.41960763931274 6.7597827911377 7.92866659164429 7.37316656112671 7.70723676681519 7.46770811080933 6.72566652297974 7.51440954208374 8.9523811340332 8.11614608764648 7.16614580154419 7.45900011062622 8.54104137420654 9.1875 -9999 -9999 -9999 8.1875 8.30160236358643 7.87187528610229 7.74186515808105 7.49861097335815 8.55243015289307 8.33333301544189 7.03866672515869
-9999 -9999 -9999 -9999 -9999 -9999 -9999 -9999 -9999 -9999 -9999 -9999 -9999 -9999 -9999 -9999 -9999 -9999 8.5625 7.93194437026978 8.02708339691162 8.41319465637207 8.67083358764648 8.59027767181396 8.50333309173584 7.9590277671814 8.36916637420654 7.81574058532715 7.13916683197021 8.48108959197998 8.73333358764648 8.48690509796143 8.46076393127441 7.82149982452393 8.43541717529297 9.03333282470703 8.95909118652344 8.52756404876709 8.79166698455811 -9999 -9999 -9999 -9999 8.60416698455811 7.29851198196411 6.8496527671814 5.89183330535889 6.64699983596802 6.92966651916504 6.28000020980835 6.58249998092651
-9999 -9999 -9999 -9999 -9999 -9999 -9999 -9999 -9999 -9999 -9999 -9999 -9999 -9999 -9999 -9999 -9999 -9999 8.13944435119629 8.38005924224854 8.53125 8.57867622375488 8.35238075256348 8.40625 7.01183319091797 5.82049989700317 6.46319437026978 8.17214870452881 7.04431819915771 7.55643939971924 8.03611087799072 8.03636360168457 7.87843132019043 7.91485500335693 8.40833282470703 8.90958309173584 9.20083332061768 9.08333301544189 9.0625 -9999 -9999 -9999 -9999 -9999 -9999 8.60729122161865 7.35912704467773 6.64883327484131 6.08249998092651 7.49270820617676 7.24298238754272
-9999 -9999 -9999 -9999 -9999 -9999 -9999 -9999 -9999 -9999 -9999 -9999 -9999 8.10902786254883 8.51666641235352 -9999 -9999 -9999 7.27840900421143 7.09496545791626 7.96309518814087 8.54772758483887 7.38993072509766 7.78472232818604 7.20466661453247 6.65433359146118 6.93516683578491 8.06849956512451 6.69716691970825 6.64333343505859 6.86723470687866 8.25972175598145 7.43506956100464 6.9578332901001 7.42517375946045 8.94166660308838 9.57916641235352 -9999 -9999 -9999 8.88020801544189 8.89583301544189 9.81666660308838 -9999 9.21666622161865 9.15555572509766 8.98999977111816 8.25208377838135 8.48181819915771 9.24166679382324 8.81553077697754
-9999 -9999 -9999 -9999 -9999 -9999 -9999 -9999 -9999 -9999 -9999 -9999 -9999 -9999 8.42000007629395 -9999 -9999 -9999 -9999 8.61458301544189 7.72239589691162 8.20793628692627 7.32450008392334 6.15716648101807 6.67766666412354 7.11666679382324 6.99683332443237 7.37670469284058 8.18472194671631 7.67061424255371 7.92534732818604 8.67500019073486 8.79479122161865 8.77986145019531 8.73035717010498 8.39999961853027 8.6488094329834 8.8527774810791 -9999 -9999 -9999 9.19999980926514 8.95499992370605 -9999 7.13333320617676 7.30566644668579 6.58316659927368 7.57683324813843 7.04299974441528 8.9486665725708 6.6816668510437
-9999 -9999 -9999 -9999 -9999 -9999 -9999 -9999 -9999 -9999 -9999 -9999 -9999 -9999 -9999 -9999 -9999 -9999 -9999 8.65833377838135 7.88749980926514 7.03749990463257 7.29395818710327 7.86898136138916 8.33333301544189 7.9121527671814 8.16833305358887 8.20833301544189 7.79947900772095 7.54090929031372 8.22824096679688 7.25283336639404 7.62966680526733 8.39474678039551 8.72113132476807 8.90069484710693 8.6434211730957 8.99861145019531 -9999 9.10000038146973 9.05189418792725 9.08177089691162 9.12277793884277 -9999 6.96416664123535 6.03466653823853 6.12416648864746 6.23616647720337 7.67966651916504 7.10416650772095 6.58883333206177
-9999 -9999 -9999 -9999 -9999 -9999 -9999 -9999 -9999 -9999 -9999 -9999 -9999 -9999 -9999 -9999 -9999 -9999 8.69583320617676 8.55868053436279 7.90515851974487 8.27187538146973 8.58854198455811 7.28437519073486 7.77182531356812 7.78806829452515 7.30798625946045 6.8381667137146 6.97116661071777 6.9118332862854 7.37733316421509 6.88333320617676 7.00799989700317 8.02916717529297 8.08333301544189 8.83602905273438 9.02916622161865 -9999 9 9.17083358764648 8.9975004196167 8.95833301544189 9.08235263824463 8.79545497894287 7.84222221374512 6.60599994659424 7.39742040634155 5.86199998855591 6.24116659164429 5.3968334197998 5.62599992752075
-9999 -9999 -9999 -9999 -9999 -9999 -9999 -9999 -9999 -9999 -9999 -9999 -9999 -9999 -9999 -9999 -9999 -9999 8.63333320617676 7.71996545791626 8.18133354187012 8.52616691589355 7.65575408935547 7.41750001907349 6.21216678619385 7.84505224227905 7.38016653060913 6.61250019073486 7.51533317565918 7.39366674423218 6.42916679382324 7.17283344268799 7.20666646957397 7.88683319091797 8.21816635131836 8.27983379364014 8.68624973297119 -9999 -9999 9.30833339691162 8.91805553436279 9.13333320617676 8.73645877838135 6.93784713745117 8.44843769073486 8.35069465637207 6.18177080154419 5.00933313369751 3.02100014686584 2.87050008773804 4.79616641998291
-9999 -9999 -9999 -9999 -9999 -9999 -9999 -9999 -9999 -9999 -9999 -9999 -9999 -9999 -9999 -9999 8.57777786254883 8.67500019073486 -9999 8.52187538146973 7.97965669631958 8.37543869018555 7.76413059234619 7.88749980926514 6.81766653060913 8.03541660308838 6.90783309936523 8.15055561065674 7.58116674423218 6.65199995040894 7.06750011444092 7.06366682052612 7.52850008010864 6.86033344268799 6.51183319091797 7.86016654968262 8.83455848693848 -9999 -9999 9.09166622161865 9.11736106872559 9.15208339691162 8.90625 7.35661745071411 7.88771915435791 8.74583339691162 7.22336959838867 6.22983312606812 5.42016649246216 2.22183322906494 3.94249987602234
-9999 -9999 -9999 -9999 -9999 -9999 -9999 -9999 -9999 -9999 -9999 -9999 -9999 -9999 -9999 7.89821434020996 7.44891309738159 8.47583293914795 -9999 8.27499961853027 7.84683322906494 8.2039213180542 8.67738151550293 8.72333335876465 8.1011905670166 8.39583301544189 -9999 8.50833320617676 7.33529424667358 7.60364580154419 7.17000007629395 7.01325750350952 6.67898559570312 7.94416666030884 8.12899971008301 8.64566707611084 8.9230260848999 -9999 9.12916660308838 9.21250057220459 8.96780300140381 8.47135448455811 8.83500003814697 8.49791622161865 7.48425912857056 8.84487152099609 8.56649971008301 7.47450017929077 6.13966655731201 4.13383340835571 3.01683330535889
-9999 -9999 -9999 -9999 -9999 -9999 -9999 -9999 -9999 -9999 -9999 -9999 -9999 8.80416679382324 8.52916622161865 8.34097194671631 8.17339706420898 8.61458301544189 8.73194408416748 7.27589273452759 6.86033344268799 7.99566650390625 8.38865756988525 8.04464244842529 8.55740737915039 8.64120388031006 8.01780319213867 7.27316665649414 7.53969287872314 7.54728269577026 6.88766670227051 7.33333349227905 8.13958358764648 8.3839282989502 8.3613338470459 8.85543441772461 9.01458358764648 -9999 9.07499980926514 9.09791660308838 8.94583320617676 7.81937503814697 8.73141002655029 7.11149978637695 5.53016662597656 7.27633333206177 8.78816699981689 8.45277786254883 6.85277795791626 5.03649997711182 4.98699998855591
-9999 -9999 -9999 -9999 -9999 -9999 -9999 -9999 -9999 -9999 -9999 -9999 -9999 8.63489627838135 8.64444446563721 8.72135448455811 -9999 7.93333339691162 8.27666664123535 8.07870388031006 6.58035707473755 7.41458320617676 8.34553527832031 8.01059055328369 8.6712121963501 8.18799018859863 7.75449991226196 6.24283313751221 6.91116666793823 7.43083333969116 7.52718257904053 7.34675931930542 7.56336832046509 7.85086822509766 8.51820182800293 8.86210346221924 8.87874984741211 8.97152805328369 9.05486106872559 8.19551277160645 7.41944456100464 8.26666641235352 9.0090274810791 7.59305572509766 6.59185600280762 7.08371210098267 8.74444484710693 9.14583301544189 8.35520839691162 6.69854164123535 6.94783306121826
-9999 -9999 -9999 -9999 -9999 -9999 -9999 -9999 -9999 -9999 -9999 -9999 -9999 -9999 8.57604122161865 8.66833305358887 7.79479169845581 6.88369560241699 6.92799997329712 6.94649982452393 7.75144910812378 7.58179807662964 8.60000038146973 7.30616664886475 8.42222213745117 8.81432247161865 8.67935562133789 7.67383337020874 7.78033351898193 7.64849996566772 7.56400012969971 7.79233312606812 7.15450000762939 6.98250007629395 8.69429779052734 8.97380924224854 9.11666679382324 -9999 -9999 8.49523830413818 8.49485301971436 8.79513835906982 8.57499980926514 8.40964889526367 8.20803546905518 9.01666641235352 8.52142906188965 7.68095254898071 7.10700750350952 7.19027757644653 7.80451393127441
-9999 -9999 -9999 -9999 -9999 -9999 -9999 -9999 -9999 -9999 -9999 -9999 -9999 -9999 8.57499980926514 8.91666698455811 8.20277786254883 7.18333339691162 7.30516672134399 6.95966672897339 6.86133337020874 7.45291662216187 8.16979217529297 8.07005214691162 7.66874980926514 8.23769855499268 8.85249996185303 8.61212158203125 8.2698860168457 7.08273792266846 7.14337110519409 8.34347820281982 8.35750007629395 8.37971019744873 8.85555553436279 9.015625 -9999 -9999 9.12916660308838 8.13833332061768 6.96638870239258 7.62232160568237 8.83333301544189 8.76805591583252 8.95555591583252 7.71446084976196 6.65433311462402 5.875 5.20483350753784 7.27440500259399 -9999
-9999 -9999 -9999 -9999 -9999 -9999 -9999 -9999 -9999 -9999 -9999 -9999 -9999 -9999 -9999 -9999 -9999 -9999 8.09642887115479 7.84375 7.45399284362793 7.06633329391479 8.10194492340088 8.34652805328369 8.24270820617676 8.80416679382324 8.84375 8.29965305328369 7.51091289520264 8.06723499298096 7.23655319213867 7.88295459747314 8.0015869140625 8.28333377838135 8.95749950408936 8.96979141235352 -9999 -9999 9.01666641235352 8.78125 8.89583301544189 -9999 8.74583339691162 8.53833293914795 7.19461822509766 8.05694484710693 6.56033325195312 5.56983327865601 4.86616659164429 6.80399990081787 8.04192733764648
-9999 -9999 -9999 -9999 -9999 -9999 -9999 -9999 -9999 -9999 -9999 -9999 -9999 -9999 -9999 -9999 8.10416698455811 6.84166669845581 7.28229188919067 7.65729188919067 8.18541717529297 8.36145782470703 -9999 -9999 -9999 8.77619075775146 8.86701393127441 8.72386360168457 8.43088245391846 8.26185894012451 8.40588283538818 8.62763214111328 8.59487152099609 8.65138912200928 8.89583301544189 -9999 8.99291706085205 8.71694469451904 8.7018518447876 8.70208358764648 -9999 8.34861087799072 6.62586784362793 7.550208568573 6.62616682052612 6.7350001335144 5.8439998626709 5.62366676330566 5.77950000762939 6.48833322525024 7.87366676330566
-9999 -9999 -9999 -9999 -9999 -9999 -9999 -9999 -9999 -9999 -9999 -9999 -9999 -9999 -9999 -9999 7.55694437026978 7.01683330535889 7.81273126602173 7.68333339691162 7.16300010681152 7.50337314605713 7.97222232818604 8.49166679382324 8.63541698455811 8.91458320617676 8.83333301544189 8.11567497253418 7.08200025558472 7.59800004959106 8.06545162200928 8.26765918731689 8.11074542999268 8.24733352661133 8.83154773712158 8.92291641235352 8.27318859100342 8.38033294677734 8.41399955749512 8.14039897918701 -9999 7.6152777671814 6.12633323669434 7.60362339019775 5.64183330535889 6.551833152771 4.94933319091797 4.68783330917358 5.83383321762085 7.81533336639404 6.98666667938232
-9999 -9999 -9999 -9999 -9999 -9999 -9999 -9999 -9999 -9999 -9999 -9999 -9999 -9999 -9999 -9999 8.26000022888184 7.72348499298096 7.09537029266357 6.58300018310547 7.01423597335815 7.31488084793091 7.0950756072998 7.78072929382324 8.7153844833374 -9999 8.1726188659668 8.23433303833008 7.61951780319214 7.91833353042603 8.42572498321533 8.63532638549805 7.6933331489563 8.0580883026123 8.875 8.02916622161865 6.93050003051758 7.12483310699463 8.72133350372314 8.37976169586182 8.77916717529297 6.68066644668579 5.83900022506714 7.19216680526733 5.71099996566772 5.24249982833862 4.61950016021729 5.0823335647583 7.93650007247925 7.60116672515869 6.92316675186157
