L_variabilis/M_variables/Set2/bio6_.asc
NCOLS 96 
NROWS 289 
XLLCORNER -75.2083333333333 
YLLCORNER -49.9166666666667 
CELLSIZE 0.0416666666666667 
NODATA_value -9999 
[rows 242 to 263 of 289, columns 0 to 50 of 96]
-9999 -9999 -9999 2.65238094329834 2.76818180084229 2.70000004768372 2.57727265357971 2.15000009536743 2.22857141494751 1.468181848526 1.93571424484253 1.72380948066711 2.16000008583069 -9999 1.84285712242126 1.38666665554047 1.55833339691162 0.360000014305115 0.660000026226044 1.51600003242493 1.70000004768372 1.31428575515747 1.79999995231628 1.10000002384186 1.625 0.362499982118607 0.685714304447174 -0.294444441795349 1.1800000667572 1.44285714626312 -9999 2 1.89999997615814 1.79999995231628 -9999 1.37999999523163 0.778571426868439 0.126666665077209 0.611111104488373 -1.01304352283478 -1.06666660308838 0.131818190217018 0.148000001907349 -1.20000004768372 -1.67916667461395 -1.44799995422363 -2.12400007247925 -0.527272701263428 0.0600000023841858 0.00799999665468931 -1.49599993228912
-9999 -9999 -9999 2.79473686218262 2.55909085273743 2.55909085273743 2.08800005912781 1.99199998378754 1.57599997520447 1.64545452594757 2.04999995231628 2.6399998664856 2.80833339691162 -9999 1.66363632678986 0.727999985218048 1.12399995326996 0.663999974727631 0.419999986886978 1.51111114025116 1.51600003242493 1.79166662693024 1.84545457363129 -0.444000005722046 0.351999998092651 -0.0750000029802322 -1.22399997711182 -0.0960000082850456 0.0363636389374733 1.16315793991089 1.14285719394684 1.43333339691162 1.33571434020996 1.75 -9999 1.45999991893768 1.39999997615814 -9999 -9999 0.480000019073486 -1.39999997615814 -2.12800002098083 -1.48000001907349 -3.25600004196167 -3.03600001335144 -2.71199989318848 -1.77600002288818 -0.463636368513107 -3.63599991798401 -0.456000000238419 -0.575999975204468
-9999 -9999 2.89000010490417 2.73529410362244 2.40000009536743 2.22777771949768 2.02999997138977 1.55294120311737 1.07826089859009 1.5739129781723 1.92173910140991 1.859090924263 2.42857146263123 -9999 2.3199999332428 0.913636386394501 0.512000024318695 1.41666662693024 1.40588235855103 0.669565200805664 0.179999992251396 0.967999994754791 1.3400000333786 0.429411768913269 -0.435999989509583 -0.541666686534882 0.800000011920929 0.144000008702278 0.544000029563904 -1.13199996948242 -2.11999988555908 -0.711999952793121 0.688000023365021 1.53750002384186 0.072727270424366 0.283333331346512 2.04999995231628 -9999 0.879999995231628 1.10000002384186 -0.51111114025116 -2.43333339691162 -3.21199989318848 -3 -1.60800004005432 -1.67599999904633 -1.10399997234344 -1.13157892227173 -3.43199992179871 -1.24000000953674 -2.26799988746643
-9999 -9999 2.19583320617676 2.16842103004456 2.03478264808655 2.12631583213806 2.40000009536743 2.44444441795349 1.92666661739349 1.05999994277954 2.51999998092651 2.40000009536743 2.66666674613953 -9999 -9999 2.47499990463257 2.42499995231628 2.09999990463257 0.495833337306976 -0.648000001907349 -0.456000000238419 0.587999999523163 0.428000003099442 0.636363625526428 -0.777272701263428 -0.316000014543533 0.115999981760979 -0.695999979972839 -1.68400001525879 -2.01999998092651 -1.81599998474121 -0.851999998092651 1.17599999904633 -0.0590909197926521 -0.435999989509583 0.236842110753059 -0.780000030994415 0.638461530208588 -0.0125000132247806 1.08000004291534 1.73333334922791 0.275000005960464 -1.64999997615814 -3.12400007247925 -2.7720000743866 -2.51200008392334 -1.17599999904633 -0.292307704687119 -3.43199992179871 -1.29999995231628 -0.73199999332428
-9999 -9999 1.66956520080566 1.9375 1.25999999046326 0.924000024795532 1.25217390060425 2.19374990463257 2.20000004768372 1.77142858505249 2.38636374473572 2.44999980926514 1.70000004768372 2.16666674613953 -9999 1.92499995231628 2.0625 1.10000002384186 1.79999995231628 0.690909087657928 0.112000003457069 -0.164000004529953 -0.451999992132187 0.11304347962141 0.600000023841858 0.262499988079071 -1.07599997520447 -0.131999999284744 -1.39600002765656 -2.55200004577637 -1.08000004291534 0.716000020503998 -1.3400000333786 -1.37199997901917 0.0600000023841858 -0.134782612323761 -2.42799997329712 -1.85199999809265 -1.96399998664856 0.712500035762787 1.56666672229767 1.39999997615814 0.899999976158142 -0.557142853736877 -0.21875 -1.14800000190735 -0.666666686534882 -0.464705884456635 -2.33599996566772 -0.980000019073486 0.464000016450882
-9999 -9999 2.16521739959717 2.11666655540466 0.628000020980835 0.259999990463257 0.800000011920929 1.28799998760223 1.89047622680664 2.31764698028564 2.06842112541199 2.43846154212952 2.24000000953674 1.82500004768372 -9999 1.98000001907349 0.88400000333786 1.24782609939575 0.840909063816071 0.935714304447174 0.462499976158142 0.534782588481903 0.634782612323761 1.37272727489471 0.676923096179962 0.455000013113022 -1.36000001430511 -0.0391304418444633 -1.41200006008148 -2.24000000953674 -2.37199997901917 0.600000023841858 -2.35599994659424 -1.48399996757507 -1.25999999046326 0.523999989032745 -2.71199989318848 -2.65599989891052 -2.10800004005432 0.871999979019165 1.4375 1.28571426868439 0.400000005960464 0.0333333276212215 0.620000004768372 0.927272737026215 -0.985714316368103 -3.26399993896484 -2.55599999427795 -0.211999997496605 -1.88800001144409
-9999 -9999 1.84117650985718 2.06111121177673 0.560000002384186 1.00399994850159 0.907999992370605 1.54761898517609 1.72105264663696 1.91304349899292 2.14736843109131 2.26999998092651 1.53333330154419 1.70952379703522 1.98000001907349 2.09999990463257 0.179166659712791 1.28235292434692 0.359999984502792 -0.532000005245209 1.18888890743256 1.43999993801117 1.99285709857941 1.6210526227951 -0.286956518888474 0.449999988079071 -0.118181832134724 -1.50800001621246 -1.08399999141693 -2.23200011253357 -1.58799993991852 -1.88399994373322 -1.11199998855591 -1.65199995040894 -2.18400001525879 0.0600000098347664 -2.32800006866455 -1.89600002765656 -0.0695652067661285 0.969565212726593 0.649999976158142 1.14166665077209 -0.425000011920929 -2.3840000629425 -0.416666656732559 1.19599997997284 0.444000005722046 -0.360000014305115 -0.208000004291534 -1.03999996185303 -9999
-9999 -9999 2.08181810379028 1.8639999628067 1.2960000038147 1.36800003051758 0.512000024318695 0.866666674613953 0.387500017881393 2.07500004768372 2.41538453102112 1.76249992847443 0.811999976634979 1.47916662693024 2.29999995231628 2.5 1.99230778217316 1.13999998569489 0.547999978065491 -0.11599999666214 0.488000005483627 1.21428573131561 2.04999995231628 2.40000009536743 1.03636360168457 -1.31599998474121 -0.836000025272369 -0.259999990463257 -0.540000021457672 -0.972000002861023 -2 -0.46000000834465 -0.403999984264374 -1.75999999046326 -2.10800004005432 -0.744000017642975 -2.12400007247925 -0.451999992132187 0.603999972343445 -1.82799994945526 0.275999993085861 0.572727262973785 0.270000010728836 -2.33200001716614 -0.723999977111816 0.948000013828278 -1.24000000953674 -2.21199989318848 -0.360000014305115 -0.560000002384186 -9999
-9999 -9999 2.55000019073486 2.19000005722046 1.22857141494751 0.288000017404556 -0.195999994874001 0.53600001335144 0.879999995231628 1.59200000762939 2.37142848968506 1.89600002765656 0.0319999977946281 1.38399994373322 1.23636364936829 2.1777777671814 -9999 1.36842107772827 0.287999987602234 1.13333332538605 0.753333330154419 -0.741666674613953 0.216000005602837 1.47777771949768 1.01764702796936 0.321052640676498 0.594117641448975 0.0619047656655312 -0.0190476160496473 -0.120000004768372 0.0600000023841858 0.699999988079071 -0.504000008106232 -2.13199996948242 -2.40400004386902 -3.25600004196167 -1.67200005054474 -0.131999999284744 -2.55999994277954 -1.69599997997284 -0.611999988555908 -0.213636368513107 -1.17619049549103 -1.98800003528595 -1.31599998474121 -0.223999992012978 0.620000004768372 -0.11600000411272 -1.42400002479553 -9999 -9999
-9999 -9999 2.25833320617676 -9999 1.45789468288422 0.875999987125397 0.851999998092651 0.675999999046326 1.34782612323761 2.31739139556885 2.74615383148193 2.01250004768372 -0.448000013828278 0.828000009059906 0.532000005245209 1.52380955219269 -9999 2 1.5 0.00454544695094228 0.876190483570099 0.870000004768372 -0.892000019550323 0.678571403026581 0.984615385532379 0.122727259993553 0.647058844566345 -0.0208333358168602 -1.19599997997284 -1.73599994182587 -0.600000023841858 -0.804000020027161 -1.96399998664856 -1.82400000095367 -0.948000013828278 -2.15199995040894 -1.5440000295639 -3.33200001716614 -4.93599987030029 -4.49200010299683 -1.87999999523163 -1.14800000190735 -2.6159999370575 -2.0239999294281 -0.836000025272369 0.284000009298325 -0.928000032901764 -2.24000000953674 -4.08799982070923 -9999 -9999
-9999 -9999 2.85294127464294 2.28999996185303 2.29999995231628 1.28333330154419 0.5 1.77499997615814 2.18333339691162 2.33750009536743 1.98823523521423 2.73000001907349 1.55652177333832 1.38695645332336 2.29999995231628 1.82500004768372 2.73333334922791 2.40000009536743 1.41176474094391 0.672727286815643 0.600000023841858 1.25499999523163 1.26818180084229 0.642857134342194 0.805882394313812 0.158333331346512 -0.944000005722046 -0.278947383165359 0.100000001490116 0.465000003576279 0.50555557012558 0.43157896399498 0.527777791023254 0.663999974727631 0.395999997854233 -0.592000007629395 -2.72399997711182 -5.25600004196167 -4.68800020217896 -3.00799989700317 -2.15599989891052 -2.19199991226196 -4.17199993133545 -5.1560001373291 -4.2519998550415 -2.35199999809265 -1.51199996471405 -4.59200000762939 -9999 -9999 -9999
-9999 -9999 1.79200005531311 1.93478262424469 2.625 1.83333337306976 1.70000004768372 1.10476195812225 1.1599999666214 1.43599998950958 1.30909085273743 -9999 2.90000009536743 2.40833330154419 2.0652174949646 2.48333334922791 -9999 -9999 0.488235294818878 -0.00400000158697367 -0.345833331346512 0.415384620428085 1.03333330154419 0.875999987125397 0.120833329856396 1.25384616851807 0.540909111499786 -1.47200000286102 -0.863999962806702 0.931249976158142 -0.0166666619479656 0.484999984502792 0.547999978065491 0.256000012159348 -0.839999973773956 -3.41599988937378 -3.7960000038147 -4.48400020599365 -3.51999998092651 -2.84400010108948 -2.86400008201599 -4.01999998092651 -6.5959997177124 -7.16800022125244 -6.00400018692017 -5.24399995803833 -3.71600008010864 -3.92000007629395 -9999 -9999 -9999
-9999 -9999 2.04800009727478 2.45000004768372 2.41666674613953 2.97499990463257 1.70000004768372 0.527999997138977 0.712000012397766 0.379999995231628 1.56363642215729 2.36666655540466 2.27500009536743 0.933333337306976 0.400000005960464 1.21000003814697 -9999 2.09999990463257 1.4857143163681 1.14705884456635 -0.30799999833107 -0.991999983787537 -0.412499994039536 1.10000002384186 -0.407692283391953 -0.899999976158142 0.299999982118607 0.655555546283722 0.116666667163372 0.223529428243637 -1.85600006580353 -1.55200004577637 -1.30799996852875 -0.871999979019165 -2.46799993515015 -4.19199991226196 -5.04400014877319 -5.64400005340576 -4.79199981689453 -4.10799980163574 -4.11600017547607 -6.2480001449585 -7.6399998664856 -7.87599992752075 -8.56799983978271 -9.04800033569336 -6.33599996566772 -9999 -9999 -9999 -9999
-9999 1.0440000295639 1.78750002384186 1.4559999704361 2.29999995231628 3.04999995231628 1.49583327770233 1.12800002098083 0.84799998998642 0.208000004291534 1.71666669845581 1.57200002670288 1.12916672229767 -0.167999997735023 0.603999972343445 1.93076920509338 3.23333334922791 -9999 -9999 2.04999995231628 0.860000014305115 1.05263161659241 1.18999993801117 0.0444444417953491 -0.152173921465874 -0.167999997735023 -0.699999988079071 -0.223809510469437 0.885714292526245 0.253846168518066 -0.667999982833862 -3.80400013923645 -2.66799998283386 -3.2720000743866 -3.03999996185303 -3.25600004196167 -5.67999982833862 -6.2039999961853 -6.27999973297119 -5.60400009155273 -5.88800001144409 -6.90799999237061 -7.43599987030029 -7.7039999961853 -8.83600044250488 -8.93599987030029 -8.69600009918213 -9999 -9999 -9999 -9999
-9999 1.70000004768372 1.28400003910065 0.952000021934509 1.68695652484894 -9999 2.186363697052 2.04782605171204 0.671999990940094 1.08399999141693 2.05999994277954 1.62000000476837 1.79999995231628 -0.331999987363815 0.296000003814697 0.818181812763214 2.64999985694885 2.15000009536743 0.733333349227905 2.04285717010498 2.04999995231628 0.375 -0.954166650772095 -1.85599994659424 -0.712000012397766 -1.067999958992 -1.41600000858307 -0.824000000953674 -0.208000004291534 0.866666674613953 0.928571403026581 -0.352173894643784 -0.61599999666214 -1.38800001144409 -0.65200001001358 -2.74000000953674 -4.96400022506714 -6.79199981689453 -6.77199983596802 -6.51200008392334 -6.55600023269653 -6.93200016021729 -7.19600009918213 -7.61600017547607 -8.20399951934814 -7.96400022506714 -9999 -9999 -9999 -9999 -9999
-9999 1.67599999904633 2.09599995613098 1.50833332538605 2.05714297294617 3.25 2.52222228050232 2.05882358551025 1.16842103004456 1.11111116409302 0.675000011920929 0.127999991178513 2.01600003242493 1.12000000476837 0.247999995946884 0.315999984741211 1.32105267047882 2.05833339691162 1.27857136726379 -9999 0.550000011920929 -0.260869562625885 -0.84799998998642 -0.772000014781952 -1.43599998950958 -0.51199996471405 -1.33599996566772 -1.41600000858307 0.5 -0.564000010490417 -1.10800004005432 1.37199997901917 -0.879999995231628 0.0839999988675117 -2.53999996185303 -5.10799980163574 -6.46799993515015 -6.88399982452393 -7.00799989700317 -6.90799999237061 -6.79200029373169 -6.87599992752075 -7.00400018692017 -7.18400001525879 -7.39200019836426 -7.43200016021729 -9999 -9999 -9999 -9999 -9999
-9999 1.64800000190735 2.02222228050232 2.28749990463257 2.19600009918213 2.81666660308838 3.07894730567932 2.09500002861023 0.168421044945717 2.03500008583069 2.8125 2.45000004768372 2.58000016212463 1.55999994277954 0.833333373069763 0.628000020980835 0.0720000043511391 0.695999979972839 1.98181819915771 -9999 -9999 1.48333334922791 0.228571429848671 0.600000023841858 0.438095241785049 -1.567999958992 -2.10800004005432 -1.7039999961853 -0.755999982357025 0.444000005722046 -2.07599997520447 0.34799998998642 -0.0920000001788139 -1.02400004863739 -2.51200008392334 -4.96799993515015 -6.26000022888184 -6.52400016784668 -6.64400005340576 -6.66799974441528 -6.7039999961853 -6.78399991989136 -6.96400022506714 -7.2960000038147 -7.64400005340576 -8.20800018310547 -9999 -9999 -9999 -9999 -9999
-9999 2.36666655540466 1.72000002861023 2.22000002861023 1.46800005435944 2.52727270126343 2.39047622680664 2.46842098236084 1.84210526943207 2.23749995231628 2.02500009536743 1.359090924263 0.944000005722046 0.893333315849304 2.15555548667908 1.68181812763214 1.01538455486298 1.6307692527771 3 3.40000009536743 -9999 1.79999995231628 1.4111111164093 -0.160000011324883 -0.813636362552643 -0.616666674613953 -0.200000002980232 -0.547368407249451 -1.52400004863739 0.441666662693024 0.53600001335144 -0.444000005722046 -0.899999976158142 -2.22000002861023 -2.23199987411499 -3.53999996185303 -5.43599987030029 -6.05200004577637 -6.28000020980835 -6.52400016784668 -6.67199993133545 -6.86399984359741 -7.17199993133545 -8.19999980926514 -8.68000030517578 -9999 -9999 -9999 -9999 -9999 -9999
-9999 1.89999997615814 1.781818151474 2.06399989128113 2.17368412017822 2.63636374473572 1.88095235824585 2.27999997138977 1.25499999523163 1.2619047164917 2.12666654586792 1.06499993801117 -0.0599999986588955 0.912000000476837 1.78636360168457 1.88999998569489 0.645454525947571 -0.175999999046326 -9999 -9999 2.05999994277954 1.74090909957886 1.66363632678986 -0.235294118523598 -1.10000002384186 -1.08000004291534 -0.784999966621399 0.0294117573648691 0.839999973773956 0.324999988079071 -0.488000005483627 -1.46000003814697 -2.34800004959106 -2.92400002479553 -3.14800000190735 -4.78399991989136 -4.85200023651123 -5.52799987792969 -5.82000017166138 -6.24399995803833 -6.76800012588501 -7.44400024414062 -8.98400020599365 -8.43200016021729 -7.50400018692017 -9999 -9999 -9999 -9999 -9999 -9999
-9999 1.81304347515106 1.08000004291534 1.49600005149841 2.11428570747375 2.20624995231628 2.23333334922791 1.66956520080566 0.628000020980835 0.675999999046326 1.84782612323761 0.0320000015199184 0.504000008106232 0.151999995112419 0.716000020503998 1.39999997615814 0.228000000119209 1.38750004768372 -9999 1.33333337306976 0.474999994039536 0.428000003099442 1.38800001144409 1.067999958992 -0.187999993562698 -1.23600006103516 -1.78400003910065 -2.11999988555908 -1.6159999370575 -1.75999999046326 -1.51600003242493 -1.91199994087219 -2.65199995040894 -3.16799998283386 -3.57599997520447 -4.30800008773804 -4.61999988555908 -5.30000019073486 -5.76800012588501 -6.16400003433228 -6.49599981307983 -7.31199979782104 -8.42000007629395 -7.56400012969971 -9999 -9999 -9999 -9999 -9999 -9999 -9999
-9999 1.69130432605743 1.42999994754791 1.5095237493515 1.89999997615814 0.995999991893768 1.12083327770233 1.37727272510529 2.13499999046326 1.75789475440979 1.49199998378754 1.07599997520447 0.987999975681305 0.551999986171722 0.312000006437302 0.994117677211761 0.42399999499321 0.300000011920929 -9999 0.868749976158142 -1.08000004291534 -0.624000012874603 -0.0199999958276749 0.851999998092651 1.25199997425079 -0.207999989390373 -1.77999997138977 -1.66799998283386 -1.24399995803833 -1.57599997520447 -1.68799996376038 -2.10800004005432 -2.57200002670288 -3.12800002098083 -3.46000003814697 -4.02400016784668 -4.71199989318848 -5.33200025558472 -5.94799995422363 -6.68800020217896 -6.90399980545044 -6.61199998855591 -6.55999994277954 -6.36399984359741 -9999 -9999 -9999 -9999 -9999 -9999 -9999
-9999 1.7039999961853 1.33200001716614 1.47200000286102 2.48749995231628 2.43888902664185 1.60952377319336 1.5 0.382608711719513 0.479999989271164 0.839999973773956 0.703999996185303 -0.195999994874001 0.952000021934509 0.690476179122925 0.00869565270841122 0.400000005960464 -0.109999984502792 -9999 1.53999996185303 0.872727274894714 0.600000023841858 -1.30400002002716 -0.632000029087067 0.312000006437302 1.35600006580353 0.583999991416931 -0.148000001907349 -0.547999978065491 -1.17599999904633 -1.62000000476837 -1.89999997615814 -2.46399998664856 -2.91199994087219 -3.25999999046326 -3.84800004959106 -4.47599983215332 -5.0479998588562 -5.52799987792969 -5.91200017929077 -6.13600015640259 -6.23199987411499 -5.84800004959106 -9999 -9999 -9999 -9999 -9999 -9999 -9999 -9999
