L_variabilis/M_variables/Set2/bio6_.asc
NCOLS 96 
NROWS 289 
XLLCORNER -75.2083333333333 
YLLCORNER -49.9166666666667 
CELLSIZE 0.0416666666666667 
NODATA_value -9999 
[rows 176 to 197 of 289, columns 0 to 50 of 96]
-9999 -9999 -9999 -9999 -9999 -9999 -9999 -9999 -9999 -9999 -9999 -9999 -9999 2.09999990463257 1.79999995231628 1.51666665077209 1.29230773448944 1.60000002384186 1.89999997615814 0.385714292526245 -0.119999997317791 0.944000005722046 1.31666672229767 1.06190478801727 1.53333330154419 1.65555560588837 0.931818187236786 0.143999993801117 0.384210526943207 0.308695644140244 -0.372000008821487 0.0599999986588955 0.859090924263 1.07619047164917 1.08800005912781 1.53478264808655 1.67499995231628 -9999 1.89999997615814 2 1.78333330154419 0.550000011920929 1.40769231319427 -0.351999998092651 -2.01600003242493 -0.151999995112419 1.36800003051758 0.914285719394684 -0.766666650772095 -2.76399993896484 -2.88800001144409
-9999 -9999 -9999 -9999 -9999 -9999 -9999 -9999 -9999 -9999 -9999 -9999 -9999 2.0625 2 2 -9999 1 1.3400000333786 1.07777774333954 -0.414285719394684 0.409090906381607 1.32857143878937 0.954166650772095 1.56363642215729 1.18823528289795 0.660000026226044 -0.935999989509583 -0.303999990224838 0.174999982118607 0.228571429848671 0.0333333387970924 0.233333334326744 0.504166662693024 1.25789475440979 1.65714287757874 1.67000007629395 1.88333332538605 1.96666669845581 1.04615390300751 0.174999997019768 0.971428573131561 1.70000004768372 0.213333338499069 -0.818181812763214 -0.290909081697464 1.38333332538605 1.70000004768372 0.899999976158142 -0.930000007152557 -0.695999979972839
-9999 -9999 -9999 -9999 -9999 -9999 -9999 -9999 -9999 -9999 -9999 -9999 -9999 -9999 1.89166665077209 1.95999991893768 0.925000011920929 -0.0913043394684792 -0.159999996423721 -0.148000001907349 0.691304326057434 0.58947366476059 1.60000002384186 0.263999998569489 1.37999999523163 1.78750002384186 1.65909087657928 0.579999983310699 0.632000029087067 0.42399999499321 0.26800000667572 0.491999983787537 -0.148000001907349 -0.343999981880188 1.41052627563477 1.85714280605316 2 -9999 -9999 1.37142860889435 1.29411768913269 1.54999995231628 1.25 1.06315791606903 0.857142865657806 1.70000004768372 0.971428573131561 0.0357142835855484 -0.595454573631287 -0.533333301544189 0.191666662693024
-9999 -9999 -9999 -9999 -9999 -9999 -9999 -9999 -9999 -9999 -9999 -9999 -9999 -9999 1.79999995231628 2.34999990463257 1.40000009536743 0.30588236451149 0.340000003576279 -0.0479999966919422 -0.151999995112419 0.455000013113022 1.20500004291534 1.10624992847443 0.718181848526001 1.2380952835083 1.9099999666214 1.63181817531586 1.15454542636871 -0.15238094329834 -0.122727274894714 1.07826089859009 1.07500004768372 1.1391304731369 1.67333328723907 1.97499990463257 -9999 -9999 2.09999990463257 1 -0.293333351612091 0.342857152223587 1.5 1.46666669845581 1.46666669845581 0.123529404401779 -1.03199994564056 -1.932000041008 -2.75999999046326 -0.5 -9999
-9999 -9999 -9999 -9999 -9999 -9999 -9999 -9999 -9999 -9999 -9999 -9999 -9999 -9999 -9999 -9999 -9999 -9999 1.14285719394684 0.849999964237213 0.470833331346512 0.0719999969005585 1.15333330631256 1.41666674613953 1.32499992847443 1.95714282989502 1.95000004768372 1.34166669845581 0.447619050741196 0.872727274894714 -0.0181818194687366 0.609090924263 0.723809540271759 1.10399997234344 1.96000003814697 2.02500009536743 -9999 -9999 1.70000004768372 1.54999995231628 1.65000009536743 -9999 1.29999995231628 1.08000004291534 -0.379166662693024 0.452380955219269 -1.15200006961823 -2.30399990081787 -3.12400007247925 -0.972000002861023 0.4375
-9999 -9999 -9999 -9999 -9999 -9999 -9999 -9999 -9999 -9999 -9999 -9999 -9999 -9999 -9999 -9999 1.29999995231628 -0.0222222115844488 0.391666680574417 0.775000035762787 1.22500002384186 1.42499995231628 -9999 -9999 -9999 1.94285714626312 2 1.80909085273743 1.3764705657959 1.09230768680573 1.22941172122955 1.4052631855011 1.33846151828766 1.46666669845581 1.70000004768372 -9999 1.77999997138977 1.43333327770233 1.36666667461395 1.34999990463257 -9999 0.916666626930237 -0.933333337306976 -0.0499999970197678 -1.08399999141693 -1.03199994564056 -1.97599995136261 -2.30399990081787 -2.13199996948242 -1.27600002288818 0.236000001430511
-9999 -9999 -9999 -9999 -9999 -9999 -9999 -9999 -9999 -9999 -9999 -9999 -9999 -9999 -9999 -9999 0.716666638851166 0.124000005424023 0.922222197055817 0.727272748947144 0.111999996006489 0.42380952835083 0.877777755260468 1.6800000667572 1.79999995231628 2.09999990463257 1.94999992847443 1.08571434020996 -0.0839999988675117 0.34799998998642 0.8125 1.02857148647308 0.921052634716034 1.05200004577637 1.62857139110565 1.73333334922791 0.973913013935089 1 1.03999996185303 0.747826099395752 -9999 0.214285716414452 -1.48399996757507 -0.0478260926902294 -2.16799998283386 -1.26800000667572 -2.91599988937378 -3.22399997711182 -2.01600003242493 0.156000003218651 -0.740000009536743
-9999 -9999 -9999 -9999 -9999 -9999 -9999 -9999 -9999 -9999 -9999 -9999 -9999 -9999 -9999 -9999 1.37000000476837 0.763636350631714 0.16666667163372 -0.432000011205673 -0.0416666641831398 0.252380967140198 0.0454545430839062 0.824999988079071 1.90769231319427 -9999 1.32142853736877 1.20000004768372 0.457894742488861 0.754999995231628 1.22173917293549 1.44782602787018 0.5 0.905882358551025 1.70000004768372 0.733333349227905 -0.483999997377396 -0.331999987363815 1.32000005245209 1.00714290142059 1.60000002384186 -0.759999990463257 -1.85199999809265 -0.527999997138977 -2.08800005912781 -2.58800005912781 -3.22399997711182 -2.7279999256134 0.275999993085861 -0.123999997973442 -0.871999979019165
-9999 -9999 -9999 -9999 -9999 -9999 -9999 -9999 -9999 2.04999995231628 2.09999990463257 2.29999995231628 -9999 -9999 -9999 -9999 1.23333334922791 0.995000004768372 0.156521737575531 -0.42399999499321 -0.0541666597127914 0.366666674613953 0.729411780834198 1.07500004768372 2.15000009536743 2.26666665077209 1.25789475440979 1.41874992847443 0.219999998807907 0.408695638179779 0.84375 1.39999997615814 1.29999995231628 1.40000009536743 1.58181822299957 0.860000014305115 -0.0800000056624413 -0.11599999666214 0.488000005483627 0.885714292526245 1.03999996185303 -1.26400005817413 -2.07999992370605 -2.22399997711182 -1.432000041008 -1.94799995422363 -1.83200001716614 0.131999999284744 0.372000008821487 -1.27600002288818 -1.52799999713898
-9999 -9999 -9999 -9999 -9999 -9999 -9999 -9999 2.13750004768372 1.74615383148193 1.75 -9999 -9999 -9999 0.899999976158142 1.08571434020996 0.563157916069031 1.13125002384186 1 -0.0520000010728836 -0.680000007152557 -0.11600000411272 -0.0280000027269125 0.38400000333786 1.48461532592773 2.40000009536743 2.06666660308838 1.19583332538605 -0.211999997496605 -0.519999980926514 0.0440000034868717 0.0679999962449074 1.51666665077209 1.79999995231628 1.5550000667572 1.1159999370575 0.820833325386047 0.57619047164917 0.928000032901764 1.07500004768372 0.324999988079071 -1.83200001716614 -2.53200006484985 -1.79200005531311 0.159999996423721 -0.556521713733673 0.570588231086731 -0.456000000238419 -2.34800004959106 -2.8840000629425 -2.51999998092651
-9999 -9999 -9999 -9999 -9999 -9999 -9999 -9999 1.63999998569489 0.91304349899292 1.27058827877045 -9999 2.5 0.535714268684387 -0.203999996185303 1.02083337306976 0.854545474052429 1.19166672229767 1.02608692646027 0.864000022411346 0.379999995231628 0.0120000075548887 -0.319999992847443 0.723999977111816 1.25999999046326 -9999 2.04999995231628 0.557142853736877 -0.568000018596649 -0.587999999523163 -0.300000011920929 1.00800001621246 1.39999997615814 1.83999991416931 1.36000001430511 -0.592000007629395 -0.428000003099442 -0.366666674613953 1.19090914726257 1.20000004768372 -0.600000023841858 -1.15199995040894 -2.40000009536743 -1.25 0.620000004768372 1.375 0.807142853736877 0.294117659330368 -0.164705887436867 0.323809534311295 -0.635999977588654
-9999 -9999 -9999 -9999 -9999 -9999 -9999 -9999 2.0699999332428 1.67499995231628 0.731578946113586 1.44545459747314 1.12000000476837 -0.303999990224838 0.0919999927282333 0.632000029087067 1.65833330154419 0.824999988079071 0.821052610874176 0.309090912342072 0.778260886669159 1.0263158082962 0.353333324193954 1.30000007152557 1.72000002861023 1.89999997615814 2.29999995231628 1.14999997615814 0.591666698455811 -0.703999996185303 -0.703999996185303 1.08636367321014 -9999 1.79999995231628 1.44444441795349 0.607142865657806 -0.0608695596456528 -0.775999963283539 0.339130431413651 -9999 0.319999992847443 -1.79200005531311 -1.53750002384186 0.359999984502792 0.777777791023254 -0.286666661500931 -0.605882346630096 0.710526287555695 0.292857140302658 -1.44545459747314 -2.00399994850159
-9999 -9999 -9999 -9999 -9999 -9999 -9999 -9999 2.29999995231628 2.20000004768372 -9999 1.73333334922791 1.32000005245209 -0.131999999284744 0.513043463230133 0.75789475440979 1.42222225666046 1.29285717010498 0.537500023841858 0.575999975204468 0.120000004768372 1.13888883590698 0.800000011920929 0.942105233669281 1.73333334922791 2.02222228050232 2.25 2.17499995231628 1.53076922893524 1.15294122695923 1.16999995708466 2 -9999 2.09999990463257 1.43124997615814 1.41052627563477 1.38571429252625 -0.391666650772095 -0.109523802995682 1.60000002384186 -0.275999993085861 -0.340909093618393 -0.100000008940697 -0.0700000077486038 -0.920000016689301 -1.37999999523163 -2.2960000038147 -1.17599999904633 0.211999997496605 -2.32800006866455 -3.55999994277954
-9999 -9999 -9999 -9999 -9999 -9999 -9999 -9999 -9999 -9999 -9999 2.09999990463257 2.25 0.900000035762787 1.31666660308838 1.46666669845581 0.523999989032745 0.400000005960464 0.405882358551025 -0.0549999997019768 1.23157894611359 1.06470584869385 0.214285716414452 0.785714268684387 0.708000004291534 0.921739161014557 2.10833334922791 1.89230763912201 1.32916665077209 0.587999999523163 1.39999997615814 1.87142860889435 1.54375004768372 1.35000002384186 1.79999995231628 0.818181812763214 1.89999997615814 1.56000006198883 1.45000004768372 1.14285719394684 0.845454573631287 0.742857158184052 0.768181800842285 -0.30799999833107 -1.48000001907349 -2.10800004005432 -3.05200004577637 -2.79200005531311 -1.75600004196167 -3.24399995803833 -3.2279999256134
-9999 -9999 -9999 -9999 -9999 -9999 -9999 -9999 -9999 -9999 1.89999997615814 0.928571403026581 0.955555558204651 2.09999990463257 -9999 0.866666674613953 0.273333340883255 1.11428570747375 1.56666672229767 0.578947365283966 0.529999971389771 1.38235294818878 1.36666667461395 1.27058827877045 1.23157894611359 1.23157894611359 1.39374995231628 1.5 1.3565217256546 0.0160000026226044 0.635294079780579 1.89999997615814 1.58421051502228 1.4277777671814 1.71249997615814 1.12142860889435 1.32857143878937 1.60000002384186 1.5 1.60000002384186 0.219999998807907 -0.65200001001358 -1.21200001239777 -1.25999999046326 -2.29200005531311 -2.83999991416931 -4.43599987030029 -4.57999992370605 -3.03999996185303 -0.555999994277954 -0.172000005841255
-9999 -9999 -9999 -9999 -9999 -9999 -9999 -9999 2 1.70000004768372 0.29565218091011 -0.395999997854233 0.552631556987762 0.41818180680275 -0.0280000083148479 1.04705882072449 0.868421077728271 1.70000004768372 1.1066666841507 0.5545454621315 0.356000006198883 0.329166650772095 1.18333339691162 -0.832000017166138 -0.839999973773956 -0.364000022411346 0.613043487071991 1.48125004768372 1.48461544513702 0.404166668653488 1.40833330154419 1.93333327770233 1.38499999046326 1.39285719394684 1.29999995231628 1.08000004291534 0.522727251052856 -9999 -9999 1.5 0.786666631698608 0.228000000119209 -0.147999987006187 -0.620000004768372 -1.75199997425079 -2.41199994087219 -2.33599996566772 -1.00800001621246 0.0920000150799751 -0.620000004768372 -1.41200006008148
-9999 -9999 -9999 -9999 -9999 -9999 -9999 0.862500011920929 1 0.737500011920929 0.329166650772095 -0.479999989271164 0.915000021457672 0.608333349227905 -0.596000015735626 0.111999996006489 0.368181824684143 1.4111111164093 1.51999998092651 0.0681818202137947 -0.131999999284744 -0.656000018119812 0.592000007629395 0.226086959242821 0.128571435809135 0.328571438789368 0.98888885974884 1.30476188659668 1.52999997138977 0.868000030517578 1.85000002384186 0.946153879165649 0.991999983787537 1.35833334922791 1.55999994277954 1.53750002384186 1.281818151474 1.46666669845581 -9999 -0.147058829665184 -0.479999989271164 -0.296000003814697 -0.135999992489815 -0.127999991178513 0.547999978065491 0.695999979972839 0.167999997735023 -1.14399993419647 -2.57599997520447 -3.4760000705719 -4.53200006484985
-9999 -9999 -9999 -9999 -9999 -9999 -9999 0.300000011920929 0.425000011920929 0.25 0.472000002861023 0.0200000014156103 0.442105263471603 -0.444000005722046 -1.1360000371933 -1.16799998283386 -1.12800002098083 0.668421030044556 1.24374997615814 1.14285719394684 0.287499994039536 -0.680000007152557 -1.23199999332428 -1.21599996089935 -0.980000019073486 -0.329166680574417 -0.104347832500935 -0.729166686534882 0.43157896399498 1.78888893127441 1.70000004768372 1.15600001811981 1.03999996185303 0.957894742488861 1.28461539745331 0.926315784454346 0.787999987602234 1.54999995231628 1.17999994754791 0.395238101482391 -0.684000015258789 -1.6599999666214 -2.24799990653992 -1.60000002384186 0.451999992132187 -0.991999983787537 -0.744000017642975 -0.812000036239624 -2.17199993133545 -2.79999995231628 -1.92799997329712
-9999 -9999 -9999 -9999 -9999 -9999 -9999 0.304166674613953 -0.287999987602234 -0.272000014781952 -0.596000015735626 0.366666674613953 0.918181836605072 -0.487999975681305 -1.932000041008 -2.23600006103516 -1.87999999523163 -0.667999982833862 0.939999997615814 1.19166672229767 -0.340000003576279 0.0279999934136868 -0.596000015735626 -1.12000000476837 -1.25999999046326 -0.995999991893768 -1.03600001335144 -0.0260869581252337 1.21428573131561 1.6307692527771 1.82499992847443 0.886666655540466 1.08947372436523 1.21000003814697 0.125 -0.927999973297119 0.104000002145767 1.56666672229767 0.743478298187256 -1.16799998283386 -0.927999973297119 -1.60800004005432 -2.16000008583069 -0.356000006198883 -0.73199999332428 -2.73600006103516 -2.35599994659424 -0.955999970436096 0.328000009059906 0.228000000119209 -1.0440000295639
-9999 -9999 -9999 -9999 -9999 -9999 -9999 0.545000016689301 0.973684191703796 0.247826099395752 -0.276190489530563 0.614285707473755 1 0.0999999940395355 -0.720833361148834 -0.775999963283539 -1.06400001049042 0.262499988079071 0.866666674613953 0.459090918302536 -1.13199996948242 -0.304166674613953 0.375 -0.423809498548508 0.189999997615814 0.373684227466583 0.12941175699234 0.809090912342072 1.11666667461395 1.54444444179535 1.66666662693024 0.541176438331604 -0.42399999499321 0.311111122369766 1.26666665077209 0.600000023841858 -0.126315787434578 1.38333332538605 0.0272727310657501 -1.10800004005432 -1.49199998378754 -2.6800000667572 -1.67599999904633 0.37777778506279 0.780000030994415 0.583999991416931 0.720000028610229 0.211999997496605 -2.14800000190735 -1.97599995136261 -0.388000011444092
-9999 -9999 -9999 -9999 -9999 -9999 -9999 -0.0640000030398369 0.339130431413651 1.46666669845581 2.29999995231628 1.63684213161469 0.776190459728241 0.347826093435287 0.336363643407822 1.45833337306976 0.492000013589859 -1.22800004482269 0.132000014185905 -0.372000008821487 -0.828000009059906 -1.60000002384186 -1.01999998092651 -0.931999981403351 -1.07200002670288 -1.43599998950958 -1.17599999904633 -0.0473684184253216 0.095238097012043 0.727999985218048 1.26666665077209 -0.559090912342072 -0.976000010967255 -0.100000001490116 -0.104761898517609 -0.558333337306976 0.0799999907612801 1.45000004768372 -0.126666665077209 -0.900000035762787 -2.46799993515015 -2.54800009727478 -0.893333315849304 -0.46428570151329 -1.42400002479553 -1.34399998188019 -0.46000000834465 -0.899999976158142 -2.27999997138977 -4.05200004577637 -2.58800005912781
-9999 -9999 -9999 -9999 -9999 -9999 -9999 -0.310000002384186 0.660000026226044 2.20000004768372 1.4099999666214 0.0120000028982759 0.148000001907349 -0.324000000953674 -0.752000033855438 1.18400001525879 -0.327999979257584 -1.31200003623962 -1.12000000476837 -0.948000013828278 -0.248000010848045 -0.748000025749207 -0.984000027179718 -1.34800004959106 -1.12000000476837 -0.467999994754791 -0.991999983787537 0.346153855323792 0.9375 0.891666650772095 1.28333330154419 0.671428561210632 0.200000002980232 -1.02400004863739 -0.104000002145767 -0.624000012874603 -0.692000031471252 0.571428596973419 -0.0888888835906982 -1.76800000667572 -2.7720000743866 -0.371428579092026 -0.140000000596046 -1.64800000190735 -3.09999990463257 -3.38800001144409 -1.60000002384186 -2.56800007820129 -3.22399997711182 -4.83199977874756 -5.45599985122681
