L_variabilis/M_variables/Set2/bio6_.asc
NCOLS 96 
NROWS 289 
XLLCORNER -75.2083333333333 
YLLCORNER -49.9166666666667 
CELLSIZE 0.0416666666666667 
NODATA_value -9999 
[rows 154 to 175 of 289, columns 0 to 50 of 96]
-9999 -9999 -9999 -9999 -9999 -9999 -9999 -9999 -9999 -9999 -9999 -9999 -9999 -9999 -9999 -9999 -9999 -9999 -9999 2 1.3400000333786 0.915384650230408 1.08333337306976 1.24000000953674 2.04999995231628 1.73749995231628 1.79999995231628 1.60000002384186 0.642857134342194 1.077272772789 1.21578943729401 1.30476188659668 1.47142851352692 1.48800003528595 1.91428565979004 2.32500004768372 2.27500009536743 2.29999995231628 2.40000009536743 2.59999990463257 -9999 2.70000004768372 -9999 -9999 -9999 -9999 2.24444437026978 1.5 1.97499990463257 2.12857151031494 2.03333330154419
-9999 -9999 -9999 -9999 -9999 -9999 -9999 -9999 -9999 -9999 -9999 -9999 -9999 -9999 -9999 -9999 -9999 -9999 1.95000004768372 1.8222222328186 0.778947353363037 -0.13809522986412 0.800000011920929 1.5 1.65555560588837 1.1360000371933 0.879999995231628 0.506250023841858 0.63043475151062 1.10476195812225 1.44444441795349 1.77692306041718 1.5 1.94285714626312 2.13333320617676 2.29999995231628 2.14285707473755 2.3125 2.41666674613953 2.5 -9999 -9999 -9999 -9999 -9999 2.5 0.356521725654602 0.200000002980232 0.884999990463257 2.28333330154419 1.65263152122498
-9999 -9999 -9999 -9999 -9999 -9999 -9999 -9999 -9999 -9999 -9999 -9999 -9999 -9999 -9999 -9999 1.5 1.79999995231628 2 1.79166662693024 1.50909090042114 0.714285731315613 0.278571426868439 0.800000011920929 1.67499995231628 1.28461539745331 1.35789477825165 1.38333332538605 0.288888871669769 0.100000001490116 0.752000033855438 1.67999994754791 1.2523809671402 1.7384614944458 2.04666662216187 1.43913042545319 1.73684215545654 2.3125 2.43333339691162 -9999 -9999 -9999 -9999 -9999 -9999 2.40000009536743 1.53333330154419 1.26999998092651 1.53999996185303 1.14999997615814 2.21000003814697
-9999 -9999 -9999 -9999 -9999 -9999 -9999 -9999 -9999 -9999 -9999 -9999 -9999 -9999 -9999 -9999 1.21428573131561 0.400000005960464 1.17058825492859 0.980000019073486 -0.233333334326744 -0.796000003814697 -0.952000021934509 0.0266666579991579 1.96666657924652 1.27499997615814 1.12999999523163 1.36000001430511 1.91666662693024 2.02500009536743 1.12666666507721 1.72857141494751 1.44583332538605 1.33636367321014 1.7150000333786 2.07500004768372 1.64615380764008 2.1538462638855 2.13333320617676 2.15714287757874 -9999 -9999 -9999 -9999 -9999 2.59999990463257 2.54999995231628 0.759999990463257 -0.512000024318695 0.490476191043854 1.70416665077209
-9999 -9999 -9999 -9999 -9999 -9999 -9999 -9999 -9999 -9999 -9999 -9999 -9999 -9999 -9999 1.43333327770233 0.800000011920929 -0.140000000596046 0.581818163394928 0.240000009536743 -0.759999990463257 -0.216666668653488 0.504761934280396 0.0944444313645363 1.18181812763214 1.87999999523163 1.79999995231628 1.5 1.58333337306976 1.75999999046326 1.77857136726379 0.920000016689301 1.14615380764008 1.97000002861023 2.04444432258606 1.97142851352692 1.95000004768372 2.04999995231628 1.94210529327393 2.17499995231628 -9999 -9999 -9999 -9999 -9999 -9999 2.09999990463257 0.879999995231628 -0.296000003814697 -0.0120000019669533 -0.223999992012978
-9999 -9999 -9999 -9999 -9999 -9999 -9999 -9999 -9999 -9999 -9999 -9999 -9999 -9999 -9999 -9999 0.516666650772095 -0.366666674613953 -0.344999998807907 0.552173912525177 0.493750005960464 -0.372000008821487 -0.808000028133392 -0.363999992609024 -0.600000023841858 1.12941181659698 1.48749995231628 0.855000019073486 0.824999988079071 1.18181812763214 1.55652177333832 1.66666662693024 1.19090902805328 1.96249997615814 2 1.76666665077209 2.03571438789368 1.90555560588837 1.96470594406128 2.20000004768372 -9999 -9999 -9999 -9999 2.02999997138977 1.94999992847443 -9999 0.75555557012558 -0.18823529779911 0.200000002980232 -1.22800004482269
-9999 -9999 -9999 -9999 -9999 -9999 -9999 -9999 -9999 -9999 -9999 1.46363639831543 -9999 -9999 -9999 -9999 -9999 -9999 -9999 1.79999995231628 1.64285719394684 0.794736862182617 0.58947366476059 0.223076939582825 0.589999973773956 0.860000014305115 1.82500004768372 1.70000004768372 1.218181848526 1.45714282989502 1.3199999332428 1.08000004291534 -9999 1.91666674613953 0.944999992847443 1.0043478012085 1.01666665077209 1.53888893127441 1.97499990463257 2.25 -9999 -9999 -9999 2.15000009536743 1.79999995231628 1.54166662693024 1.72307693958282 0.112499997019768 0.947058796882629 1.27999997138977 1.57200002670288
-9999 -9999 -9999 -9999 -9999 -9999 -9999 -9999 -9999 -9999 1.31200003623962 1.45000004768372 -9999 1.89999997615814 1.75 1.66666674613953 1.79999995231628 -9999 -9999 1.87999999523163 1.79999995231628 1.84999990463257 0.893750011920929 -0.270588248968124 -0.489473700523376 -0.150000005960464 0.829999983310699 0.662500023841858 0.913333356380463 0.920000016689301 0.695833325386047 0.988235294818878 1.34545457363129 1.51999998092651 0.216000005602837 -0.432000011205673 0.223999992012978 1.52499997615814 1.81764709949493 -9999 -9999 -9999 2.07500004768372 1.52272725105286 1.58461534976959 1.19166672229767 1.30833327770233 0.493750005960464 -0.631999969482422 -0.775999963283539 1.24000000953674
-9999 -9999 -9999 -9999 -9999 -9999 -9999 -9999 -9999 -9999 1.563636302948 1.72857141494751 1.89999997615814 1.79230773448944 1.50400006771088 1.21200001239777 0.828000009059906 1.26363635063171 1.52499997615814 1.29473686218262 0.727999985218048 0.407999992370605 0.766666650772095 1.04799997806549 0.620000004768372 0.30799999833107 -0.296000003814697 -0.428000003099442 -0.136000007390976 0.740000009536743 0.519999980926514 0.928571403026581 1.70000004768372 1.78999996185303 0.88400000333786 -0.807999968528748 -0.959999978542328 1.1360000371933 1.77999997138977 -9999 -9999 -9999 1.66470587253571 0.776000022888184 1.12916672229767 -0.00399999693036079 -0.236000001430511 1.02380955219269 1.15600001811981 0.240000009536743 -0.34799998998642
-9999 -9999 -9999 -9999 -9999 -9999 -9999 -9999 -9999 -9999 2 -9999 1.89999997615814 1.77142858505249 1.65000009536743 1.0142856836319 0.273333340883255 0.638888895511627 1.29999995231628 0.764285743236542 0.0699999928474426 0.189999997615814 -0.00526315998286009 0.128000006079674 -0.195999994874001 -0.544000029563904 -0.368000000715256 0.368000000715256 0.583999991416931 1.45714282989502 0.628571450710297 0.730000019073486 1.62000000476837 1.71666669845581 1.172727227211 -0.568000018596649 -0.0399999991059303 1.21333336830139 1.73157894611359 1.96666669845581 -9999 -9999 1.68181812763214 0.240000009536743 0.467999994754791 0.340000003576279 -0.495999991893768 -1.37999999523163 0.343999981880188 0.203999996185303 -2.29999995231628
-9999 -9999 -9999 -9999 -9999 -9999 -9999 -9999 -9999 -9999 -9999 -9999 -9999 -9999 -9999 1.70000004768372 1.51818180084229 0.449999988079071 0.878260850906372 1.5 0.506250023841858 0.258333325386047 0.0571428500115871 0.0411764718592167 0.909523785114288 0.949999988079071 0.841666698455811 0.816666662693024 1.34117650985718 1.78571426868439 1.86249995231628 1.35000002384186 1.47333335876465 1.60000002384186 2.01999998092651 1.51739132404327 1.25789475440979 1.32105267047882 1.7642856836319 2 -9999 1.39999997615814 1.79999995231628 0.0227272789925337 0.843478262424469 0.131999999284744 0.0159999970346689 -1.08000004291534 0.296000003814697 0.104000002145767 -0.867999970912933
-9999 -9999 -9999 -9999 -9999 -9999 -9999 -9999 -9999 -9999 -9999 -9999 -9999 -9999 -9999 -9999 1.62857139110565 0.413636356592178 -0.11599999666214 1.17058825492859 1.20000004768372 0.971428573131561 0.523999989032745 0.592000007629395 0.533333301544189 0.600000023841858 1 1.46000003814697 1.18571424484253 1.17999994754791 1.64999997615814 1.48333334922791 0.899999976158142 1.26666665077209 2.26666665077209 1.20000004768372 -0.0150000061839819 0.896000027656555 0.987500011920929 2.5 -9999 -9999 2.04999995231628 1.35000002384186 -0.568000018596649 0.778947353363037 0.928571462631226 -0.969565212726593 1.12000000476837 -0.18800000846386 0.23199999332428
-9999 -9999 -9999 -9999 -9999 -9999 -9999 -9999 -9999 -9999 -9999 -9999 -9999 -9999 -9999 -9999 -9999 0.970000028610229 0.16666667163372 -0.247999995946884 0.459090918302536 1.53750002384186 0.959999978542328 1.42857146263123 1.52499997615814 0.876470625400543 0.600000023841858 -0.130434781312943 0.935999989509583 0.316000014543533 0.663157880306244 0.435000002384186 -0.356000006198883 0.479166656732559 2.11428570747375 1.22500002384186 0.120833329856396 0.319999992847443 1.37000000476837 2 -9999 -9999 -9999 0.925000011920929 0.96153849363327 0.443749994039536 0.228571429848671 -0.093333326280117 1.02499997615814 0.791999995708466 -0.600000023841858
-9999 -9999 -9999 -9999 -9999 -9999 -9999 -9999 -9999 -9999 -9999 -9999 -9999 -9999 -9999 -9999 -9999 -9999 1.79999995231628 1.18333327770233 1.20833337306976 1.58333337306976 1.79999995231628 1.79999995231628 1.6599999666214 1 1.48000001907349 1.03333330154419 0.186666667461395 1.42307686805725 1.70000004768372 1.5 1.39166665077209 0.699999988079071 1.33000004291534 2.16666674613953 1.99090909957886 1.51538467407227 1.70000004768372 -9999 -9999 -9999 -9999 1.39999997615814 -0.0357142761349678 -0.579166650772095 -1.71599996089935 -0.972000002861023 -0.703999996185303 -1.38800001144409 -1.10399997234344
-9999 -9999 -9999 -9999 -9999 -9999 -9999 -9999 -9999 -9999 -9999 -9999 -9999 -9999 -9999 -9999 -9999 -9999 1.29999995231628 1.52857148647308 1.63888895511627 1.61176466941833 1.40714287757874 1.42499995231628 1.49011614158923e-09 -1.27999997138977 -0.604166686534882 1.11578941345215 -0.0181818231940269 0.527272701263428 1.04999995231628 1.01818180084229 0.752941191196442 0.760869562625885 1.30952382087708 1.87999999523163 2.40000009536743 2.20000004768372 2.09999990463257 -9999 -9999 -9999 -9999 -9999 -9999 1.26250004768372 -0.100000008940697 -0.84799998998642 -1.48800003528595 -0.0541666746139526 -0.336842089891434
-9999 -9999 -9999 -9999 -9999 -9999 -9999 -9999 -9999 -9999 -9999 -9999 -9999 1.48333334922791 1.89999997615814 -9999 -9999 -9999 0.481818169355392 0.270833343267441 1.04761910438538 1.60000002384186 0.391666680574417 0.754166662693024 0.151999995112419 -0.420000016689301 -0.143999993801117 0.991999983787537 -0.388000011444092 -0.428000003099442 -0.163636356592178 1.26666665077209 0.349999994039536 -0.159999996423721 0.349999994039536 1.89999997615814 2.90000009536743 -9999 -9999 -9999 1.67499995231628 1.66666662693024 3 -9999 1.89999997615814 1.73333334922791 1.62000000476837 0.860000014305115 1.03636360168457 1.67692303657532 1.19090902805328
-9999 -9999 -9999 -9999 -9999 -9999 -9999 -9999 -9999 -9999 -9999 -9999 -9999 -9999 1.72000002861023 -9999 -9999 -9999 -9999 1.84999990463257 0.875 1.20952379703522 0.272000014781952 -0.89599996805191 -0.363999992609024 0.0719999969005585 -0.0640000104904175 0.309090912342072 1.12777781486511 0.610526323318481 0.875 1.625 1.72500002384186 1.76666665077209 1.82857143878937 1.45000004768372 1.62857139110565 1.83333337306976 -9999 -9999 -9999 2.07999992370605 1.77999997138977 -9999 -0.342105269432068 -0.284000009298325 -1.05999994277954 -0.00400000577792525 -0.555999994277954 1.3400000333786 -1.10399997234344
-9999 -9999 -9999 -9999 -9999 -9999 -9999 -9999 -9999 -9999 -9999 -9999 -9999 -9999 -9999 -9999 -9999 -9999 -9999 1.95000004768372 1.06923079490662 0.0941176488995552 0.325000017881393 0.905555546283722 1.39999997615814 0.958333373069763 1.14999997615814 1.20000004768372 0.712499976158142 0.427272737026215 1.09444439411163 0.0679999962449074 0.435999989509583 1.27826082706451 1.7357143163681 2 1.63684213161469 2 -9999 2.09999990463257 1.97272717952728 2.01250004768372 2.02666664123535 -9999 -0.555999994277954 -1.65600001811981 -1.58399999141693 -1.4559999704361 0.0320000015199184 -0.596000015735626 -1.15199995040894
-9999 -9999 -9999 -9999 -9999 -9999 -9999 -9999 -9999 -9999 -9999 -9999 -9999 -9999 -9999 -9999 -9999 -9999 1.89999997615814 1.71666669845581 0.985714316368103 1.24374997615814 1.625 0.375 0.780952394008636 0.754545450210571 0.245833337306976 -0.256000012159348 -0.184000000357628 -0.303999990224838 0.156000003218651 -0.34799998998642 -0.263999998569489 0.787999987602234 0.899999976158142 1.68823528289795 1.79999995231628 -9999 2 2.15000009536743 1.95999991893768 1.85000002384186 1.92352938652039 1.55454540252686 0.41333332657814 -0.96399998664856 -0.190476194024086 -1.87600004673004 -1.55200004577637 -2.48799991607666 -2.24799990653992
-9999 -9999 -9999 -9999 -9999 -9999 -9999 -9999 -9999 -9999 -9999 -9999 -9999 -9999 -9999 -9999 -9999 -9999 1.75 0.841666698455811 1.22800004482269 1.57200002670288 0.704761922359467 0.479999989271164 -0.815999984741211 0.793749988079071 0.316000014543533 -0.5 0.331999987363815 0.11599999666214 -0.879999995231628 -0.156000003218651 -0.127999991178513 0.560000002384186 0.907999992370605 0.987999975681305 1.4099999666214 -9999 -9999 2.20000004768372 1.83333337306976 2 1.45833337306976 -0.495833307504654 1.03750002384186 0.916666686534882 -1.44166672229767 -2.80399990081787 -4.94000005722046 -5.1399998664856 -3.20799994468689
-9999 -9999 -9999 -9999 -9999 -9999 -9999 -9999 -9999 -9999 -9999 -9999 -9999 -9999 -9999 -9999 1.76666665077209 1.79999995231628 -9999 1.75 1.0823529958725 1.45263159275055 0.821739137172699 0.987500011920929 -0.175999999046326 0.990000009536743 -0.156000003218651 1.08000004291534 0.400000005960464 -0.643999993801117 -0.247999995946884 -0.280000001192093 0.203999996185303 -0.46399998664856 -0.84799998998642 0.523999989032745 1.52352941036224 -9999 -9999 1.70000004768372 2.06666660308838 2.04999995231628 1.60000002384186 -0.0294117666780949 0.526315808296204 1.43333327770233 -0.313043475151062 -1.4559999704361 -2.39599990844727 -5.76800012588501 -4.07600021362305
-9999 -9999 -9999 -9999 -9999 -9999 -9999 -9999 -9999 -9999 -9999 -9999 -9999 -9999 -9999 1.11428570747375 0.617391288280487 1.53999996185303 -9999 1.40909087657928 0.896000027656555 1.20000004768372 1.58571434020996 1.8400000333786 1.14285719394684 1.39999997615814 -9999 1.46000003814697 0.200000002980232 0.383333325386047 -0.0949999913573265 -0.259090900421143 -0.604347825050354 0.659999966621399 0.815999984741211 1.27199995517731 1.58947372436523 -9999 2.09999990463257 2.25 1.89999997615814 1.28750002384186 1.5 1.07500004768372 -0.0222222097218037 1.48461532592773 1.10000002384186 -0.108000002801418 -1.60000002384186 -3.78400015830994 -5.06799983978271
