L_variabilis/M_variables/Set2/bio6_.asc
NCOLS 96 
NROWS 289 
XLLCORNER -75.2083333333333 
YLLCORNER -49.9166666666667 
CELLSIZE 0.0416666666666667 
NODATA_value -9999 
[rows 198 to 219 of 289, columns 0 to 50 of 96]
-9999 -9999 -9999 -9999 -9999 -9999 -9999 -9999 1.68333339691162 1.54999995231628 1.16666662693024 0.0799999982118607 0.184000000357628 -0.315999984741211 0.419999986886978 1.10000002384186 1.01600003242493 0.403999984264374 0.948000013828278 -0.156000003218651 -0.907999992370605 -0.185000002384186 -0.0949999988079071 -0.223809525370598 -0.0714285671710968 0.273684203624725 0.331578940153122 1.25 0.370833337306976 1.64999997615814 0.53125 0.161904767155647 0.214285716414452 0.4375 0.400000005960464 0.464000016450882 0.486666649580002 -9999 -1.06086957454681 -1.44799995422363 -0.0357142798602581 0.0900000035762787 -0.5545454621315 -1.7039999961853 -3.64400005340576 -3.5 -3.42799997329712 -3.48000001907349 -6.08799982070923 -6.17600011825562 -6.15199995040894
-9999 -9999 -9999 -9999 -9999 -9999 -9999 2.08181810379028 1.432000041008 0.995999991893768 1.33571422100067 1.38666665554047 1.17499995231628 1.05599999427795 0.0359999984502792 0.299999982118607 0.596000015735626 0.843999981880188 1.5625 -0.254166662693024 -1.07200002670288 -0.772000014781952 -0.995999991893768 -1.26400005817413 -0.692000031471252 -0.727999985218048 -0.449999988079071 1.22500002384186 1.52142858505249 1.39999997615814 -0.804000020027161 -0.740000009536743 -0.0833333283662796 1.26923072338104 -0.275000005960464 -0.757142841815948 0.5 1.13333332538605 -0.912000000476837 -1.05238091945648 -0.144444435834885 -1.12800002098083 -2.49200010299683 -1.3639999628067 -1.67200005054474 -2.22399997711182 -3.33599996566772 -4.63199996948242 -5.30800008773804 -2.48799991607666 -5.06400012969971
-9999 -9999 -9999 -9999 -9999 -9999 -9999 0.643478274345398 0.30799999833107 0.256000012159348 0.0600000023841858 1.19523811340332 0.0920000001788139 -0.404000014066696 -0.391999989748001 0.527999997138977 0.0400000028312206 0.592000007629395 -0.179999992251396 1.08823525905609 0.876470565795898 0.0428571403026581 -0.240909084677696 0.405263155698776 0.204999998211861 0.25 -0.144999995827675 1.21200001239777 1.61363637447357 1.41176474094391 1.00999999046326 0.259999990463257 -0.351999998092651 -0.944000005722046 -0.0291666686534882 0.677777767181396 -9999 -0.353846162557602 0.136363640427589 0.579999983310699 0.237500011920929 -1.62000000476837 -2.63599991798401 -2.67199993133545 -3.25200009346008 -4.12400007247925 -4.10400009155273 -2.24399995803833 -2.09200000762939 -3.09999990463257 -5.07999992370605
-9999 -9999 -9999 -9999 -9999 -9999 -9999 1.10000002384186 0.479166686534882 -3.57627860658738e-09 -0.208000004291534 0.379999995231628 -0.228000000119209 -0.0959999933838844 -0.232000008225441 -0.596000015735626 -0.0839999988675117 1.42400002479553 0.53600001335144 -0.879999995231628 0.532000005245209 0.247826084494591 -0.642857134342194 -0.860000014305115 -1.34399998188019 -1.27999997138977 -0.671999990940094 1.22399997711182 1.56000006198883 1.41052639484406 1.16666662693024 0.305000007152557 -0.88400000333786 -0.84799998998642 -1.067999958992 0.406666666269302 -9999 -0.759999990463257 -1.11249995231628 0.660000026226044 -1.03333330154419 -0.0799999982118607 -0.96399998664856 -1.42400002479553 -2.82800006866455 -3.37199997901917 -0.435999989509583 -0.811999976634979 -1.4559999704361 -3.12400007247925 -3.72000002861023
-9999 -9999 -9999 -9999 -9999 -9999 -9999 0.596000015735626 0.458333343267441 0.18800000846386 -0.379999995231628 -0.0119999963790178 0.287999987602234 -0.328000009059906 -0.428000003099442 0.0440000034868717 0.0640000104904175 -0.136000007390976 1.80400002002716 -0.0520000010728836 1.04799997806549 0.104000017046928 -0.519999980926514 -0.560000002384186 -0.544000029563904 -0.65200001001358 0.184000000357628 1.46800005435944 1.59600007534027 0.631999969482422 0.474999994039536 1.37333333492279 0.699999988079071 0.291999995708466 0.391999989748001 0.899999976158142 1.54999995231628 1.02727270126343 0.828571438789368 -0.626315772533417 -1.90588235855103 -0.338888883590698 0.368000000715256 0.0400000102818012 -0.916000008583069 -1.81200003623962 -0.296000003814697 -3.49600005149841 -4.19999980926514 -3.25999999046326 -2.81200003623962
-9999 -9999 -9999 -9999 -9999 -9999 0.657894730567932 0.769999980926514 0.952000021934509 0.479999989271164 -0.19200000166893 0.416000008583069 1.03199994564056 1.25999999046326 -0.15599998831749 -0.88400000333786 -0.0760000050067902 0.356000006198883 1.432000041008 2.11199998855591 0.376000016927719 -1.08799993991852 -0.76800000667572 -0.579999983310699 0.587999999523163 1.13199996948242 1.50400006771088 1.33599996566772 1.08799993991852 0.540000021457672 0.488000005483627 -0.0800000056624413 1.05238091945648 0.95652174949646 1.07619047164917 -9999 -9999 0.428571432828903 -0.587500035762787 -2.90799999237061 -3.29200005531311 -1.62399995326996 -0.400000005960464 0.0240000020712614 0.184000000357628 0.34799998998642 0.291999995708466 -1.6599999666214 -1.2039999961853 -1.10800004005432 -3.59599995613098
-9999 -9999 -9999 -9999 -9999 -9999 1.25199997425079 0.948000013828278 0.351999998092651 -0.275999993085861 0.19200000166893 -0.096000000834465 0.335999995470047 1.00399994850159 1.44799995422363 -0.291999995708466 -0.407999992370605 0.147999987006187 1.59599995613098 2.39600014686584 1.48800003528595 0.664000034332275 1.25999999046326 1.62399995326996 0.53600001335144 -0.568000018596649 0.944000005722046 1.39999997615814 0.34400001168251 0.363999992609024 0.88400000333786 0.504000008106232 1.01600003242493 1.01304352283478 1.35714292526245 1.5 -2.06960582005422e-09 -1.21599996089935 -3.10800004005432 -3.65599989891052 -2.68799996376038 -0.979999959468842 -2.72000002861023 -2.41199994087219 -2.49199986457825 -0.89599996805191 0.356000006198883 -2.18799996376038 -1.28799998760223 -0.223999992012978 -0.148000001907349
-9999 -9999 -9999 -9999 -9999 -9999 1.11363637447357 1.23478257656097 0.680000007152557 -0.232000008225441 0.736000001430511 0.148000001907349 -0.123999997973442 0.312000006437302 1.15600001811981 1.89199995994568 0.755999982357025 -0.100000001490116 1.58399999141693 2.33599996566772 2.18799996376038 1.49199998378754 1.22399997711182 1.27600002288818 1.40799999237061 1.10800004005432 1.4559999704361 1.66000008583069 0.912000000476837 0.379999995231628 0.931999981403351 1.1599999666214 1.36842107772827 1.54999995231628 -9999 0.838461518287659 -0.783999979496002 -3.14800000190735 -3.71600008010864 -2.61199998855591 -1.34399998188019 -1.57599997520447 -2.84800004959106 -3.51200008392334 -2.03600001335144 -2.53200006484985 -0.931999981403351 -0.128000006079674 -2.35199999809265 -3.7039999961853 -1.12800002098083
-9999 -9999 -9999 -9999 -9999 -9999 1.57500004768372 1.42400002479553 0.800000011920929 0.667999982833862 1.10800004005432 1.48000001907349 -0.0159999988973141 1.12000000476837 0.0159999988973141 1.85599994659424 2.53200006484985 2.42400002479553 2.25999999046326 2.1159999370575 2.22000002861023 1.93599998950958 1.85599994659424 1.85599994659424 1.81199991703033 1.61600005626678 1.38800001144409 1.43599998950958 1.58000004291534 1.48399996757507 1.432000041008 1.63333332538605 1.82857143878937 -9999 1.54999995231628 0.136842101812363 -2.95600008964539 -2.67599987983704 -1.28400003910065 -2.35199999809265 -3.19199991226196 -3.74799990653992 -5.03999996185303 -3.28800010681152 -2.17199993133545 -1.8199999332428 -4.34800004959106 -2.59999990463257 -0.0279999896883965 -2.58400011062622 -2.15199995040894
-9999 -9999 -9999 -9999 -9999 -9999 2.23076915740967 1.69200003147125 1.39199995994568 1.27999997138977 1.20799994468689 1.89600002765656 1.92400002479553 1.23599994182587 1.42400002479553 1.24399995803833 2.18400001525879 2.10800004005432 1.69599997997284 1.28799998760223 1.66799998283386 1.99199998378754 0.98800003528595 0.568000018596649 0.791999995708466 1.76800000667572 1.24800002574921 1.30000007152557 1.51200008392334 1.27600002288818 1.63333332538605 1.79999995231628 -9999 -9999 -0.0500000007450581 -1.67999994754791 -0.300000011920929 -0.555999994277954 -2.54800009727478 -2.75200009346008 -3.21199989318848 -4.20800018310547 -6.77199983596802 -3.48799991607666 -3.11999988555908 -4.27600002288818 -5.13199996948242 -2.97199988365173 -0.439999997615814 -1.89199995994568 -3.73200011253357
-9999 -9999 -9999 -9999 -9999 -9999 1.96799993515015 1.60800004005432 1.01999998092651 1.48800003528595 1.0440000295639 0.995999991893768 1.50800001621246 2.09999990463257 1.94799995422363 1.52799999713898 1.49599993228912 1.7720000743866 2.30800008773804 1.77199995517731 0.791999995708466 1.84399998188019 1.76800000667572 1.19599997997284 1.37199997901917 1.7960000038147 1.7039999961853 1.21200001239777 1.48800003528595 1.59599995613098 1.81666660308838 1.84166669845581 -9999 1.03333330154419 -1.24166667461395 -3.24799990653992 -0.98800003528595 -1.39600002765656 -1.82799994945526 -4.54400014877319 -3.64400005340576 -6.84800004959106 -8.47200012207031 -9.39999961853027 -8.3120002746582 -8.16800022125244 -7.23600006103516 -3.51600003242493 -1.45200002193451 -3.44400000572205 -5.43200016021729
-9999 -9999 -9999 -9999 -9999 -9999 1.66400003433228 0.924000024795532 1.39600002765656 0.868000030517578 0.896000027656555 0.976000010967255 0.903999984264374 1.90400004386902 1.97200000286102 1.59599995613098 0.740000009536743 1.17200005054474 2.03999996185303 2.50799989700317 1.32799994945526 0.96399998664856 1.81200003623962 1.63199996948242 1.67999994754791 1.79199993610382 1.71600008010864 1.69600009918213 1.78400003910065 1.87000000476837 1.89999997615814 1.78750002384186 1.54210531711578 0.379999995231628 -2.29200005531311 -2.62800002098083 -3.32800006866455 -4.65999984741211 -4.21600008010864 -3.24399995803833 -4.22399997711182 -6.46799993515015 -10.003999710083 -12.003999710083 -14.4720001220703 -13.6280002593994 -10.0319995880127 -7.51599979400635 -3.16799998283386 -3.53600001335144 -5.35200023651123
-9999 -9999 -9999 -9999 -9999 -9999 1.9799998998642 1.2039999961853 0.708000004291534 1.3639999628067 0.787999987602234 0.828000009059906 1.01999998092651 1.65600001811981 1.98800003528595 1.41600000858307 1.54799997806549 1.28400003910065 1.43599998950958 2.09200000762939 2.01199984550476 1.64800000190735 1.77599990367889 1.89199995994568 1.87599992752075 1.7960000038147 1.79999995231628 1.76399993896484 1.92631578445435 -9999 -9999 -9999 0.747368395328522 -2.11199998855591 -2.56399989128113 -3.29999995231628 -4.44400024414062 -4.66800022125244 -4.78000020980835 -5.39599990844727 -6.39200019836426 -6.92000007629395 -8.08399963378906 -9.93599987030029 -12.1960000991821 -12.6000003814697 -7.88399982452393 -6.94799995422363 -3.78399991989136 -2.83200001716614 -5.15199995040894
-9999 -9999 -9999 -9999 -9999 -9999 2.21199989318848 1.67999994754791 1.58399999141693 1.96399998664856 1.5239999294281 1.72800004482269 1.93599998950958 2.12400007247925 2.17199993133545 1.87199997901917 1.86000001430511 1.71200001239777 1.99599993228912 1.95199990272522 2 2.05599999427795 2.0479998588562 1.932000041008 1.86000001430511 1.79199993610382 1.83599996566772 1.8199999332428 1.97142851352692 -9999 -9999 0.800000011920929 0.16666667163372 -1.53999996185303 -2.16400003433228 -2.64400005340576 -3.51600003242493 -4.09999990463257 -4.85599994659424 -5.59999990463257 -6.16800022125244 -6.48000001907349 -6.63600015640259 -8.29199981689453 -10.03600025177 -9.82800006866455 -5.61999988555908 -3.54800009727478 -3.05999994277954 -1.93999993801117 -4.96799993515015
-9999 -9999 -9999 -9999 -9999 -9999 2.2039999961853 2.04999995231628 1.72000002861023 1.39199995994568 1.7960000038147 2.07599997520447 1.52799999713898 1.67599999904633 2.27999997138977 1.96363639831543 2.0550000667572 2.15833330154419 1.46190476417542 1.2960000038147 1.33599996566772 1.827272772789 2.09200000762939 2.0239999294281 1.92799997329712 1.94400000572205 1.92799997329712 1.84399998188019 1.88800001144409 1.93333327770233 1.74000000953674 0.0952380895614624 -1.62399995326996 -1.89999997615814 -2.15199995040894 -3.24000000953674 -3.96799993515015 -4.46000003814697 -4.91200017929077 -5.37200021743774 -5.77600002288818 -6.14400005340576 -6.3439998626709 -6.96000003814697 -7.78800010681152 -8.7519998550415 -6.08799982070923 -4.12800025939941 -3.7279999256134 -0.995999991893768 -1.08399999141693
-9999 -9999 -9999 -9999 -9999 -9999 2.45000004768372 2.55999994277954 2.25 2.29999995231628 2.30588221549988 1.82400000095367 1.87199997901917 2.10400009155273 2.29999995231628 1.49411761760712 1.37083327770233 1.31818175315857 2.21000003814697 2.15000009536743 2.33333325386047 2.34999990463257 2.24166679382324 2.1399998664856 2.03200006484985 1.95200002193451 1.84799993038177 1.75199997425079 1.69599997997284 1.69200003147125 0.879999995231628 0.0159999951720238 0.0879999995231628 -0.128000006079674 -1.77999997138977 -2.8600001335144 -4.60799980163574 -5.43599987030029 -5.33200025558472 -5.44799995422363 -5.7039999961853 -6.16400003433228 -6.82399988174438 -7.59600019454956 -8.46000003814697 -9.26000022888184 -5.99200010299683 -3.04399991035461 -2.02800011634827 -4.66400003433228 -3.15199995040894
-9999 -9999 -9999 -9999 -9999 -9999 -9999 -9999 -9999 2.20000004768372 2.43333339691162 2.51999998092651 2.33684206008911 1.92916667461395 2.33571434020996 2.59999990463257 2.30000019073486 2.40000009536743 -9999 -9999 -9999 -9999 2.5 2.30714297294617 2.12800002098083 1.932000041008 1.76800000667572 1.69200003147125 1.62400007247925 1.57599997520447 0.335999995470047 -1.10800004005432 -1.29999995231628 -1.69999992847443 -2.3199999332428 -2.95600008964539 -4.28399991989136 -5.31599998474121 -5.5479998588562 -5.63199996948242 -5.83599996566772 -6.42799997329712 -7.39200019836426 -8.27600002288818 -8.35200023651123 -8.89599990844727 -8.21599960327148 -6.40799999237061 -5.59999990463257 -7.46799993515015 -5.46799993515015
-9999 -9999 -9999 -9999 -9999 -9999 -9999 -9999 -9999 -9999 -9999 -9999 2.40000009536743 2.43571424484253 2.44000005722046 2.29090905189514 1.80400002002716 2.127272605896 2.18666672706604 2.35555553436279 2.31428575515747 2.70000004768372 -9999 -9999 2.30714297294617 1.98399996757507 1.74399995803833 1.67599999904633 1.5440000295639 0.935999989509583 1.18400001525879 -0.38400000333786 -1.57200002670288 -2.15199995040894 -2.66799998283386 -3.49600005149841 -4.03599977493286 -4.61199998855591 -5.10400009155273 -5.48400020599365 -5.81199979782104 -6.30800008773804 -6.96000003814697 -8.29599952697754 -8.48799991607666 -9.04800033569336 -10.3159999847412 -9.34000015258789 -4.01599979400635 -5.10799980163574 -7.64800024032593
-9999 -9999 -9999 -9999 -9999 -9999 -9999 -9999 -9999 -9999 -9999 -9999 -9999 -9999 -9999 -9999 2.45714282989502 2.32999992370605 2.16000008583069 2.48000001907349 2.25999999046326 -9999 -9999 -9999 -9999 2.09999990463257 1.93599998950958 1.75199997425079 1.00399994850159 0.404000014066696 -0.068000003695488 -0.896000027656555 -1.3400000333786 -1.40799999237061 -1.91999995708466 -3.83999991416931 -4.78399991989136 -4.82000017166138 -5.26399993896484 -5.69199991226196 -5.98799991607666 -6.41599988937378 -7.06799983978271 -8.10799980163574 -8 -7.66800022125244 -7.51599979400635 -4.71199989318848 -2.3840000629425 -2.82800006866455 -6.42000007629395
-9999 -9999 -9999 -9999 -9999 -9999 -9999 -9999 -9999 -9999 -9999 -9999 -9999 -9999 2.94285726547241 3.03999996185303 -9999 -9999 -9999 -9999 -9999 -9999 -9999 -9999 -9999 -9999 2.28461527824402 1.80400002002716 -0.0590909123420715 -0.143478259444237 -0.0480000078678131 -0.11999998986721 0.272000014781952 -0.140000000596046 -0.780000030994415 -2.51999998092651 -4.23600006103516 -5.84000015258789 -6.33599996566772 -6.34000015258789 -6.36399984359741 -6.65999984741211 -7.3600001335144 -8.64799976348877 -8.77999973297119 -6.49599981307983 -5.48799991607666 -3.73199987411499 -4.50799989700317 -2.05999994277954 -2.9760000705719
-9999 -9999 -9999 -9999 -9999 -9999 -9999 -9999 -9999 -9999 -9999 -9999 -9999 -9999 -9999 -9999 -9999 -9999 -9999 -9999 -9999 -9999 -9999 -9999 -9999 -9999 2.29999995231628 2.1800000667572 1.79999995231628 1.37727272510529 0.776000022888184 0.920000016689301 0.172000005841255 -0.331999987363815 -1.08799993991852 -2.06800007820129 -4.23600006103516 -7.38000011444092 -8.0600004196167 -7.35599994659424 -6.73999977111816 -6.93599987030029 -7.89599990844727 -8.92399978637695 -6.73999977111816 -4.61600017547607 -3.44400000572205 -2.33999991416931 -2.15199995040894 -2.2720000743866 -1.29200005531311
-9999 -9999 -9999 -9999 -9999 -9999 -9999 -9999 -9999 -9999 -9999 -9999 -9999 -9999 -9999 -9999 -9999 -9999 -9999 -9999 1.75 1.60000002384186 1.95000004768372 -9999 2.5 2.04444432258606 1.27999997138977 1.29999995231628 0.865217387676239 0.516000032424927 1.432000041008 -0.136000022292137 -1.42799997329712 -0.836000025272369 -2.2720000743866 -2.94799995422363 -3.89599990844727 -4.98400020599365 -8.57600021362305 -7.65999984741211 -6.98799991607666 -7.18400001525879 -7.48400020599365 -7.51599979400635 -5.2960000038147 -4.13199996948242 -3.05599999427795 -2.44000005722046 -4.7480001449585 -4.39200019836426 -2.79200005531311
