L_cantharoides/M_variables/Set1/bio10_.asc
NCOLS 77 
NROWS 145 
XLLCORNER -73.8333333333333 
YLLCORNER -42.1666666666667 
CELLSIZE 0.0416666666666666 
NODATA_value -9999 
[rows 88 to 109 of 145, columns 0 to 49 of 77]
-9999 -9999 -9999 -9999 -9999 -9999 -9999 -9999 -9999 -9999 -9999 -9999 -9999 -9999 -9999 -9999 -9999 14.4833326339722 15.3259992599487 15.6766672134399 15.6253337860107 15.7360000610352 15.6919994354248 15.6920003890991 15.510666847229 15.3973331451416 15.7906665802002 15.8066673278809 15.5513334274292 14.8120002746582 14.703332901001 14.8666667938232 14.1393337249756 15.3020000457764 16.0673332214355 15.9879999160767 15.1206665039062 13.239333152771 11.7340002059937 13.1680002212524 15.793999671936 15.8360004425049 15.0846662521362 14.8179998397827 15.7893333435059 14.0206670761108 12.8920001983643 12.2806663513184 11.4293327331543 13.3173332214355
-9999 -9999 -9999 -9999 -9999 -9999 -9999 -9999 -9999 -9999 -9999 -9999 -9999 -9999 -9999 -9999 -9999 -9999 14.3053331375122 14.7986669540405 14.9940004348755 15.246000289917 14.7306661605835 15.1826667785645 15.9079999923706 15.9460000991821 15.956000328064 15.8113327026367 15.4940004348755 15.3533334732056 15.2980003356934 15.2973337173462 15.1546669006348 14.8333330154419 13.9486665725708 13.4180002212524 15.1926670074463 15.8420000076294 13.6246662139893 12.3280000686646 14.2746667861938 15.4913330078125 14.4759998321533 14.1719999313354 14.5740003585815 14.3233337402344 13.046667098999 12.3366670608521 11.1346664428711 12.6793336868286
-9999 -9999 -9999 -9999 -9999 -9999 -9999 -9999 -9999 -9999 -9999 -9999 -9999 -9999 -9999 -9999 -9999 -9999 14.264666557312 13.8746662139893 14.2253332138062 14.5966663360596 13.6013336181641 14.1533336639404 15.6073331832886 15.6339998245239 15.7593336105347 15.8846664428711 15.8133335113525 15.6499996185303 15.4340000152588 14.9873332977295 14.3913335800171 14.0133333206177 12.75 12.3579998016357 12.1413326263428 13.8833332061768 15.7519998550415 15.779333114624 15.7919998168945 14.2906665802002 11.1366672515869 10.4913330078125 12.0859994888306 13.293999671936 13.673999786377 13.5086669921875 12.8353328704834 12.6806669235229
-9999 -9999 -9999 -9999 -9999 -9999 -9999 -9999 -9999 -9999 -9999 -9999 -9999 -9999 -9999 -9999 -9999 -9999 14.5620002746582 14.1026668548584 14.0246667861938 13.4499998092651 13.6199998855591 14.6459999084473 15.4986667633057 15.2360000610352 15.3193340301514 15.6726665496826 15.6420001983643 15.4879999160767 15.3813333511353 14.6280002593994 13.796667098999 13.1020002365112 12.2546663284302 12.1719999313354 12.1599998474121 12.1240005493164 12.1353330612183 13.3559999465942 13.716667175293 12.043999671936 9.92199993133545 7.62333345413208 10.7173328399658 12.5580005645752 13.5886669158936 12.9986667633057 12.7659997940063 13.5073328018188
-9999 -9999 -9999 -9999 -9999 -9999 -9999 -9999 -9999 -9999 -9999 -9999 -9999 -9999 -9999 -9999 -9999 -9999 -9999 13.970666885376 14.315333366394 13.5066661834717 14.1833333969116 15.3233327865601 15.6273336410522 15.0500001907349 15.3733329772949 15.5746669769287 15.4426670074463 15.4373331069946 15.3579998016357 15.1346664428711 14.3466663360596 13.6466665267944 13.525333404541 12.1659994125366 12.0513334274292 11.6226673126221 11.4293336868286 11.6586666107178 11.779333114624 11.8813333511353 10.2779998779297 10.4553327560425 11.8666667938232 12.8473329544067 12.5473337173462 12.0086669921875 11.2680006027222 11.9033336639404
-9999 -9999 -9999 -9999 -9999 -9999 -9999 -9999 -9999 -9999 -9999 -9999 -9999 -9999 -9999 -9999 -9999 -9999 -9999 14.7006664276123 14.6493330001831 15.0879993438721 15.4913330078125 15.6499996185303 15.5926666259766 15.4733333587646 15.4180002212524 15.5299997329712 15.4499998092651 15.3859996795654 15.3086671829224 14.953332901001 14.2506666183472 13.6359996795654 12.9653329849243 12.4026670455933 11.8653335571289 11.4126663208008 11.5433330535889 12.4399995803833 13.2720003128052 11.2093334197998 11.4953336715698 11.8406667709351 12.6613330841064 13.2560005187988 11.9006662368774 12.3059997558594 10.6746664047241 11.8126659393311
-9999 -9999 -9999 -9999 -9999 -9999 -9999 -9999 -9999 -9999 -9999 -9999 -9999 -9999 -9999 -9999 -9999 -9999 -9999 14.7113332748413 15.0780000686646 15.3246669769287 15.6546669006348 15.5393333435059 15.0726661682129 15.2880001068115 15.4060001373291 15.4759998321533 15.4373340606689 15.3753337860107 15.2366666793823 15.1933336257935 14.6706666946411 14.2880001068115 13.8286666870117 12.456000328064 11.767333984375 11.1700000762939 11.9633331298828 13.445333480835 12.7106666564941 11.28600025177 11.9393329620361 10.8206663131714 13.9739999771118 10.9713335037231 12.1879997253418 11.8186664581299 10.4633331298828 11.6300001144409
-9999 -9999 -9999 -9999 -9999 -9999 -9999 -9999 -9999 -9999 -9999 -9999 -9999 -9999 -9999 -9999 -9999 -9999 -9999 -9999 14.9366664886475 15.2360000610352 15.1973333358765 15.4826669692993 15.46399974823 15.4940004348755 15.4899997711182 15.478666305542 15.4433326721191 15.3446664810181 15.326000213623 15.5526666641235 15.7239999771118 15.9253330230713 15.9233331680298 15.8420000076294 13.6506671905518 11.5153331756592 12.9313335418701 15.0786666870117 13.4160003662109 12.3199996948242 11.434666633606 11.3660001754761 14.2639999389648 11.0539999008179 13.0373334884644 10.6686668395996 10.0033330917358 10.8140001296997
-9999 -9999 -9999 -9999 -9999 -9999 -9999 -9999 -9999 -9999 -9999 -9999 -9999 -9999 -9999 -9999 -9999 -9999 -9999 -9999 14.210000038147 14.9100008010864 15.5166664123535 15.6213340759277 15.5966663360596 15.5299997329712 15.3926668167114 15.3033332824707 15.2620000839233 15.3319997787476 15.481333732605 15.6800003051758 16.3460006713867 16.5366668701172 16.6280002593994 16.6633338928223 15.8673334121704 15.6566667556763 14.5593338012695 11.9426670074463 10.9766664505005 11.9873332977295 12.4833335876465 13.6606664657593 14.3053331375122 12.1433334350586 13.6266670227051 11.3273324966431 10.6046667098999 10.8359994888306
-9999 -9999 -9999 -9999 -9999 -9999 -9999 -9999 -9999 -9999 -9999 -9999 -9999 -9999 -9999 -9999 -9999 -9999 -9999 -9999 -9999 15.4219999313354 15.5666666030884 15.5780000686646 15.5520000457764 15.5246667861938 15.4233331680298 15.4413328170776 15.6693334579468 15.7533330917358 15.8526668548584 16.4766674041748 16.6126670837402 16.6719989776611 16.7239990234375 16.8106670379639 16.7813339233398 16.7173328399658 14.2993335723877 13.5633335113525 13.724666595459 15.7213335037231 15.8326663970947 16.1846675872803 14.9653329849243 14.4726667404175 11.0159997940063 10.0013332366943 10.2033338546753 10.1626663208008
-9999 -9999 -9999 -9999 -9999 -9999 -9999 -9999 -9999 -9999 -9999 -9999 -9999 -9999 -9999 -9999 -9999 -9999 -9999 -9999 -9999 15.5333337783813 15.5826663970947 15.5833339691162 15.57200050354 15.5559997558594 15.5033340454102 15.7133331298828 15.8979997634888 16.1539993286133 16.2886657714844 16.5886669158936 16.6486663818359 16.7126655578613 16.6940002441406 16.8526668548584 16.9093341827393 16.7560005187988 15.9980001449585 15.1833333969116 16.0053329467773 15.4466667175293 14.960000038147 16.5626659393311 15.242000579834 13.9359998703003 11.3373336791992 11.3293333053589 9.7093334197998 11.1713333129883
-9999 -9999 -9999 -9999 -9999 -9999 -9999 -9999 -9999 -9999 -9999 -9999 -9999 -9999 -9999 -9999 -9999 -9999 -9999 -9999 -9999 15.6033334732056 15.6339998245239 15.6566667556763 15.71399974823 15.6826667785645 15.7086658477783 15.768666267395 15.8306665420532 15.9986667633057 16.3740005493164 16.6193332672119 16.6866664886475 16.7479991912842 16.8133335113525 16.9026660919189 16.6940002441406 16.4513339996338 15.565333366394 16.2826671600342 15.2573337554932 16.3179988861084 16.7846660614014 17.1319999694824 14.2853336334229 11.3746662139893 12.5060005187988 12.2773332595825 11.0073337554932 10.7406663894653
-9999 -9999 -9999 -9999 -9999 -9999 -9999 -9999 -9999 -9999 -9999 -9999 -9999 -9999 -9999 -9999 -9999 -9999 -9999 -9999 -9999 -9999 15.7226667404175 15.7066669464111 15.6446666717529 15.6533336639404 15.5666666030884 15.5500001907349 15.5459995269775 15.691333770752 15.9180002212524 16.5113334655762 16.6106662750244 16.4953327178955 16.568000793457 16.6053333282471 16.8780002593994 16.9046669006348 16.1273326873779 16.2280006408691 16.1146659851074 15.1706666946411 14.3906660079956 16.6293334960938 16.3313331604004 15.7413330078125 14.28600025177 13.6866664886475 12.9559993743896 10.9280004501343
-9999 -9999 -9999 -9999 -9999 -9999 -9999 -9999 -9999 -9999 -9999 -9999 -9999 -9999 -9999 -9999 -9999 -9999 -9999 -9999 -9999 -9999 15.6526660919189 15.6146659851074 15.6040000915527 15.6233329772949 15.6300001144409 15.6000003814697 15.5386657714844 15.4946670532227 15.5380001068115 15.5960006713867 15.1106662750244 14.1546669006348 13.6546669006348 13.2306661605835 12.5973339080811 13.7320003509521 13.9073333740234 15.8953332901001 15.2620000839233 15.8719997406006 15.2673330307007 15.506667137146 15.1506671905518 13.7986669540405 11.4966659545898 12.6206665039062 13.1266660690308 13.5826663970947
-9999 -9999 -9999 -9999 -9999 -9999 -9999 -9999 -9999 -9999 -9999 -9999 -9999 -9999 -9999 -9999 -9999 -9999 -9999 -9999 -9999 -9999 15.5933332443237 15.6126661300659 15.6319999694824 15.6646661758423 15.673999786377 15.6633338928223 15.5646667480469 15.453332901001 15.2779998779297 15.0233335494995 14.6560001373291 14.1020002365112 13.2059993743896 12.2853336334229 12.5026664733887 12.1326665878296 14.1633338928223 14.4113330841064 13.493332862854 14.9153327941895 14.2446670532227 14.3559999465942 14.2340002059937 12.1260004043579 12.1626663208008 10.7906665802002 11.0626668930054 11.3559999465942
-9999 -9999 -9999 -9999 -9999 -9999 -9999 -9999 -9999 -9999 -9999 -9999 -9999 -9999 -9999 -9999 -9999 -9999 -9999 -9999 -9999 -9999 -9999 15.5906667709351 15.6560001373291 15.6806659698486 15.6679992675781 15.6619997024536 15.6306667327881 15.5566663742065 15.3713331222534 15.0480003356934 14.3640003204346 13.3733329772949 12.9013338088989 12.3906669616699 10.4966669082642 11.8186664581299 11.0120000839233 11.558666229248 13.3673334121704 14.3940000534058 13.3613338470459 14.0133333206177 14.6806659698486 12.5620002746582 11.2659997940063 11.7913331985474 10.9420003890991 10.441333770752
-9999 -9999 -9999 -9999 -9999 -9999 -9999 -9999 -9999 -9999 -9999 -9999 -9999 -9999 -9999 -9999 -9999 -9999 -9999 -9999 -9999 -9999 -9999 15.6093330383301 15.6626663208008 15.7013330459595 15.6946668624878 15.6906661987305 15.5920000076294 15.5006666183472 15.3206663131714 14.9926671981812 14.3653335571289 13.3906669616699 12.6339998245239 12.1826667785645 10.0926666259766 10.1966667175293 9.78066635131836 9.79133319854736 11.0713329315186 13.1693334579468 11.4260005950928 12.4213333129883 12.9133329391479 12.0966663360596 11.9086666107178 10.6686668395996 12.2486667633057 11.728666305542
-9999 -9999 -9999 -9999 -9999 -9999 -9999 -9999 -9999 -9999 -9999 -9999 -9999 -9999 -9999 -9999 -9999 -9999 -9999 -9999 -9999 -9999 -9999 15.5673332214355 15.6213331222534 15.6306667327881 15.6506662368774 15.6466665267944 15.5559997558594 15.4693336486816 15.3579998016357 15.1020002365112 14.6586666107178 13.9166660308838 13.2446670532227 12.6053333282471 12.0179996490479 10.478666305542 9.67133331298828 9.35000038146973 10.2919998168945 11.2259998321533 10.2373332977295 10.6506662368774 11.3120002746582 11.521333694458 11.5646667480469 10.8806667327881 11.6546669006348 12.9773330688477
-9999 -9999 -9999 -9999 -9999 -9999 -9999 -9999 -9999 -9999 -9999 -9999 -9999 -9999 -9999 -9999 -9999 -9999 -9999 -9999 -9999 -9999 -9999 -9999 15.6059999465942 15.6073331832886 15.6273326873779 15.5946664810181 15.5446662902832 15.5059995651245 15.4226665496826 15.2813329696655 15.0866670608521 14.453332901001 13.2133331298828 12.5046672821045 12.5053329467773 13.0006666183472 10.960000038147 10.0880002975464 9.28133296966553 8.75 10.4200000762939 11.5520000457764 11.6866664886475 11.1066665649414 10.8486671447754 11.1999998092651 12.2146663665771 13.5946664810181
-9999 -9999 -9999 -9999 -9999 -9999 -9999 -9999 -9999 -9999 -9999 -9999 -9999 -9999 -9999 -9999 -9999 -9999 -9999 -9999 -9999 -9999 -9999 -9999 15.489333152771 15.6006660461426 15.6426668167114 15.6066665649414 15.554666519165 15.493332862854 15.5413331985474 15.5746669769287 15.6193332672119 15.3386669158936 14.6180000305176 13.9866666793823 12.9126663208008 11.3859996795654 11.800666809082 11.8033332824707 10.0733327865601 9.01733303070068 11.6599998474121 13.1053333282471 11.8066663742065 12.0026664733887 10.6506671905518 10.1280002593994 10.9099998474121 13.4200000762939
-9999 -9999 -9999 -9999 -9999 -9999 -9999 -9999 -9999 -9999 -9999 -9999 -9999 -9999 -9999 -9999 -9999 -9999 -9999 -9999 -9999 -9999 -9999 -9999 -9999 15.521333694458 15.561333656311 15.5739994049072 15.6093330383301 15.7146663665771 15.9206666946411 16.0553340911865 16.21266746521 16.2493324279785 16.2399997711182 15.7853336334229 15.1646661758423 15.2273330688477 15.1893329620361 14.753999710083 14.1493330001831 13.9653329849243 14.1120004653931 13.1280002593994 13.2366666793823 11.5539999008179 10.7700004577637 10.9340000152588 12.061333656311 12.7146663665771
-9999 -9999 -9999 -9999 -9999 -9999 -9999 -9999 -9999 -9999 -9999 -9999 -9999 -9999 -9999 -9999 -9999 -9999 -9999 -9999 -9999 -9999 -9999 -9999 -9999 15.4906663894653 15.5266666412354 15.5300006866455 15.5266666412354 15.7813329696655 15.8466663360596 16.046667098999 16.1560001373291 16.1919994354248 16.2226657867432 16.0139999389648 15.6000003814697 13.2053337097168 12.0920000076294 12.5326662063599 14.1859998703003 13.5913333892822 13.5299997329712 11.8786668777466 11.9446668624878 10.5659999847412 10.7679996490479 10.3579998016357 11.793999671936 12.8893337249756
