L_cantharoides/M_variables/Set1/bio10_.asc
NCOLS 77 
NROWS 145 
XLLCORNER -73.8333333333333 
YLLCORNER -42.1666666666667 
CELLSIZE 0.0416666666666666 
NODATA_value -9999 
[rows 44 to 65 of 145, columns 0 to 49 of 77]
-9999 -9999 -9999 -9999 -9999 -9999 -9999 -9999 16.1411113739014 16.2606658935547 15.9573335647583 15.4099998474121 15.065333366394 16.2086658477783 15.4166669845581 14.4806671142578 13.9233331680298 14.5679998397827 14.8780002593994 15.4906663894653 16.0580005645752 16.8526668548584 16.8799991607666 17.0139999389648 17.1033325195312 16.4540004730225 15.934666633606 16.1893329620361 16.5179996490479 16.6399993896484 17.0353336334229 17.0433330535889 16.6166667938232 17.1700000762939 17.0246658325195 16.8773326873779 16.800666809082 16.7479991912842 16.7153339385986 16.681999206543 16.5806674957275 16.6193332672119 16.1753330230713 15.6359996795654 15.6726665496826 14.8859996795654 14.0326662063599 13.1833333969116 14.0266666412354 13.8140001296997
-9999 -9999 -9999 -9999 -9999 -9999 -9999 -9999 16.125 16.2693328857422 16.2853336334229 16.1253337860107 15.2346668243408 14.7613334655762 15.9113330841064 14.6493330001831 14.8486671447754 15.5046663284302 16.4233341217041 16.7506675720215 16.9220008850098 17.054666519165 16.9446659088135 16.8853340148926 17.0739994049072 17.1119995117188 17.0706672668457 16.9633331298828 16.5013332366943 16.6753330230713 16.9426670074463 17.0160007476807 16.953332901001 16.8500003814697 16.8519992828369 16.6813335418701 16.4553337097168 16.4133338928223 16.4060001373291 16.3946666717529 16.2773323059082 16.1173343658447 16.1173324584961 15.9739999771118 15.4580001831055 16.3806667327881 14.3280000686646 13.2346668243408 14.2846670150757 14.3326663970947
-9999 -9999 -9999 -9999 -9999 -9999 -9999 -9999 -9999 16.2006950378418 16.1326675415039 14.8240003585815 15.1986665725708 14.1933336257935 13.8953332901001 14.3393335342407 14.3506669998169 14.9306669235229 15.3886671066284 16.5086669921875 17.0126667022705 17.1706657409668 17.3106670379639 17.1140003204346 16.8993339538574 17.0779991149902 17.1153335571289 17.0666675567627 16.724666595459 16.0753326416016 16.3353328704834 15.9633331298828 16.21266746521 16.7526664733887 16.6960010528564 16.5613327026367 16.3733329772949 16.2486667633057 16.1280002593994 16.0659999847412 15.9553337097168 15.796667098999 15.5333337783813 15.2973337173462 14.5813331604004 15.482666015625 16.0406665802002 15.4973335266113 15.0406665802002 14.0199995040894
-9999 -9999 -9999 -9999 -9999 -9999 -9999 -9999 -9999 16.3561401367188 16.4759998321533 16.1773338317871 16.0633335113525 15.6800003051758 14.1059999465942 14.7866668701172 14.8553333282471 14.311333656311 14.4226665496826 15.5013332366943 16.5279998779297 17.0473327636719 17.2819995880127 16.9886665344238 16.5766658782959 16.8733329772949 17.041332244873 16.957332611084 16.9013328552246 16.716667175293 16.7973327636719 16.2320003509521 15.8240003585815 16.1046676635742 16.3833332061768 16.1720008850098 16.1580009460449 16.0166664123535 15.9686670303345 15.9180002212524 15.8199996948242 15.6546669006348 15.4260005950928 15.0733337402344 14.9906663894653 15.0659999847412 15.1499996185303 14.8293333053589 13.974666595459 13.5033330917358
-9999 -9999 -9999 -9999 -9999 -9999 -9999 -9999 -9999 16.4391670227051 16.5653324127197 16.4686660766602 16.216667175293 14.8893337249756 15.0806665420532 15.0066661834717 14.4940004348755 14.0453329086304 14.4406671524048 15.1160001754761 15.8926668167114 16.7299995422363 17.0446662902832 16.445333480835 16.3486671447754 16.6226673126221 16.8073329925537 16.9179992675781 16.9686660766602 16.8866672515869 16.7059993743896 16.0166664123535 15.5500001907349 15.5679998397827 15.8199996948242 15.9806661605835 16.0646667480469 15.9699993133545 15.8286666870117 15.6693334579468 15.4420003890991 15.4120006561279 15.4160003662109 15.1393337249756 14.8126668930054 14.8199996948242 14.6073331832886 14.2746667861938 13.8893337249756 13.5966663360596
-9999 -9999 -9999 -9999 -9999 -9999 -9999 -9999 -9999 16.1153335571289 16.2293338775635 16.4993343353271 16.1439990997314 15.4106664657593 14.6506662368774 14.7593336105347 13.6680002212524 13.550666809082 13.9133329391479 14.8386669158936 15.7626667022705 16.1353340148926 16.6140003204346 16.2760009765625 16.0813331604004 16.3246669769287 16.4979991912842 16.7320003509521 16.7353324890137 16.7433338165283 16.3966674804688 15.485333442688 16.0106678009033 16.1386661529541 16.1879997253418 16.058666229248 16.0179996490479 15.9379997253418 15.8013334274292 15.6286668777466 15.4186668395996 15.2106666564941 15.0726671218872 15.0026664733887 14.8873329162598 14.7466669082642 13.5573329925537 12.8506669998169 12.7966661453247 12.6313333511353
-9999 -9999 -9999 -9999 -9999 -9999 -9999 -9999 15.8604164123535 15.4546661376953 15.6160001754761 15.720666885376 15.0900001525879 15.0973329544067 15.6440000534058 14.2473335266113 14.0520000457764 14.5013332366943 13.8453330993652 14.2613334655762 15.4386672973633 15.7986669540405 16.2153339385986 15.956000328064 16.2046661376953 16.2846660614014 16.6126670837402 16.6786670684814 16.6940002441406 16.6166667938232 16.2259998321533 15.9180002212524 16.2066669464111 16.2186660766602 16.1153335571289 16.0259990692139 16.0366668701172 15.9513330459595 15.7466669082642 15.6079998016357 15.4326667785645 15.2673330307007 15.1593332290649 14.8520002365112 14.4739999771118 14.0753326416016 13.9406661987305 13.4793329238892 13.1606664657593 13.0133333206177
-9999 -9999 -9999 -9999 -9999 -9999 -9999 15.6148147583008 15.7566661834717 15.2513332366943 14.6540002822876 14.2066669464111 14.5746669769287 14.4333324432373 14.953332901001 15.2540006637573 15.0086669921875 13.960000038147 13.9026670455933 14.2720003128052 15.1566667556763 16.2046661376953 16.2093334197998 15.9073333740234 15.8073329925537 15.9840002059937 16.46266746521 16.7093334197998 16.5946674346924 16.5626659393311 16.4486656188965 16.3666667938232 16.3246669769287 16.257999420166 16.1520004272461 16.0419998168945 16.0073337554932 15.9186668395996 15.8000001907349 15.6793336868286 15.5339994430542 15.3706665039062 15.2106666564941 14.9533338546753 14.5006666183472 14.0959997177124 13.5780000686646 12.7466659545898 12.4133338928223 13.3506669998169
-9999 -9999 -9999 -9999 -9999 -9999 -9999 15.6833333969116 15.6820001602173 15.3486671447754 14.9886665344238 14.6586666107178 14.0113334655762 14.699333190918 15.3386669158936 14.82200050354 15.0640001296997 14.8706665039062 14.9626665115356 14.7293329238892 15.1146669387817 15.565333366394 16.5966663360596 16.4400005340576 16.3146667480469 16.4713325500488 16.2220001220703 16.4939994812012 16.5673332214355 16.4753341674805 16.3833332061768 16.3560009002686 16.2859992980957 16.1886672973633 16.0920009613037 16.0340003967285 15.9833335876465 15.9440002441406 15.7880001068115 15.6233329772949 15.4939994812012 15.3599996566772 15.1393337249756 14.9699993133545 14.7466669082642 14.4233331680298 14.1660003662109 13.6126670837402 13.8186664581299 12.6673336029053
-9999 -9999 -9999 -9999 -9999 -9999 -9999 15.5291662216187 15.8131942749023 15.6806669235229 15.289999961853 14.7320003509521 14.8806667327881 15.1166667938232 15.0686664581299 13.7186660766602 13.9886665344238 14.4293336868286 15.2446670532227 14.6199998855591 15.5093336105347 16.0480003356934 16.2646656036377 16.3973331451416 16.3446655273438 16.32200050354 16.2900009155273 16.2140007019043 16.1959991455078 16.2840003967285 16.2480010986328 16.2040004730225 16.1746673583984 16.1340007781982 16.0573329925537 15.9673328399658 15.8953332901001 15.8039999008179 15.6966667175293 15.6020002365112 15.4773330688477 15.4133338928223 15.2940006256104 15.184666633606 15.1273326873779 15.0766668319702 14.8986663818359 14.2866668701172 13.5033330917358 11.8926668167114
-9999 -9999 -9999 -9999 -9999 -9999 -9999 15.1802082061768 14.724666595459 14.6313333511353 15.4906663894653 14.9980001449585 13.8859996795654 14.4033336639404 15.4226665496826 14.9006662368774 15.1186666488647 14.8813333511353 15.0813331604004 15.691333770752 15.8739995956421 16.1399993896484 15.966667175293 16.4466667175293 16.9013328552246 16.8213329315186 16.538667678833 16.3913326263428 16.3333339691162 16.3020000457764 16.2426662445068 16.17799949646 16.1420001983643 16.1293334960938 16.0746669769287 16.0060005187988 15.9053325653076 15.8653326034546 15.8206663131714 15.6826667785645 15.5833330154419 15.5326662063599 15.3806667327881 15.4200000762939 15.3953332901001 15.4680004119873 15.3946666717529 14.8973331451416 14.2886667251587 13.6293334960938
-9999 -9999 -9999 -9999 -9999 -9999 -9999 15.3888893127441 14.1793336868286 15.0746669769287 14.707332611084 14.1086664199829 14.3813333511353 13.4953327178955 14.456000328064 13.0666666030884 13.6660003662109 13.8979997634888 13.5659999847412 14.7433338165283 16.0860004425049 15.728666305542 16.4860000610352 16.4313335418701 16.3466663360596 16.4606666564941 16.57200050354 16.4720001220703 16.3733329772949 16.4853343963623 16.3959999084473 16.3026657104492 16.1973342895508 16.1066665649414 16.0439987182617 16.021333694458 16.03733253479 16.058666229248 15.9899997711182 15.9053335189819 15.8559999465942 15.717999458313 15.6446666717529 15.6459999084473 15.7446670532227 15.7586669921875 15.7513332366943 15.5579996109009 15.0139999389648 14.8739995956421
-9999 -9999 -9999 -9999 -9999 -9999 -9999 15.3454542160034 14.3566665649414 14.3566665649414 13.2259998321533 13.1079998016357 14.0266666412354 13.1140003204346 13.050666809082 12.7019996643066 12.4946670532227 13.2846660614014 14.9106664657593 15.1440000534058 15.3866662979126 16.2266674041748 16.6499996185303 16.8013324737549 16.3013324737549 16.6720008850098 16.8526668548584 16.4513339996338 15.3766670227051 16.2693328857422 16.4133338928223 16.2253341674805 16.1613330841064 16.1206665039062 16.1166667938232 16.1246662139893 16.1426658630371 16.1446666717529 16.0733337402344 15.9293336868286 15.8159999847412 15.6293334960938 15.449333190918 15.326000213623 15.2706670761108 15.3806667327881 15.4066667556763 15.576000213623 15.4926671981812 15.0673332214355
-9999 -9999 -9999 -9999 -9999 -9999 -9999 15.6625003814697 14.9973335266113 13.6800003051758 13.1713333129883 12.7773332595825 12.7533330917358 12.5446662902832 12.8819999694824 12.7419996261597 12.7953338623047 13.0686664581299 13.8433332443237 13.9106664657593 14.3853330612183 15.4860000610352 16.716667175293 16.8439998626709 16.6746673583984 16.8186664581299 16.5860004425049 16.2766666412354 15.300666809082 15.3366670608521 16.1140003204346 16.1493339538574 16.1173324584961 16.224666595459 16.2360000610352 16.1800003051758 16.1326675415039 16.0866661071777 16.0033340454102 15.8913335800171 15.768666267395 15.6266670227051 15.3753328323364 15.1373329162598 14.8566665649414 14.188666343689 13.4306669235229 14.4233331680298 15.3886671066284 14.0066661834717
-9999 -9999 -9999 -9999 -9999 -9999 -9999 15.8999996185303 15.2293329238892 14.0126667022705 14.1346664428711 14.0906667709351 13.9700002670288 13.6540002822876 13.1613330841064 13.5580005645752 13.423999786377 13.4546670913696 13.6606664657593 13.9186668395996 15.2906665802002 16.4479999542236 16.8893337249756 16.8619995117188 16.7046661376953 16.8406658172607 16.5493335723877 15.9073333740234 14.6033334732056 14.5846662521362 15.7320003509521 15.9146671295166 15.8660001754761 16.195333480835 16.0960006713867 16.2006664276123 16.2719993591309 16.2706661224365 16.1480007171631 15.8553333282471 15.57200050354 15.4773330688477 15.3433332443237 14.9013328552246 14.3273334503174 13.6206665039062 13.1313333511353 13.3586664199829 15.0753335952759 14.7266674041748
-9999 -9999 -9999 -9999 -9999 -9999 -9999 -9999 15.4797096252441 15.25 14.485333442688 15.5153331756592 14.9166660308838 15.3186664581299 14.2679996490479 14.8433332443237 14.3280000686646 14.8686666488647 14.6866664886475 14.6026668548584 15.5386667251587 16.4966659545898 16.9093322753906 16.9780006408691 16.8680000305176 16.6606674194336 16.5046672821045 16.4179992675781 15.4286670684814 14.6599998474121 15.3779993057251 16.1526660919189 16.0133323669434 16.2060012817383 16.2679996490479 16.2239990234375 16.1146659851074 15.9726667404175 15.8333330154419 15.6960000991821 15.5946664810181 15.5559997558594 15.2546663284302 15.0553331375122 14.6359996795654 14.1006669998169 13.6833333969116 13.5193328857422 13.9379997253418 14.3719997406006
-9999 -9999 -9999 -9999 -9999 -9999 -9999 -9999 15.8366661071777 15.9473333358765 15.703332901001 16.1513328552246 16.1426658630371 15.5580005645752 15.2160005569458 15.6813335418701 15.1926670074463 15.6879997253418 15.5706663131714 15.9953336715698 16.1619987487793 16.3833332061768 16.5633335113525 16.9693336486816 16.5966663360596 16.0979995727539 16.1059989929199 16.3466663360596 15.9153327941895 14.9033336639404 15.0233335494995 16.0686664581299 16.2733345031738 16.3299999237061 16.2573337554932 16.2220001220703 16.0380001068115 15.8373336791992 15.7259998321533 15.6626663208008 15.5566663742065 15.510666847229 15.3979997634888 15.2706670761108 14.6513338088989 13.9886665344238 13.4173336029053 13.3313331604004 12.9966669082642 12.6806669235229
-9999 -9999 -9999 -9999 -9999 -9999 -9999 -9999 16.0407409667969 16.2733325958252 16.4086666107178 16.4226665496826 16.3753337860107 16.4599990844727 16.0233345031738 16.3326663970947 16.4966659545898 16.5279998779297 16.5166664123535 16.7320003509521 16.7779998779297 16.593334197998 16.6373329162598 16.8640003204346 16.8586673736572 16.6686668395996 16.3066673278809 16.1146659851074 16.0939998626709 15.8946666717529 15.728666305542 16.191333770752 16.2779998779297 16.21266746521 16.1479988098145 16.0639991760254 15.9993333816528 15.8946666717529 15.7959995269775 15.6999998092651 15.507999420166 15.3753337860107 15.2573337554932 15.2006664276123 15.0979995727539 14.7293329238892 13.5526666641235 12.7006664276123 11.8553333282471 9.74733352661133
-9999 -9999 -9999 -9999 -9999 -9999 -9999 -9999 -9999 16.321569442749 16.4646663665771 16.5966663360596 16.296667098999 16.050666809082 15.8613338470459 16.0693340301514 16.461332321167 16.757999420166 16.9073333740234 16.796667098999 16.8053340911865 16.7613334655762 16.6979999542236 16.6533336639404 16.7113342285156 16.6800003051758 16.3646659851074 16.1919994354248 16.2679996490479 16.2946662902832 16.2740001678467 16.2840003967285 16.234001159668 16.1319999694824 16.0846672058105 16.0626659393311 16.003999710083 15.8559999465942 15.6686668395996 15.4700002670288 15.3233337402344 15.1619997024536 14.8339996337891 14.3806667327881 14.3219995498657 14.4980001449585 13.8806667327881 12.8573331832886 11.3633327484131 9.77266693115234
-9999 -9999 -9999 -9999 -9999 -9999 -9999 -9999 -9999 16.4166660308838 16.4904766082764 16.3153343200684 16.2986679077148 16.246000289917 16.2526664733887 15.6306667327881 16.1353340148926 16.2526664733887 16.6546669006348 16.7600002288818 16.8120002746582 16.8146667480469 16.7560005187988 16.6753330230713 16.5946655273438 16.541332244873 16.4580001831055 16.3740005493164 16.3546657562256 16.4073333740234 16.0139999389648 15.9120006561279 16.0786666870117 16.0513343811035 15.9766664505005 15.9619998931885 15.8853330612183 15.71399974823 15.5780000686646 15.4200000762939 15.2620000839233 15.0033330917358 14.5086669921875 14.0533332824707 13.4506664276123 13.4860000610352 13.6053333282471 13.0666666030884 11.9580001831055 11.8979997634888
-9999 -9999 -9999 -9999 -9999 -9999 -9999 -9999 -9999 -9999 16.3199996948242 16.496000289917 16.6033325195312 16.6399993896484 16.4466667175293 15.7966661453247 16.0499992370605 16.0833339691162 16.5160007476807 16.4759998321533 16.5366668701172 16.6159992218018 16.5793323516846 16.6326675415039 16.542667388916 16.4206657409668 16.3400001525879 16.2946662902832 16.2986660003662 16.3266658782959 16.2593326568604 15.8979997634888 15.7933330535889 16.0146656036377 16.0753326416016 15.9873332977295 15.6926670074463 15.6666660308838 15.6279993057251 15.3660001754761 15.1286668777466 14.7573328018188 14.3426666259766 13.8459997177124 13.554666519165 13.2973337173462 13.293999671936 13.8633337020874 13.7153329849243 13.5319995880127
-9999 -9999 -9999 -9999 -9999 -9999 -9999 -9999 -9999 -9999 16.4722213745117 16.6066665649414 16.7886657714844 16.753999710083 16.5833339691162 16.4519996643066 16.1673336029053 16.0326671600342 16.3299999237061 16.5146675109863 16.4340000152588 16.5193328857422 16.4766674041748 16.474666595459 16.4440002441406 16.406665802002 16.3233337402344 16.2660007476807 16.2906665802002 16.2953338623047 16.2846660614014 16.232666015625 16.1893329620361 16.1673336029053 16.1333332061768 16.0533332824707 15.9473333358765 15.7059993743896 15.5880002975464 15.470666885376 15.1346664428711 14.3953332901001 14.2506666183472 14.0500001907349 13.2586660385132 13.1859998703003 14.5526666641235 15.6339998245239 15.8579998016357 15.9300003051758
