L_cantharoides/M_variables/Set1/bio10_.asc
NCOLS 77 
NROWS 145 
XLLCORNER -73.8333333333333 
YLLCORNER -42.1666666666667 
CELLSIZE 0.0416666666666666 
NODATA_value -9999 
[rows 22 to 43 of 145, columns 0 to 49 of 77]
-9999 -9999 -9999 -9999 -9999 -9999 -9999 -9999 -9999 -9999 -9999 -9999 -9999 -9999 -9999 -9999 16.4130954742432 15.6180000305176 15.6506662368774 15.7626667022705 16.8819999694824 16.8540000915527 16.8013343811035 17 16.7866668701172 16.9546661376953 17.0286674499512 17.304666519165 17.5559997558594 18.0406665802002 18.304666519165 18.4186668395996 18.4053325653076 18.3986663818359 18.470666885376 18.4759998321533 18.4540004730225 18.4526672363281 18.458667755127 18.4613342285156 18.4273338317871 18.3460006713867 18.1873321533203 17.9686660766602 17.7293338775635 17.4580001831055 17.1793327331543 16.7953338623047 16.3766670227051 15.8786668777466
-9999 -9999 -9999 -9999 -9999 -9999 -9999 -9999 -9999 -9999 -9999 -9999 -9999 -9999 -9999 16.533332824707 16.2659091949463 15.4393339157104 14.7186660766602 15.2453336715698 17.0453338623047 17.1300010681152 16.8293342590332 16.7193336486816 16.7360000610352 17.1359996795654 17.2480010986328 17.4686660766602 17.7453327178955 18.191333770752 18.3893337249756 18.5086669921875 18.4733333587646 18.4446659088135 18.4333324432373 18.4126663208008 18.4073333740234 18.4366664886475 18.423999786377 18.4479999542236 18.511999130249 18.3933334350586 18.2013339996338 18.0073337554932 17.8000011444092 17.5639991760254 17.2973327636719 16.9060001373291 16.5746669769287 16.1840000152588
-9999 -9999 -9999 -9999 -9999 -9999 15.8166666030884 -9999 -9999 -9999 -9999 -9999 -9999 -9999 -9999 16.4145832061768 15.7773332595825 14.533332824707 14.8946666717529 15.3826665878296 16.8366661071777 17.3566665649414 17.0826663970947 16.699333190918 16.7233333587646 17.3293323516846 17.4733333587646 17.5066661834717 17.6013336181641 18.2053337097168 18.4246673583984 18.3980007171631 18.4379997253418 18.4126663208008 18.457332611084 18.5073337554932 18.492000579834 18.4986667633057 18.5060005187988 18.5026664733887 18.5399990081787 18.4753341674805 18.3380012512207 18.1046657562256 17.8859996795654 17.6113338470459 17.2993335723877 17.0260009765625 16.3059997558594 15.5013332366943
-9999 -9999 -9999 -9999 -9999 15.2250003814697 15.786904335022 -9999 -9999 -9999 -9999 -9999 -9999 -9999 16.7555561065674 16.5797100067139 15.445333480835 14.3619995117188 14.4759998321533 15.5046663284302 16.8693332672119 17.1346664428711 17.1426658630371 17.2733325958252 17.5786666870117 17.5200004577637 17.6919994354248 17.5746669769287 17.9966659545898 18.3626670837402 18.2613334655762 18.3926658630371 18.4893341064453 18.4766674041748 18.5726661682129 18.6000003814697 18.550666809082 18.550666809082 18.5753326416016 18.5779991149902 18.6333332061768 18.5786666870117 18.5113334655762 18.271333694458 18.0533332824707 17.8239994049072 17.5499992370605 16.9213333129883 15.9906673431396 14.8313331604004
-9999 -9999 -9999 -9999 15.0049018859863 14.8726663589478 15.7553339004517 16.3033332824707 16.4750003814697 16.4222221374512 16.5166664123535 16.656665802002 16.713888168335 16.7864589691162 16.8246669769287 16.1560001373291 14.8780002593994 15.2399997711182 15.5059995651245 15.9146671295166 16.2866668701172 16.5100002288818 16.431999206543 16.992000579834 17.538667678833 17.5879993438721 17.695333480835 17.9613342285156 18.3400001525879 18.4006671905518 18.5346660614014 18.6013336181641 18.6240005493164 18.6073341369629 18.6366672515869 18.6100006103516 18.5559997558594 18.4913330078125 18.4086666107178 18.3746662139893 18.445333480835 18.5559997558594 18.542667388916 18.3833332061768 18.1240005493164 17.9379997253418 17.6906661987305 16.9426670074463 16.2000007629395 15.4300003051758
-9999 -9999 -9999 -9999 15.2030296325684 14.78600025177 15.216667175293 15.6233329772949 16.2360000610352 16.3125 16.2313327789307 16.3880004882812 16.541332244873 16.7080001831055 16.6186656951904 16.1213340759277 15.5686664581299 14.5939998626709 15.4966669082642 15.1186676025391 15.568000793457 16.4813327789307 16.9400005340576 17.2066669464111 17.6040000915527 17.541332244873 18.1213340759277 18.3700008392334 18.4326667785645 18.3273334503174 18.4080009460449 18.4860000610352 18.5340003967285 18.5906677246094 18.6259994506836 18.6746673583984 18.6073341369629 18.4479999542236 18.3366661071777 18.3233337402344 18.3460006713867 18.3826656341553 18.3573341369629 18.3280010223389 18.1526660919189 17.8346672058105 17.3080005645752 16.8693332672119 16.6773338317871 16.0639991760254
-9999 -9999 -9999 15.4833335876465 14.8724632263184 14.8493337631226 15.1319999694824 15.5646667480469 16.1326656341553 16.2413330078125 16.1506671905518 16.3446674346924 16.5066661834717 16.5533332824707 16.0773334503174 15.3706674575806 14.4446668624878 13.1619997024536 14.1359996795654 14.529333114624 15.1473331451416 16.6113338470459 16.6513328552246 17.2320003509521 17.5359992980957 17.7533340454102 18.1013336181641 18.3126659393311 18.4080009460449 18.3966674804688 18.3873329162598 18.3400001525879 18.5493335723877 18.6206665039062 18.656665802002 18.6800003051758 18.5726661682129 18.525333404541 18.4066677093506 18.3439998626709 18.3306674957275 18.2806663513184 18.1573333740234 18.0786666870117 18.0153331756592 17.6399993896484 16.9419994354248 16.9260005950928 17.1526660919189 17.1713333129883
-9999 -9999 -9999 15.4166669845581 15.372727394104 15.7200002670288 15.3833332061768 15.4006662368774 15.688666343689 16.0346660614014 15.9893341064453 16.0266666412354 16.2280006408691 16.1253337860107 15.456000328064 14.4300003051758 13.3079996109009 13.5346670150757 14.0026664733887 14.470666885376 14.8306674957275 16.6653327941895 16.9773330688477 17.3673324584961 17.3339996337891 17.6133327484131 17.9513339996338 18.2933330535889 18.3979988098145 18.2980003356934 18.4160003662109 18.5626659393311 18.7786674499512 18.7779998779297 18.7313327789307 18.7226676940918 18.6786670684814 18.6153335571289 18.4753341674805 18.3833332061768 18.279333114624 18.1226673126221 17.9459991455078 17.7740001678467 17.6539993286133 17.406665802002 17.3299999237061 17.1800003051758 16.7586669921875 16.5559997558594
-9999 -9999 -9999 15.6833333969116 15.9333333969116 15.7591667175293 15.7066669464111 15.7366666793823 15.4953327178955 15.6640005111694 15.7806663513184 15.9093332290649 16.0026664733887 15.6926670074463 15.525333404541 15.3159999847412 15.0126667022705 15.3766670227051 15.4473333358765 15.3133335113525 16.0453338623047 16.525333404541 16.5993328094482 17.2019996643066 17.7233333587646 17.7886657714844 17.3693332672119 18.0459995269775 18.4506664276123 18.5620002746582 18.6346664428711 18.7280006408691 18.8213329315186 18.9113330841064 18.8866672515869 18.8239994049072 18.7486667633057 18.6653327941895 18.5186672210693 18.4013328552246 18.2773323059082 18.1106662750244 17.9606666564941 17.8239994049072 17.6766662597656 17.4813327789307 17.2520008087158 16.6746673583984 16.2053337097168 15.9433336257935
-9999 -9999 -9999 -9999 -9999 15.7981481552124 15.96266746521 15.9200000762939 15.4200000762939 15.5359992980957 15.7306661605835 15.7980003356934 15.6459999084473 15.1146659851074 14.5866661071777 15.7186670303345 15.042667388916 14.8459997177124 14.8846664428711 14.5893335342407 14.5980005264282 15.2993335723877 16.1846656799316 17.181999206543 17.7320003509521 17.931999206543 17.0273342132568 18.0639991760254 18.234001159668 18.5459995269775 18.6219997406006 18.6499996185303 18.7466659545898 18.8773326873779 18.9440002441406 18.9386672973633 18.8746662139893 18.6660003662109 18.466667175293 18.3573341369629 18.2446670532227 18.0853328704834 17.8460006713867 17.7306671142578 17.6879997253418 17.521333694458 17.1053333282471 16.6879997253418 16.3600006103516 15.7700004577637
-9999 -9999 -9999 -9999 -9999 15.6222219467163 15.5473337173462 15.5 15.3819999694824 15.5513334274292 15.5826663970947 15.6353330612183 15.5019998550415 14.8293333053589 14.1180000305176 15.1520004272461 15.203332901001 14.4893341064453 14.1000003814697 13.8573331832886 14.1346664428711 15.1413335800171 15.6746664047241 17.0026664733887 17.4906673431396 17.2626667022705 17.4739990234375 18.2560005187988 18.3519992828369 18.4806671142578 18.6380004882812 18.6473331451416 18.7106666564941 18.826000213623 18.931999206543 18.9973335266113 18.9133338928223 18.7266674041748 18.5566673278809 18.4433326721191 18.296667098999 18.2000007629395 18.1253337860107 17.9233341217041 17.7653331756592 17.3406677246094 16.8653335571289 16.6573333740234 16.6093330383301 15.7413330078125
-9999 -9999 -9999 -9999 -9999 15.774073600769 15.5999994277954 15.3286666870117 15.4913330078125 15.6073341369629 15.3653335571289 15.2846660614014 15.0959997177124 14.539999961853 14.3380002975464 13.8453330993652 14.8400001525879 13.2873334884644 13.3286666870117 13.5093336105347 13.6260004043579 14.1773328781128 15.1280002593994 16.7446670532227 17.6506671905518 17.4933338165283 16.57200050354 18.2006664276123 18.6326675415039 18.6686668395996 18.6560001373291 18.6319999694824 18.7213325500488 18.8273334503174 18.9193325042725 18.92799949646 18.8926677703857 18.779333114624 18.6346664428711 18.5153331756592 18.3920001983643 18.2886657714844 18.0820007324219 17.9433326721191 17.8439998626709 17.57200050354 17.0326671600342 17.1773338317871 16.5679988861084 15.8386669158936
-9999 -9999 -9999 -9999 15.4145832061768 15.2833337783813 15.5986671447754 15.6053333282471 15.5340003967285 15.7800006866455 15.5866670608521 15.3406667709351 14.8033332824707 13.9473333358765 12.8546667098999 12.9020004272461 14.1606664657593 13.9840002059937 13.0513334274292 12.9506664276123 13.7946662902832 14.5886669158936 15.731333732605 16.6186656951904 16.6673336029053 16.5779991149902 16.9686660766602 17.5279998779297 18.3899993896484 18.5893325805664 18.7466659545898 18.8146667480469 18.8780002593994 18.9186668395996 18.9686660766602 18.953332901001 18.8853340148926 18.8033332824707 18.7000007629395 18.5793323516846 18.4946670532227 18.3920001983643 18.2253341674805 18.025333404541 17.5726661682129 17.1586666107178 17.0453338623047 16.7426662445068 16.1459999084473 15.1793336868286
-9999 -9999 -9999 15.4500007629395 15.5763158798218 15.4306669235229 15.92799949646 16.0340003967285 15.7106666564941 15.6393337249756 15.6013336181641 15.1586666107178 14.7346668243408 14.0926666259766 14.1079998016357 12.970666885376 13.1153335571289 13.21399974823 12.4219999313354 12.8053331375122 13.1560001373291 14.6073331832886 15.8479995727539 16.4473323822021 16.5853328704834 15.7600002288818 16.736665725708 17.5100002288818 18.2000007629395 18.5193328857422 18.6233329772949 18.6626663208008 18.7760009765625 18.8559989929199 18.7913341522217 18.6326675415039 18.826000213623 18.7566661834717 18.6300010681152 18.5953330993652 18.517333984375 18.3320007324219 17.9599990844727 17.4699993133545 17.3546657562256 17.0233325958252 16.8273334503174 16.5139999389648 16.038667678833 15.5753335952759
-9999 -9999 -9999 15.716667175293 15.2388887405396 15.2533330917358 15.3973331451416 15.6293334960938 15.489333152771 15.6393337249756 15.6053333282471 14.9739999771118 14.6300001144409 13.9580001831055 13.2546663284302 11.9946670532227 12.0206661224365 12.1113328933716 11.8226661682129 12.6333332061768 13.550666809082 15.0200004577637 15.6879997253418 15.8660001754761 16.0866661071777 15.6786661148071 16.4613342285156 16.9653339385986 18.2099990844727 18.3913326263428 18.4946670532227 18.6013336181641 18.6706657409668 18.7266654968262 18.804666519165 18.8293342590332 18.7999992370605 18.5599994659424 18.521333694458 18.5826663970947 18.5639991760254 18.5093326568604 18.2733325958252 17.5340003967285 17.0179996490479 17.2533340454102 17.2726669311523 17.2806663513184 16.7906665802002 16.9086666107178
-9999 -9999 -9999 -9999 15.548957824707 15.5106658935547 15.2706670761108 15.3526668548584 15.5966663360596 15.8080005645752 15.7926664352417 15.5493335723877 14.783332824707 14.4326667785645 13.3739995956421 11.9446668624878 11.3126668930054 10.923999786377 12.0693340301514 13.173999786377 14.2726669311523 14.5520000457764 13.720666885376 14.3753337860107 15.3733329772949 14.8986663818359 15.5900001525879 15.6866664886475 17.9466667175293 18.3313331604004 18.4013328552246 18.4833335876465 18.6166667938232 18.5599994659424 18.7133331298828 18.6386661529541 18.5580005645752 18.5893325805664 18.4226665496826 18.3366661071777 18.2666664123535 18.1520004272461 17.8693332672119 17.8700008392334 17.9133338928223 18.0086669921875 17.8493328094482 17.6933326721191 17.4286670684814 17.2306671142578
-9999 -9999 -9999 -9999 15.8807697296143 15.8733329772949 15.5173330307007 15.5626668930054 15.7239999771118 15.9753332138062 16.0346660614014 15.224666595459 14.4806661605835 14.4519996643066 12.8593330383301 12.477334022522 12.2019996643066 11.6526660919189 12.3686666488647 12.0480003356934 11.8753328323364 12.3786668777466 12.6073331832886 13.6433334350586 14.260666847229 13.6673336029053 15.6893339157104 16.4179992675781 17.8500003814697 18.2606658935547 18.3239994049072 18.2533340454102 18.4099998474121 18.2639999389648 18.2840003967285 18.3173332214355 18.283332824707 18.4220008850098 18.5013332366943 18.3513336181641 18.2006664276123 17.9899997711182 17.7133331298828 17.4406661987305 17.3273334503174 17.4633331298828 17.71266746521 17.7106666564941 17.7153339385986 17.3546676635742
-9999 -9999 -9999 -9999 -9999 16.0617656707764 15.9606666564941 15.8900003433228 16 16.0653343200684 16.275333404541 15.7066669464111 14.8466663360596 13.6213331222534 13.2253332138062 14.1459999084473 13.565333366394 12.53600025177 11.2533330917358 10.8439998626709 11.5953330993652 12.6940002441406 13.1126670837402 13.2486667633057 13.6833333969116 14.4553337097168 16.9366664886475 18.0226669311523 18.0593338012695 18.1860008239746 18.2353343963623 18.2593326568604 18.0713329315186 18.0646667480469 17.9726676940918 17.9893341064453 17.9759998321533 17.9939994812012 18.1560001373291 18.2700004577637 18.0753326416016 17.7560005187988 17.4266662597656 17.3819999694824 16.945333480835 16.9033336639404 17.1159992218018 17.1366672515869 17.0960006713867 17.2773323059082
-9999 -9999 -9999 -9999 -9999 16.0833339691162 16.1446971893311 16.1319999694824 16.2466659545898 16.271333694458 16.3626670837402 16.3080005645752 15.7519998550415 15.7199993133545 15.2366666793823 14.0906667709351 13.293999671936 12.216667175293 11.1433334350586 10.6273336410522 11.2266664505005 12.25 13.3753328323364 13.9333333969116 14.1326665878296 15.5986671447754 17.3806667327881 18.0113334655762 18.0853328704834 17.9979991912842 18.0380001068115 18.1653327941895 17.8286666870117 18.0300006866455 17.8726673126221 17.8373336791992 17.6719989776611 17.6706657409668 17.720666885376 17.9046669006348 17.6926670074463 17.4160003662109 17.0939998626709 16.9526672363281 16.6106662750244 16.1726665496826 16.1100006103516 16.2193336486816 15.9886665344238 15.8520002365112
-9999 -9999 -9999 -9999 -9999 -9999 16.2374992370605 16.2806663513184 16.2693328857422 16.3613338470459 16.3093338012695 15.6020002365112 15.0033340454102 14.7186670303345 13.8199996948242 13.2766666412354 13.2886667251587 12.7933330535889 11.5806665420532 12.6180000305176 12.6093330383301 12.6933336257935 13.2706661224365 13.6506671905518 14.4033336639404 15.8459997177124 17.0246658325195 17.771333694458 17.9553337097168 17.7173328399658 17.7900009155273 17.6473331451416 17.4773330688477 17.6766662597656 17.8460006713867 17.7306671142578 17.5413341522217 17.3866672515869 17.2999992370605 17.5206661224365 17.5046672821045 17.0726661682129 16.7959995269775 16.5053329467773 16.2066669464111 15.5593328475952 15.2426671981812 14.716667175293 14.2600002288818 14.7213335037231
-9999 -9999 -9999 -9999 -9999 -9999 -9999 16.1489582061768 16.1886672973633 16.3926658630371 16.5406665802002 16.4606666564941 16.2466659545898 15.0920000076294 14.4333333969116 13.8179998397827 12.7700004577637 13.2453336715698 13.8413333892822 14.6700000762939 14.3800001144409 14.033332824707 15.5326671600342 16.042667388916 16.5279998779297 16.9006671905518 17.0886669158936 17.6399993896484 17.804666519165 17.8186664581299 17.7786674499512 17.5380001068115 17.4186668395996 17.3339996337891 17.3653335571289 17.4153327941895 17.4139995574951 17.3633327484131 17.3426666259766 17.046667098999 16.9373340606689 16.9813327789307 16.7706661224365 16.2633323669434 15.7306661605835 15.5139999389648 15.2526664733887 13.8833332061768 13.6726665496826 13.481333732605
-9999 -9999 -9999 -9999 -9999 -9999 -9999 16.158332824707 16.1753330230713 16.3386669158936 15.9419994354248 15.007999420166 16.2213325500488 16.5699996948242 15.9513339996338 14.438666343689 13.6219997406006 13.6300001144409 14.8159999847412 14.5846672058105 14.514666557312 14.8380002975464 15.9399995803833 15.9120006561279 16.4713325500488 16.5739994049072 16.8286666870117 17.0260009765625 17.0419998168945 17.2320003509521 17.5446662902832 17.1933326721191 17.2546672821045 17.2553329467773 17.1660003662109 17.0873336791992 17.1000003814697 17.0206661224365 16.9653339385986 16.9379997253418 16.8206672668457 16.6406669616699 16.7186660766602 16.1580009460449 15.6919994354248 15.0833330154419 14.8079996109009 14.5999994277954 14.1326665878296 13.6546669006348
