L_cantharoides/M_variables/Set1/bio10_.asc
NCOLS 77 
NROWS 145 
XLLCORNER -73.8333333333333 
YLLCORNER -42.1666666666667 
CELLSIZE 0.0416666666666666 
NODATA_value -9999 
[rows 66 to 87 of 145, columns 0 to 49 of 77]
-9999 -9999 -9999 -9999 -9999 -9999 -9999 -9999 -9999 -9999 -9999 16.4315795898438 16.6399993896484 16.6893329620361 16.4186668395996 16.1666660308838 15.3519992828369 14.9773330688477 15.3893337249756 15.7660007476807 15.9026670455933 16.3859996795654 16.3873329162598 16.3333339691162 16.3033332824707 16.2299995422363 16.1613330841064 16.1493339538574 16.156665802002 16.1866664886475 16.0359992980957 15.7340002059937 16.1059989929199 16.0639991760254 15.9433336257935 15.8159999847412 15.7173328399658 15.7173328399658 15.7006664276123 15.3819999694824 15.2673330307007 15.1960000991821 14.9860000610352 14.4259996414185 14.8993339538574 15.4673328399658 15.7306661605835 14.4066667556763 14.496000289917 14.9680004119873
-9999 -9999 -9999 -9999 -9999 -9999 -9999 -9999 -9999 -9999 -9999 16.2214279174805 16.4020004272461 16.4546661376953 16.0300006866455 15.5173330307007 15.289999961853 16.0486660003662 15.8993339538574 15.7293329238892 16.2426662445068 16.3253326416016 16.3026657104492 16.283332824707 16.2293338775635 16.1806659698486 16.1353340148926 16.1046676635742 16.1046676635742 16.1019992828369 15.9940004348755 15.695333480835 15.974666595459 15.9973335266113 15.8680000305176 15.7213325500488 15.5373334884644 15.4446668624878 15.4646663665771 15.6866664886475 15.753999710083 15.7633333206177 15.717999458313 15.6826667785645 15.6206665039062 15.6680002212524 14.3899993896484 13.8426666259766 13.6653327941895 13.1386671066284
-9999 -9999 -9999 -9999 -9999 -9999 -9999 -9999 -9999 -9999 -9999 -9999 16.2061405181885 16.2273330688477 16.1866664886475 16.050666809082 16.0433330535889 16.3206672668457 16.32200050354 16.1353340148926 16.3413333892822 16.3473320007324 16.3246669769287 16.2900009155273 16.25 16.2560005187988 16.2433338165283 16.2153339385986 16.1879997253418 16.1919994354248 16.1206665039062 16.029333114624 16.0020008087158 16.0100002288818 15.9359998703003 15.7773332595825 15.6053333282471 15.6173334121704 15.684666633606 15.5993337631226 15.4546670913696 15.6160001754761 15.6619997024536 15.6286668777466 15.0313339233398 13.1833333969116 12.5113334655762 12.7486667633057 12.699333190918 12.3519992828369
-9999 -9999 -9999 -9999 -9999 -9999 -9999 -9999 -9999 -9999 -9999 -9999 16.2700004577637 16.3159999847412 16.1940002441406 15.9186668395996 16.1893329620361 16.4173336029053 16.406665802002 15.7506666183472 16.257999420166 16.3673324584961 16.3640003204346 16.3413333892822 16.3379993438721 16.2859992980957 16.1726665496826 16.093334197998 16.0613327026367 16.0706672668457 15.8613338470459 16.046667098999 16.0046653747559 15.8946666717529 15.7933330535889 15.691333770752 15.7893333435059 15.8433332443237 15.7919998168945 15.5246658325195 15.1973333358765 15.2200002670288 15.4566669464111 15.3213329315186 14.3966665267944 13.3680000305176 12.8920001983643 13.1933326721191 13.6446666717529 12.6753330230713
-9999 -9999 -9999 -9999 -9999 -9999 -9999 -9999 -9999 -9999 -9999 -9999 16.25 16.2437496185303 16.3213329315186 16.3980007171631 16.4113330841064 16.1606674194336 16.1226673126221 15.4086666107178 16.07200050354 16.2526664733887 16.2626667022705 16.1940002441406 16.1000003814697 15.771333694458 15.2173328399658 16.0353336334229 15.8559999465942 15.6640005111694 15.7993335723877 15.982666015625 16.0153331756592 15.789999961853 15.5693330764771 15.2526664733887 15.3533334732056 15.3240003585815 15.3126668930054 15.2113332748413 15.3133335113525 15.4466667175293 15.57200050354 15.6520004272461 15.3500003814697 14.0093336105347 12.7533330917358 14.3553333282471 14.9626665115356 15.0366668701172
-9999 -9999 -9999 -9999 -9999 -9999 -9999 -9999 -9999 -9999 -9999 -9999 -9999 16.1950969696045 16.3279991149902 16.4333324432373 16.4193325042725 15.9306669235229 16.1126670837402 15.3553333282471 15.6813335418701 15.5013332366943 16.0686664581299 15.8066673278809 16.0073337554932 15.8013334274292 15.1473331451416 15.9026660919189 16.0873336791992 16.050666809082 16.0006675720215 15.9233331680298 15.8333330154419 15.8913335800171 15.8933334350586 15.6840000152588 15.3966665267944 15.0873336791992 15.1093330383301 14.996000289917 14.7866668701172 14.1853332519531 14.5806665420532 14.1833333969116 14.4720001220703 15.4693336486816 15.5386667251587 13.9433336257935 12.9793338775635 15.6366672515869
-9999 -9999 -9999 -9999 -9999 -9999 -9999 -9999 -9999 -9999 -9999 -9999 -9999 16.1604175567627 16.2726669311523 16.3899993896484 16.4113330841064 16.3446674346924 16.181999206543 15.2913331985474 14.8999996185303 14.2720003128052 15.184666633606 15.4939994812012 15.9906663894653 15.8520002365112 15.5806665420532 15.4340000152588 16.0960006713867 16.0606670379639 16.021333694458 15.7913331985474 15.7153339385986 15.7679996490479 15.6593332290649 15.7299995422363 15.7926664352417 15.1413335800171 14.5606670379639 14.699333190918 15.1126670837402 14.7980003356934 14.0526666641235 13.32200050354 12.9633331298828 13.0153331756592 13.8186664581299 12.8826665878296 13.5199995040894 15.4486665725708
-9999 -9999 -9999 -9999 -9999 -9999 -9999 -9999 -9999 -9999 -9999 -9999 -9999 16.1499996185303 16.2243041992188 16.3546657562256 16.3386669158936 15.3579998016357 15.9119997024536 15.4759998321533 15.3733329772949 15.7306661605835 15.0799999237061 15.7779998779297 15.5833330154419 15.5520000457764 15.2740001678467 15.3773336410522 15.8333330154419 15.6653327941895 15.9759998321533 15.6800003051758 15.6160001754761 15.4926662445068 15.5706663131714 15.3613338470459 15.7379999160767 15.6233339309692 15.5006666183472 15.4093332290649 15.3666667938232 15.2506666183472 14.7593336105347 13.3766660690308 12.5753326416016 13.0093336105347 12.9333333969116 13.449333190918 14.8553333282471 15.0340003967285
-9999 -9999 -9999 -9999 -9999 -9999 -9999 -9999 -9999 -9999 -9999 -9999 -9999 -9999 16.2068634033203 16.2866668701172 16.3059997558594 15.1553325653076 14.8319997787476 13.9526662826538 14.1560001373291 15.3099994659424 15.6186666488647 15.4106674194336 15.4066667556763 15.2233333587646 14.8559999465942 15.7959995269775 15.3026666641235 14.8420000076294 15.8546667098999 15.4659996032715 15.4099998474121 15.2626667022705 15.3126668930054 15.3273334503174 15.6160001754761 15.6513328552246 15.4246664047241 15.8079996109009 16.042667388916 16.0706672668457 16.1480007171631 15.739333152771 15.4753332138062 13.8246669769287 12.7833337783813 14.7273330688477 15.2173328399658 14.6973333358765
-9999 -9999 -9999 -9999 -9999 -9999 -9999 -9999 -9999 -9999 -9999 -9999 -9999 -9999 16.1066665649414 16.1193332672119 15.8333330154419 16.0599994659424 15.42799949646 14.5753335952759 14.9093332290649 14.9580001831055 14.4739999771118 14.7299995422363 15.6206665039062 15.1426668167114 15.0960006713867 15.2760000228882 15.434666633606 14.9086666107178 15.5019998550415 15.6820001602173 15.5486660003662 15.5153331756592 15.4473333358765 15.3653335571289 15.4573335647583 15.6059999465942 15.7340002059937 15.978666305542 16.0553321838379 16.1366672515869 16.2200012207031 16.275333404541 16.2159996032715 16.2313327789307 15.6146669387817 16.1000003814697 15.8640003204346 15.2740001678467
-9999 -9999 -9999 -9999 -9999 -9999 -9999 -9999 -9999 -9999 -9999 -9999 -9999 -9999 15.8833332061768 15.8846664428711 14.7126665115356 15.3226661682129 15.6033334732056 14.543999671936 13.7159996032715 13.2119998931885 14.4926662445068 14.5693340301514 15.2433338165283 14.8966665267944 14.5553331375122 14.5153331756592 14.8913335800171 15.3186664581299 15.4193334579468 15.5726661682129 15.4846668243408 15.4473333358765 15.195333480835 14.8559999465942 14.1879997253418 14.7986669540405 15.478666305542 15.4119997024536 15.6093330383301 15.760666847229 15.7566661834717 15.4886665344238 15.0939998626709 15.2533330917358 15.1960000991821 15.6866664886475 15.2019996643066 15.4966669082642
-9999 -9999 -9999 -9999 -9999 -9999 -9999 -9999 -9999 -9999 -9999 -9999 -9999 -9999 15.9833335876465 15.9200000762939 14.9086666107178 14.0419998168945 13.75 14.7980003356934 14.9820003509521 14.3586664199829 14.9426670074463 14.7846660614014 14.7340002059937 15.1606664657593 15.1219997406006 14.8653335571289 15.503999710083 15.7566661834717 15.8079996109009 15.7373332977295 15.5819997787476 15.4626665115356 15.3033332824707 15.2526664733887 14.9359998703003 15.2106666564941 15.2893333435059 15.0666666030884 15.2053327560425 15.1400003433228 14.7666664123535 14.0866661071777 13.4313335418701 12.7906665802002 13.3346672058105 14.3979997634888 14.6026668548584 15.3673334121704
-9999 -9999 -9999 -9999 -9999 -9999 -9999 -9999 -9999 -9999 -9999 -9999 -9999 -9999 15.3133335113525 15.5027780532837 14.8299999237061 14.2873334884644 13.4780006408691 15.0166664123535 15.199333190918 15.4593334197998 14.3746662139893 15.2526664733887 15.5159997940063 15.4366664886475 15.3673334121704 15.7639999389648 15.7853326797485 15.7146663665771 15.7220001220703 15.3000001907349 15.6226663589478 15.4233331680298 15.0606670379639 15.076000213623 15.1700000762939 15.0806665420532 14.815333366394 13.9160003662109 13.5773334503174 13.9919996261597 14.0393333435059 13.0419998168945 11.4940004348755 9.86466693878174 11.3326663970947 11.6786670684814 12.5799999237061 13.4759998321533
-9999 -9999 -9999 -9999 -9999 -9999 -9999 -9999 -9999 -9999 -9999 -9999 -9999 -9999 15.5016670227051 15.2905797958374 15.3493328094482 15.1680002212524 14.9460000991821 15.5019998550415 15.5026664733887 15.4300003051758 14.5600004196167 15.0979995727539 15.5120000839233 15.9106664657593 15.7326669692993 14.8940000534058 14.4260005950928 14.2193336486816 14.4739999771118 13.6813335418701 14.8106670379639 15.2586669921875 15.1040000915527 13.8959999084473 13.970666885376 14.4739999771118 14.8853330612183 14.7440004348755 14.2986669540405 14.1986665725708 13.5926666259766 12.6226663589478 10.6213331222534 7.81599998474121 9.13999938964844 10.4693336486816 12.3326663970947 12.7880001068115
-9999 -9999 -9999 -9999 -9999 -9999 -9999 -9999 -9999 -9999 -9999 -9999 -9999 -9999 15.1726665496826 14.8599996566772 14.253999710083 15.3326663970947 15.4940004348755 15.7366666793823 15.9806671142578 15.7906665802002 15.4340000152588 15.224666595459 15.771333694458 15.6773328781128 15.7873334884644 15.4573335647583 15.1473331451416 15.2933330535889 15.1713333129883 14.2700004577637 14.8846664428711 14.0173330307007 14.3546667098999 14.6479997634888 13.8953332901001 14.5786666870117 14.7186670303345 15.0719995498657 15.6193332672119 14.9899997711182 14.5393333435059 12.7006664276123 11.3786668777466 10.7279996871948 10.8500003814697 11.8146667480469 11.1386671066284 11.3613338470459
-9999 -9999 -9999 -9999 -9999 -9999 -9999 -9999 -9999 -9999 -9999 -9999 -9999 -9999 -9999 13.746000289917 13.8573331832886 15.0413331985474 15.4780006408691 15.9473333358765 16 15.9780006408691 16.033332824707 15.9380006790161 15.9366664886475 15.4106664657593 15.1133337020874 14.7053337097168 14.8926668167114 15.4433336257935 15.6620006561279 15.5873336791992 15.5486660003662 15.3533334732056 15.1879997253418 15.1213331222534 15.0266666412354 15.6126670837402 15.8613328933716 15.9293336868286 15.9553327560425 15.9546670913696 15.7086668014526 14.2886667251587 13.3280000686646 13.1346664428711 12.9506664276123 12.4806671142578 11.9993333816528 10.4499998092651
-9999 -9999 -9999 -9999 -9999 -9999 -9999 -9999 -9999 -9999 -9999 -9999 -9999 -9999 -9999 13.9773330688477 15.5326662063599 15.8999996185303 15.9793338775635 15.978666305542 16.021333694458 16.0193328857422 15.923999786377 15.554666519165 15.6879997253418 14.8940000534058 14.1586666107178 13.0593328475952 14.0086669921875 14.4906663894653 14.532000541687 15.0620002746582 15.5013332366943 15.57200050354 15.4473333358765 15.2959995269775 15.3746662139893 15.5386667251587 15.5279998779297 15.4659996032715 15.529333114624 15.1753330230713 15.4860000610352 15.9246673583984 14.9993333816528 14.1973333358765 12.9966669082642 12.2239999771118 11.8873329162598 10.9026660919189
-9999 -9999 -9999 -9999 -9999 -9999 -9999 -9999 -9999 -9999 -9999 -9999 -9999 -9999 -9999 15.1486663818359 15.9479999542236 15.9646663665771 15.9779996871948 15.9726667404175 15.9466667175293 15.815333366394 15.4126663208008 15.0393333435059 14.9106674194336 15.1479997634888 14.7453336715698 14.2466669082642 13.9840002059937 13.3673334121704 13.5953330993652 14.3973331451416 14.9580001831055 15.1799993515015 14.9373331069946 15.3106670379639 15.3693332672119 15.6680002212524 15.8000001907349 15.4580001831055 14.275333404541 13.3753337860107 12.7853336334229 13.1960000991821 14.8513336181641 15.3240003585815 13.506667137146 13.0666666030884 13.1560001373291 11.9673328399658
-9999 -9999 -9999 -9999 -9999 -9999 -9999 -9999 -9999 -9999 -9999 -9999 -9999 -9999 -9999 -9999 15.9860000610352 15.9479999542236 15.9593334197998 15.9626665115356 15.985333442688 16.0133323669434 15.6513328552246 15.4079999923706 15.3760004043579 15.0819997787476 15.0946674346924 14.5240001678467 14.3759994506836 14.6693334579468 14.6686658859253 14.8680000305176 14.8326663970947 15.0559997558594 15.1353330612183 15.3559999465942 15.8619995117188 16.0226669311523 16.0833339691162 14.2993335723877 13.7220001220703 13.6913328170776 12.9160003662109 12.2239999771118 12.1513328552246 14.3880004882812 13.7253332138062 14.4300003051758 13.1793327331543 12.9020004272461
-9999 -9999 -9999 -9999 -9999 -9999 -9999 -9999 -9999 -9999 -9999 -9999 -9999 -9999 -9999 -9999 15.952000617981 15.9653329849243 15.9700002670288 15.996000289917 15.9320001602173 16.0073337554932 15.9739999771118 15.7086668014526 15.6673336029053 15.3999996185303 15.1533336639404 15.195333480835 15.4506664276123 15.1040000915527 14.3693332672119 14.5046663284302 14.5986671447754 14.8126668930054 14.9506664276123 15.4606666564941 15.9466667175293 16.1499996185303 16.0026664733887 12.8959999084473 12.2666664123535 12.8706665039062 12.3839998245239 11.9060001373291 13.5880002975464 13.9879999160767 15.5766668319702 14.8426666259766 11.7313327789307 13.2440004348755
-9999 -9999 -9999 -9999 -9999 -9999 -9999 -9999 -9999 -9999 -9999 -9999 -9999 -9999 -9999 -9999 15.7259998321533 15.8633337020874 15.9180002212524 15.7253332138062 15.5786666870117 15.8593330383301 15.815333366394 15.8859996795654 15.800666809082 15.6399993896484 15.4286661148071 15.4940004348755 15.5633335113525 15.2866668701172 14.9653329849243 15.2493333816528 15.3133335113525 15.0060005187988 14.728666305542 14.7786664962769 14.7886667251587 15.0220003128052 15.5753326416016 14.8800001144409 12.3606662750244 12.7913331985474 13.5966663360596 12.5906667709351 14.1160001754761 15.3013334274292 13.4926662445068 15.533332824707 13.4033336639404 13.5520000457764
-9999 -9999 -9999 -9999 -9999 -9999 -9999 -9999 -9999 -9999 -9999 -9999 -9999 -9999 -9999 -9999 -9999 15.3953332901001 15.6100006103516 15.6926670074463 15.8473329544067 15.8039999008179 15.5159997940063 15.5746669769287 15.5873336791992 15.5246667861938 15.3566665649414 15.7413339614868 15.5059995651245 15.1180000305176 14.5313329696655 14.815333366394 14.7026672363281 15.3866672515869 14.050666809082 13.0673332214355 12.5780000686646 12.5686664581299 12.5713338851929 14.8766660690308 16.0226669311523 15.033332824707 13.2526664733887 13.7366666793823 15.4573335647583 13.4099998474121 12.3173332214355 13.6840000152588 14.1526670455933 13.5640001296997
