L_cantharoides/M_variables/Set1/bio3_.asc
NCOLS 77 
NROWS 145 
XLLCORNER -73.8333333333333 
YLLCORNER -42.1666666666667 
CELLSIZE 0.0416666666666666 
NODATA_value -9999 
[rows 22 to 43 of 145, columns 0 to 49 of 77]
-9999 -9999 -9999 -9999 -9999 -9999 -9999 -9999 -9999 -9999 -9999 -9999 -9999 -9999 -9999 -9999 55.8376846313477 55.3460159301758 54.5489807128906 53.927433013916 53.3885345458984 53.3499794006348 53.6508560180664 53.5796966552734 53.268238067627 53.1579093933105 52.9512214660645 52.7609558105469 52.442928314209 52.5151710510254 52.7964019775391 52.9042472839355 52.7866706848145 52.7664527893066 52.720760345459 52.733283996582 52.3702163696289 52.2127304077148 52.0513038635254 51.7534942626953 51.6849365234375 51.7236557006836 52.089527130127 52.6645584106445 52.870174407959 52.8538818359375 52.9432220458984 52.7728691101074 52.784481048584 52.8871612548828
-9999 -9999 -9999 -9999 -9999 -9999 -9999 -9999 -9999 -9999 -9999 -9999 -9999 -9999 -9999 55.780345916748 55.6027793884277 55.0272827148438 54.1657485961914 53.6936721801758 53.2634239196777 53.4496383666992 53.6546745300293 53.4623908996582 53.225269317627 53.1143455505371 52.9031639099121 52.7177696228027 52.4797515869141 52.7277450561523 52.9052276611328 52.8616981506348 52.7289123535156 52.6825904846191 52.7753295898438 52.7894706726074 52.4224853515625 52.2320671081543 52.0979232788086 51.9345474243164 51.8541641235352 51.8677215576172 52.0253067016602 52.6343727111816 52.9582901000977 53.0839347839355 53.1318359375 53.0216865539551 52.842399597168 52.7845230102539
-9999 -9999 -9999 -9999 -9999 -9999 56.4696464538574 -9999 -9999 -9999 -9999 -9999 -9999 -9999 -9999 56.2867584228516 55.521183013916 54.5915718078613 54.2516632080078 53.8170509338379 53.754035949707 53.8744316101074 53.5477027893066 53.076847076416 52.9766616821289 52.9072799682617 52.7916412353516 52.6339797973633 52.6279182434082 52.887077331543 52.8857803344727 52.6885108947754 52.5980796813965 52.639835357666 52.5745277404785 52.5462951660156 52.3759994506836 52.1578941345215 52.0145263671875 51.90576171875 51.9243469238281 51.8876991271973 51.9826927185059 52.3087615966797 52.8605346679688 53.0958137512207 53.0866165161133 52.8684997558594 52.768253326416 52.7027397155762
-9999 -9999 -9999 -9999 -9999 56.6024284362793 56.4337425231934 -9999 -9999 -9999 -9999 -9999 -9999 -9999 57.0898971557617 56.6037750244141 55.2710075378418 54.3162956237793 53.9979057312012 54.0142517089844 54.2368507385254 54.064998626709 53.4452514648438 53.1060752868652 52.9245262145996 52.6421127319336 52.5707702636719 52.5335464477539 52.832462310791 52.959659576416 52.6237411499023 52.4275360107422 52.3545455932617 52.3642768859863 52.2375984191895 52.3403015136719 52.3088531494141 52.1102867126465 51.901481628418 51.839225769043 51.8767890930176 51.9301834106445 52.0020523071289 52.1564331054688 52.5150909423828 52.9722709655762 53.1216506958008 52.950798034668 52.8522109985352 52.854549407959
-9999 -9999 -9999 -9999 56.5494689941406 56.3233909606934 56.3505020141602 56.6246604919434 56.8698997497559 56.8677749633789 56.6569786071777 56.8199272155762 56.985179901123 57.274528503418 57.177562713623 56.1730461120605 54.7894020080566 54.4745674133301 54.3946228027344 54.3046493530273 54.0644912719727 53.860954284668 53.6356658935547 53.483470916748 53.1371612548828 52.6371078491211 52.4407043457031 52.5788764953613 52.8645362854004 52.8272171020508 52.5697364807129 52.2897453308105 52.2431869506836 52.184741973877 52.2322463989258 52.3342666625977 52.2515830993652 52.1216049194336 52.0751075744629 51.9717483520508 51.9841957092285 52.0447654724121 52.0933647155762 52.2255249023438 52.4488487243652 53.015998840332 53.3007125854492 53.3477249145508 53.1930351257324 52.9594497680664
-9999 -9999 -9999 -9999 56.602123260498 56.3834800720215 56.3378486633301 56.3952522277832 56.7251091003418 56.8108177185059 56.6470336914062 56.6826553344727 56.817497253418 56.9786071777344 56.6972198486328 55.8351745605469 54.8650856018066 54.3870124816895 54.580150604248 54.2710952758789 54.0184097290039 54.026309967041 54.0870513916016 53.7847747802734 53.3240432739258 52.7995796203613 52.5050621032715 52.6755828857422 52.8393783569336 52.7721405029297 52.5177421569824 52.1419868469238 52.2470893859863 52.3139801025391 52.3366012573242 52.3616752624512 52.2518196105957 52.2972526550293 52.5221214294434 52.3882217407227 52.2277793884277 52.1324195861816 52.2304801940918 52.3071784973145 52.4647331237793 52.9039764404297 53.3132514953613 53.317268371582 53.1332054138184 53.0031623840332
-9999 -9999 -9999 56.7567558288574 56.6110000610352 56.5795059204102 56.5578155517578 56.4765014648438 56.7948112487793 56.7955551147461 56.5365829467773 56.6405029296875 56.5915031433105 56.4587554931641 56.0518951416016 55.1660766601562 54.4423751831055 53.9704818725586 54.0556755065918 54.1111793518066 53.9104385375977 54.095157623291 53.9558601379395 53.6564788818359 53.1676597595215 52.8532257080078 52.528694152832 52.4430656433105 52.66015625 52.6837730407715 52.3950080871582 52.0255393981934 52.1192588806152 52.1632041931152 52.0102691650391 52.1086654663086 52.0589599609375 52.2362632751465 52.6763801574707 52.701976776123 52.5371360778809 52.5226364135742 52.6380958557129 52.5045890808105 52.5382232666016 52.7282295227051 53.1540985107422 53.119312286377 52.9461784362793 52.9577102661133
-9999 -9999 -9999 56.8760643005371 56.8486747741699 57.1088180541992 56.9033164978027 56.6024894714355 56.5179595947266 56.4524269104004 56.3718795776367 56.3370971679688 56.2154808044434 55.994213104248 55.3613433837891 54.5199890136719 53.9838447570801 53.9335441589355 53.9661598205566 53.9481887817383 53.6798515319824 53.8921279907227 53.8229904174805 53.4761238098145 53.0174903869629 52.723201751709 52.3705825805664 52.3075981140137 52.4168243408203 52.3234214782715 52.2145309448242 52.149227142334 52.0425148010254 51.8418426513672 51.6894302368164 51.6690139770508 51.6011657714844 52.0102043151855 52.5554428100586 52.6852493286133 52.8470039367676 52.9758949279785 53.136302947998 52.7113418579102 52.6800384521484 52.8583030700684 52.9369926452637 53.0189781188965 53.1787605285645 53.2362480163574
-9999 -9999 -9999 57.0382843017578 56.9532928466797 57.1086006164551 57.0112190246582 56.8053283691406 56.4324722290039 56.2567558288574 56.2320327758789 56.2374496459961 56.1296730041504 55.7784118652344 55.3101387023926 54.8979454040527 54.5686836242676 54.5825462341309 54.4460525512695 54.2731552124023 54.063362121582 53.8837013244629 53.5852546691895 53.3110580444336 53.0624198913574 52.6354103088379 52.2717094421387 52.2164459228516 52.3402900695801 52.4637794494629 52.4056549072266 52.2964248657227 52.1454048156738 51.8449974060059 51.7114639282227 51.6486206054688 51.714542388916 52.193962097168 52.7806282043457 52.9475860595703 52.940601348877 52.8914413452148 52.6437759399414 52.4976387023926 52.8354301452637 53.1184539794922 53.1890563964844 53.4565849304199 53.4950561523438 53.4361190795898
-9999 -9999 -9999 -9999 -9999 57.1054458618164 57.1917495727539 57.0934410095215 56.6030082702637 56.2844696044922 56.1785507202148 56.1843452453613 56.0927772521973 55.8298683166504 55.2736206054688 55.1897163391113 54.6175193786621 54.467212677002 54.4271392822266 54.1624069213867 53.9688148498535 53.767650604248 53.4686470031738 53.2724876403809 52.9813461303711 52.5845260620117 52.2582702636719 52.1425857543945 52.2121429443359 52.7767677307129 53.1321640014648 53.0848579406738 52.7927284240723 52.3773880004883 52.0749778747559 51.886848449707 51.9819412231445 52.5130233764648 53.0153427124023 53.0393333435059 52.910343170166 52.686149597168 52.3435745239258 52.2216682434082 52.545166015625 53.0112724304199 53.3260879516602 53.6403999328613 53.648754119873 53.4195365905762
-9999 -9999 -9999 -9999 -9999 56.8559837341309 56.688648223877 56.5978813171387 56.3599052429199 56.2103881835938 56.0352554321289 56.0624465942383 55.9038391113281 55.5923881530762 55.0053939819336 55.0848350524902 54.6906700134277 54.399845123291 54.3298759460449 54.1581344604492 53.9031257629395 53.728157043457 53.6568145751953 53.3310928344727 52.8483810424805 52.407054901123 52.334659576416 52.2484092712402 52.2016906738281 52.5091094970703 52.931095123291 53.1050796508789 52.8672409057617 52.5181121826172 52.1567268371582 51.8973350524902 52.0504951477051 52.5222663879395 52.9223747253418 52.7078399658203 52.2624893188477 52.2758827209473 52.3096313476562 52.4117774963379 52.6731605529785 52.9680366516113 53.3724670410156 53.8062171936035 53.5679779052734 53.3527603149414
-9999 -9999 -9999 -9999 -9999 56.6352653503418 56.4837341308594 56.2899017333984 56.2204666137695 56.2282066345215 56.1373138427734 55.927360534668 55.7073135375977 55.3324584960938 54.9909896850586 54.5948638916016 54.5848236083984 54.0707893371582 54.1727333068848 54.2989807128906 54.1226463317871 53.8678550720215 53.5954170227051 53.2032775878906 52.7892951965332 52.3380165100098 52.3634910583496 52.4091796875 52.4218864440918 52.3278961181641 52.3582344055176 52.5748901367188 52.5678634643555 52.3483924865723 52.0706024169922 52.0121421813965 52.0829734802246 52.2570343017578 52.4040908813477 52.2702865600586 52.0476989746094 52.1384353637695 52.2154006958008 52.501781463623 52.7278671264648 52.9543228149414 53.3146553039551 53.3599967956543 53.4227638244629 53.3396644592285
-9999 -9999 -9999 -9999 56.3327980041504 56.3002090454102 56.3455810546875 56.2607536315918 56.1921844482422 56.3241653442383 56.2398452758789 55.9426383972168 55.5007286071777 54.8418960571289 54.2954750061035 54.3332633972168 54.6176109313965 54.4708290100098 54.2601852416992 54.3606834411621 54.2162971496582 53.8116149902344 53.3516273498535 52.9334373474121 52.6707992553711 52.500316619873 52.2259941101074 52.2205696105957 52.3343658447266 52.486400604248 52.1759834289551 52.0282669067383 52.0502166748047 51.8652114868164 51.6492156982422 51.7206344604492 51.8792114257812 51.8997840881348 51.9215469360352 52.1215209960938 52.3891868591309 52.4369735717773 52.3371276855469 52.6216583251953 52.9790458679199 53.1943092346191 53.3553466796875 53.3540573120117 53.3608131408691 53.4485664367676
-9999 -9999 -9999 56.6073379516602 56.3495979309082 56.1490440368652 56.3139114379883 56.4498138427734 56.3361511230469 56.2914848327637 56.3406181335449 55.9618492126465 55.5361061096191 54.8921356201172 54.6713409423828 54.4353675842285 54.4955444335938 54.4436378479004 54.2421417236328 54.4353485107422 54.3165016174316 53.6756896972656 53.2583923339844 52.8725204467773 52.5973587036133 52.6379928588867 52.3308906555176 52.0080146789551 52.0364646911621 52.6577377319336 52.5355224609375 52.1662521362305 51.8300170898438 51.7462501525879 51.625057220459 51.5107803344727 51.5994987487793 51.7587776184082 52.0095176696777 52.4008178710938 52.3749237060547 52.2275543212891 52.217357635498 52.6302528381348 53.0251350402832 53.2974090576172 53.3141288757324 53.2456283569336 53.2747421264648 53.2580413818359
-9999 -9999 -9999 56.4455223083496 56.376392364502 56.1626014709473 56.3240165710449 56.4290618896484 56.2571296691895 56.3443336486816 56.3539123535156 55.9913063049316 55.5616493225098 54.9280433654785 54.5175895690918 54.2771263122559 54.5061874389648 54.5228576660156 54.3778800964355 54.5454559326172 54.1825294494629 53.5587882995605 53.1669883728027 53.0525360107422 52.8050155639648 52.7040710449219 52.3965759277344 52.1334075927734 51.9571266174316 52.4513320922852 52.580924987793 52.1739120483398 51.7194404602051 51.6599540710449 51.6172637939453 51.64501953125 51.8149681091309 51.854248046875 52.01416015625 52.5489349365234 52.6676216125488 52.381950378418 52.3578567504883 52.6535453796387 53.1585693359375 53.2797012329102 53.2996406555176 53.2259826660156 53.1738243103027 52.9721145629883
-9999 -9999 -9999 -9999 56.5367698669434 56.4516792297363 56.4491844177246 56.2953910827637 56.2827835083008 56.4398155212402 56.5333023071289 56.1917762756348 55.6606826782227 55.1838989257812 54.5796127319336 54.1648483276367 54.3698081970215 54.4072380065918 54.2814598083496 54.2256202697754 53.9315719604492 53.6369895935059 53.5756607055664 53.4890480041504 53.0766792297363 53.0173797607422 52.6668586730957 52.4930534362793 51.9142303466797 52.3252372741699 52.521656036377 52.0450248718262 51.6795501708984 51.6897201538086 51.8894653320312 52.0425682067871 52.0619583129883 51.9497756958008 52.0608520507812 52.5349998474121 52.8025703430176 52.7517547607422 52.7393264770508 52.7648696899414 52.7796173095703 52.9676055908203 53.2439727783203 53.5104675292969 53.4348411560059 53.2160186767578
-9999 -9999 -9999 -9999 56.5834884643555 56.762996673584 56.6907424926758 56.6582717895508 56.6958312988281 56.9012718200684 56.7356491088867 56.069091796875 55.4396133422852 55.1461524963379 54.5274429321289 54.4254493713379 54.4547004699707 54.4544563293457 54.3744277954102 54.1996803283691 54.1804542541504 54.1801567077637 54.123607635498 53.9406929016113 53.5366249084473 53.3730163574219 52.6567306518555 52.312931060791 51.9175491333008 52.3043403625488 52.5095596313477 52.188419342041 51.6821975708008 51.6162147521973 51.7689590454102 51.9500770568848 52.0693321228027 52.049674987793 52.1226425170898 52.4257125854492 52.7824668884277 52.7698440551758 52.7284164428711 52.9046287536621 52.9092445373535 53.0412445068359 53.1095352172852 53.3222808837891 53.3940162658691 53.2788200378418
-9999 -9999 -9999 -9999 -9999 56.9507179260254 56.9677810668945 56.9739303588867 57.0692176818848 57.154052734375 56.9997253417969 56.5825462341309 55.8067283630371 55.0321617126465 54.7257499694824 55.0140342712402 54.8670883178711 54.5121269226074 54.3335494995117 54.3252983093262 54.5037078857422 54.4777603149414 54.4482536315918 54.1975440979004 53.6522521972656 53.0792198181152 52.3110885620117 51.9777526855469 52.0377883911133 52.2149848937988 52.2261276245117 52.1851921081543 51.7844543457031 51.5763359069824 51.6716461181641 51.8395614624023 51.949089050293 52.1505393981934 52.2508583068848 52.3718299865723 52.690486907959 52.7529373168945 52.6922225952148 52.7553863525391 52.9231452941895 53.0125846862793 53.0117645263672 53.1342658996582 53.2244415283203 53.1311340332031
-9999 -9999 -9999 -9999 -9999 56.8293914794922 56.9765892028809 57.095142364502 57.1882400512695 57.0858917236328 57.1269149780273 56.8426322937012 56.3357124328613 55.9764862060547 55.499755859375 55.0245590209961 54.6868438720703 54.4158058166504 54.0529518127441 54.0314025878906 54.1969566345215 54.3716087341309 54.2707328796387 53.8677864074707 53.2694053649902 52.6041641235352 52.0380744934082 52.0537567138672 52.2258262634277 51.97314453125 51.852668762207 51.8287315368652 51.8985481262207 51.8163528442383 51.9113540649414 51.8950576782227 51.9735298156738 52.2037506103516 52.4205589294434 52.3601379394531 52.6124076843262 52.767391204834 52.7417678833008 52.8628959655762 52.9141120910645 53.1482391357422 53.25 53.273609161377 53.3277816772461 53.3622093200684
-9999 -9999 -9999 -9999 -9999 -9999 57.1975135803223 57.153507232666 57.2131996154785 57.2230453491211 56.9037055969238 56.1237907409668 55.5698661804199 55.2564926147461 54.7647247314453 54.5973320007324 54.6087036132812 54.434700012207 54.0974159240723 53.982105255127 54.042064666748 54.2025413513184 53.9924850463867 53.616626739502 53.0579605102539 52.4026145935059 51.972484588623 51.9683303833008 52.2110023498535 51.9179992675781 51.8500595092773 51.9494438171387 52.0719528198242 52.0577049255371 51.9380836486816 51.9145927429199 52.050609588623 52.2603569030762 52.4279708862305 52.3136177062988 52.4541816711426 52.659969329834 52.8791236877441 53.057788848877 53.1928825378418 53.4534797668457 53.5689849853516 53.4944877624512 53.5367202758789 53.4574317932129
-9999 -9999 -9999 -9999 -9999 -9999 -9999 57.1272315979004 57.327075958252 57.3941383361816 56.8292121887207 56.0896759033203 55.7315940856934 55.1572074890137 55.0619277954102 54.6130027770996 54.369441986084 54.2983551025391 54.1373901367188 54.153736114502 54.0908508300781 53.8931427001953 53.3813285827637 53.0008010864258 52.5323219299316 52.2276802062988 52.0867233276367 51.9210357666016 52.0131072998047 51.983570098877 52.0906257629395 52.1205978393555 52.1534614562988 52.2204742431641 52.2154121398926 52.1534614562988 52.2180480957031 52.4613037109375 52.5087432861328 52.467155456543 52.6057891845703 52.7351379394531 52.890567779541 53.2099723815918 53.5462226867676 53.5162734985352 53.5074234008789 53.7497863769531 53.6830291748047 53.5700263977051
-9999 -9999 -9999 -9999 -9999 -9999 -9999 57.2798309326172 57.4074058532715 57.4363098144531 56.7164688110352 55.4718780517578 55.4707489013672 55.6438674926758 56.0391883850098 54.8752975463867 54.431770324707 54.2651176452637 54.3401374816895 54.0865211486816 53.9523544311523 53.6341438293457 53.1106338500977 52.9212188720703 52.6060676574707 52.3883628845215 52.1716079711914 52.0739479064941 51.9927558898926 51.837574005127 51.9891052246094 52.2592926025391 52.3339195251465 52.5135078430176 52.5151748657227 52.4693489074707 52.5289039611816 52.7158241271973 52.8582534790039 52.7314834594727 52.6270790100098 52.8419532775879 53.0595932006836 53.2844314575195 53.4704322814941 53.6068572998047 53.6594467163086 53.7018013000488 53.7112503051758 53.6668319702148
