L_cantharoides/M_variables/Set1/bio3_.asc
NCOLS 77 
NROWS 145 
XLLCORNER -73.8333333333333 
YLLCORNER -42.1666666666667 
CELLSIZE 0.0416666666666666 
NODATA_value -9999 
[rows 88 to 109 of 145, columns 0 to 49 of 77]
-9999 -9999 -9999 -9999 -9999 -9999 -9999 -9999 -9999 -9999 -9999 -9999 -9999 -9999 -9999 -9999 -9999 51.1435012817383 50.8190803527832 51.1268882751465 51.4585494995117 51.7191352844238 51.8459243774414 51.7276420593262 51.7134132385254 52.0079078674316 52.4923362731934 53.1658821105957 53.0927467346191 53.0315208435059 52.9890403747559 53.2690124511719 53.2488975524902 52.6469230651855 52.1895484924316 52.0955238342285 52.357006072998 52.5529861450195 52.5912322998047 52.5265426635742 52.331787109375 52.5291404724121 52.7856063842773 52.6882247924805 52.6462097167969 52.9912528991699 52.8129043579102 52.7525482177734 52.5929718017578 52.4612884521484
-9999 -9999 -9999 -9999 -9999 -9999 -9999 -9999 -9999 -9999 -9999 -9999 -9999 -9999 -9999 -9999 -9999 -9999 51.1902122497559 51.0414428710938 51.1230964660645 51.1974906921387 51.5143508911133 51.6108932495117 51.8351249694824 52.0787353515625 52.3156433105469 52.9630699157715 52.995662689209 52.9865531921387 53.2179870605469 53.5953750610352 53.5243225097656 53.4062652587891 53.3250579833984 53.0797462463379 52.4600448608398 52.085391998291 52.2796287536621 52.4637260437012 52.6012496948242 52.7529640197754 53.1432609558105 53.2346687316895 53.1356544494629 53.0106735229492 52.6243171691895 52.3705291748047 52.2059745788574 52.1719207763672
-9999 -9999 -9999 -9999 -9999 -9999 -9999 -9999 -9999 -9999 -9999 -9999 -9999 -9999 -9999 -9999 -9999 -9999 51.2933578491211 51.5098342895508 51.3028717041016 51.2199440002441 51.7683258056641 51.8457794189453 51.6915626525879 52.0363311767578 52.3040084838867 52.6124801635742 52.8932914733887 53.0642547607422 53.1928443908691 53.1864204406738 53.2763519287109 53.1955528259277 53.0593452453613 52.8746604919434 52.7794494628906 52.3626861572266 52.0549507141113 52.2361297607422 52.6170539855957 53.0310249328613 53.5085182189941 54.0010070800781 53.2536735534668 52.8646812438965 52.6911010742188 52.3221015930176 52.0636978149414 51.9411392211914
-9999 -9999 -9999 -9999 -9999 -9999 -9999 -9999 -9999 -9999 -9999 -9999 -9999 -9999 -9999 -9999 -9999 -9999 51.2910270690918 51.484317779541 51.4302825927734 51.8237113952637 51.6821403503418 51.341926574707 51.3710861206055 51.7430763244629 52.1326026916504 52.5710945129395 52.8761100769043 53.0977058410645 53.1229553222656 52.9914932250977 52.8457336425781 52.8043098449707 52.7360153198242 52.5974464416504 52.5365219116211 52.4571342468262 52.5195732116699 52.6930618286133 52.9511871337891 53.1449584960938 53.9283027648926 54.6686630249023 53.1276969909668 52.6075401306152 52.8523979187012 52.550895690918 52.0588035583496 51.8474617004395
-9999 -9999 -9999 -9999 -9999 -9999 -9999 -9999 -9999 -9999 -9999 -9999 -9999 -9999 -9999 -9999 -9999 -9999 -9999 51.5850486755371 51.415397644043 51.734001159668 51.2981643676758 51.1588134765625 51.4416809082031 51.8066940307617 52.2257957458496 52.7744789123535 52.8741874694824 53.139102935791 53.2175827026367 53.0101280212402 52.7436981201172 52.56982421875 52.4166984558105 52.627857208252 52.5331840515137 52.447380065918 52.4120216369629 52.5738220214844 52.6899566650391 52.8596992492676 53.521656036377 53.8098335266113 52.6536903381348 52.2450752258301 52.5021553039551 52.4444465637207 52.0841064453125 51.8017997741699
-9999 -9999 -9999 -9999 -9999 -9999 -9999 -9999 -9999 -9999 -9999 -9999 -9999 -9999 -9999 -9999 -9999 -9999 -9999 51.1722984313965 51.2881240844727 51.3050117492676 51.3298606872559 51.5455589294434 51.722728729248 52.1438140869141 52.6279258728027 52.8166275024414 52.9547080993652 53.1245956420898 53.3752593994141 53.4947280883789 53.1427268981934 52.8600006103516 52.7610054016113 52.6014366149902 52.5526275634766 52.4632186889648 52.2993049621582 52.3209037780762 52.3880958557129 52.5860366821289 52.8171501159668 52.663818359375 52.3688049316406 52.1958503723145 52.1317100524902 52.1665725708008 51.9519386291504 51.6048011779785
-9999 -9999 -9999 -9999 -9999 -9999 -9999 -9999 -9999 -9999 -9999 -9999 -9999 -9999 -9999 -9999 -9999 -9999 -9999 51.1566467285156 51.2805442810059 51.6245727539062 51.7825469970703 51.9468193054199 52.257682800293 52.6558227539062 52.9127960205078 52.843448638916 52.9752540588379 53.2219848632812 53.4424133300781 53.5218544006348 53.4411087036133 53.3907127380371 53.2871894836426 53.2065277099609 52.8033638000488 52.4402122497559 52.3313407897949 52.3769950866699 52.4554748535156 52.4246292114258 52.3749542236328 52.3325538635254 52.2591133117676 52.3015403747559 52.0226249694824 52.0289192199707 51.6589431762695 51.3774490356445
-9999 -9999 -9999 -9999 -9999 -9999 -9999 -9999 -9999 -9999 -9999 -9999 -9999 -9999 -9999 -9999 -9999 -9999 -9999 -9999 51.2924919128418 51.5861396789551 51.8474731445312 52.1217002868652 52.6599311828613 52.9279289245605 53.0486183166504 52.8677749633789 52.9515914916992 53.1286659240723 53.2401084899902 53.1661148071289 52.8887367248535 52.8525886535645 52.7702217102051 52.7169342041016 52.6983489990234 52.5738983154297 52.3778915405273 52.164249420166 52.2516403198242 52.1496467590332 52.1691703796387 52.1031837463379 52.0809669494629 52.1626281738281 52.0227127075195 51.9358673095703 51.5517578125 51.2529830932617
-9999 -9999 -9999 -9999 -9999 -9999 -9999 -9999 -9999 -9999 -9999 -9999 -9999 -9999 -9999 -9999 -9999 -9999 -9999 -9999 51.4966506958008 51.5574493408203 51.8871803283691 52.4766616821289 52.9444999694824 53.0949974060059 53.0596961975098 52.762321472168 52.664421081543 52.7974548339844 52.8044548034668 52.3436470031738 51.6492195129395 51.3546943664551 51.3465957641602 51.4031219482422 51.6513633728027 51.9080848693848 52.2318534851074 52.2944221496582 52.1968955993652 52.0995979309082 52.0692520141602 52.1779022216797 52.0935668945312 52.1072425842285 52.0229454040527 51.7706985473633 51.4828567504883 51.1928825378418
-9999 -9999 -9999 -9999 -9999 -9999 -9999 -9999 -9999 -9999 -9999 -9999 -9999 -9999 -9999 -9999 -9999 -9999 -9999 -9999 -9999 51.8003044128418 52.1629524230957 52.535717010498 52.8933334350586 53.0472373962402 52.8404922485352 52.5871810913086 52.4649276733398 52.5550079345703 52.3948059082031 51.252555847168 50.7382202148438 50.8181571960449 50.8506622314453 50.8004264831543 50.7868347167969 51.3328666687012 52.1032638549805 51.9540481567383 51.971851348877 51.9197959899902 52.0942649841309 52.3647422790527 52.3397254943848 52.0977401733398 52.0509643554688 51.5463905334473 51.3045349121094 51.0634689331055
-9999 -9999 -9999 -9999 -9999 -9999 -9999 -9999 -9999 -9999 -9999 -9999 -9999 -9999 -9999 -9999 -9999 -9999 -9999 -9999 -9999 52.3293113708496 52.5310287475586 52.602180480957 52.6607437133789 52.6729545593262 52.6844825744629 52.4894523620605 52.4842910766602 52.5444831848145 52.0920181274414 50.7200393676758 50.5466766357422 50.6253547668457 50.7243423461914 50.7507514953613 50.7651481628418 51.388614654541 52.1161727905273 52.1681785583496 51.9235687255859 51.8299293518066 51.8458595275879 51.9945678710938 52.2945289611816 52.230525970459 51.840461730957 51.3951034545898 51.0759696960449 50.9230499267578
-9999 -9999 -9999 -9999 -9999 -9999 -9999 -9999 -9999 -9999 -9999 -9999 -9999 -9999 -9999 -9999 -9999 -9999 -9999 -9999 -9999 52.3626289367676 52.5831527709961 52.6790504455566 52.6660041809082 52.6756744384766 52.5193061828613 52.4220581054688 52.3907623291016 52.3129043579102 51.7355575561523 50.697322845459 50.5181083679199 50.5360107421875 50.6443405151367 50.6524848937988 50.9410781860352 51.601936340332 52.2957572937012 52.167236328125 52.1323394775391 51.6805648803711 51.3533172607422 50.9231262207031 51.7306022644043 52.0136909484863 51.730598449707 51.5583915710449 51.3234176635742 51.100830078125
-9999 -9999 -9999 -9999 -9999 -9999 -9999 -9999 -9999 -9999 -9999 -9999 -9999 -9999 -9999 -9999 -9999 -9999 -9999 -9999 -9999 -9999 52.6104011535645 52.7666664123535 52.8094367980957 52.7095718383789 52.707592010498 52.6786880493164 52.6357727050781 52.6885375976562 52.590747833252 51.7906761169434 51.1261711120605 51.1700019836426 51.2607421875 51.3446235656738 51.1569480895996 51.162483215332 51.8122291564941 52.2873649597168 52.317253112793 52.0591773986816 51.9432792663574 51.3120651245117 51.5387725830078 51.8648872375488 51.7428092956543 51.5760688781738 51.398983001709 51.3585433959961
-9999 -9999 -9999 -9999 -9999 -9999 -9999 -9999 -9999 -9999 -9999 -9999 -9999 -9999 -9999 -9999 -9999 -9999 -9999 -9999 -9999 -9999 52.5611419677734 52.6294593811035 52.6122398376465 52.6809463500977 52.7148246765137 52.9174003601074 52.9058837890625 52.8738975524902 52.8463172912598 52.5929145812988 52.4763298034668 52.4798431396484 52.3154602050781 52.167667388916 52.0176658630371 51.9170989990234 52.1536483764648 52.104808807373 52.3441429138184 52.1745262145996 52.0113868713379 51.9297103881836 52.0416145324707 51.9500885009766 51.712158203125 51.5138778686523 51.3606071472168 51.2564811706543
-9999 -9999 -9999 -9999 -9999 -9999 -9999 -9999 -9999 -9999 -9999 -9999 -9999 -9999 -9999 -9999 -9999 -9999 -9999 -9999 -9999 -9999 52.4004440307617 52.662712097168 52.8077735900879 52.6922836303711 52.7383766174316 52.8065567016602 52.8908615112305 52.9794273376465 52.8846168518066 52.750129699707 52.6329536437988 52.3661308288574 52.245189666748 52.1929817199707 51.9829444885254 52.0011940002441 51.813648223877 51.9041595458984 52.0409812927246 51.9529800415039 51.955005645752 51.8980331420898 51.8856658935547 51.7788124084473 51.5719985961914 51.3703765869141 50.9994468688965 50.8521499633789
-9999 -9999 -9999 -9999 -9999 -9999 -9999 -9999 -9999 -9999 -9999 -9999 -9999 -9999 -9999 -9999 -9999 -9999 -9999 -9999 -9999 -9999 -9999 52.5491790771484 52.7584037780762 52.5762977600098 52.5673904418945 52.5458869934082 52.6408920288086 52.8499412536621 52.8699913024902 52.8265113830566 52.5021362304688 52.2784996032715 52.1750030517578 52.1075096130371 52.192455291748 52.1242828369141 52.2808036804199 52.1341857910156 51.8434295654297 51.7930870056152 51.7439613342285 51.541389465332 51.5928344726562 51.7035064697266 51.5026054382324 51.2863311767578 50.8644599914551 50.6245765686035
-9999 -9999 -9999 -9999 -9999 -9999 -9999 -9999 -9999 -9999 -9999 -9999 -9999 -9999 -9999 -9999 -9999 -9999 -9999 -9999 -9999 -9999 -9999 52.3682975769043 52.4432754516602 52.4250564575195 52.5018119812012 52.5433959960938 52.5817718505859 52.6554298400879 52.5901336669922 52.4015731811523 52.1741333007812 52.0455169677734 52.0181121826172 51.992244720459 52.1530723571777 52.5705795288086 52.825798034668 52.540397644043 52.2752304077148 51.8359413146973 51.9236946105957 51.8655776977539 51.784366607666 51.6453170776367 51.4629974365234 51.1348152160645 50.7903747558594 50.6562385559082
-9999 -9999 -9999 -9999 -9999 -9999 -9999 -9999 -9999 -9999 -9999 -9999 -9999 -9999 -9999 -9999 -9999 -9999 -9999 -9999 -9999 -9999 -9999 52.2842712402344 52.3968505859375 52.5147247314453 52.5064125061035 52.5656089782715 52.6936378479004 52.6115531921387 52.5436897277832 52.3326797485352 52.0957298278809 51.8974418640137 51.852596282959 51.9041404724121 51.8265953063965 52.232780456543 52.5060768127441 52.675910949707 53.2315139770508 52.4505195617676 51.8570823669434 51.5253639221191 51.5520286560059 51.3552055358887 51.2360076904297 50.9715805053711 50.6544952392578 50.7197341918945
-9999 -9999 -9999 -9999 -9999 -9999 -9999 -9999 -9999 -9999 -9999 -9999 -9999 -9999 -9999 -9999 -9999 -9999 -9999 -9999 -9999 -9999 -9999 -9999 52.4604606628418 52.537670135498 52.5052680969238 52.5304641723633 52.5543174743652 52.5220603942871 52.6239356994629 52.5611190795898 52.4251899719238 52.1917686462402 52.1396636962891 51.9527053833008 51.6440391540527 51.7102737426758 52.3097915649414 52.5129852294922 53.2053642272949 53.1046943664551 52.0438270568848 51.4094047546387 51.3688583374023 51.2421684265137 51.0765266418457 50.8563232421875 50.6031532287598 50.5138359069824
-9999 -9999 -9999 -9999 -9999 -9999 -9999 -9999 -9999 -9999 -9999 -9999 -9999 -9999 -9999 -9999 -9999 -9999 -9999 -9999 -9999 -9999 -9999 -9999 52.4414329528809 52.4544944763184 52.4516639709473 52.4343872070312 52.4218330383301 52.3341217041016 51.7830047607422 51.65576171875 51.3994026184082 51.2762756347656 51.360237121582 51.2814064025879 51.6666679382324 52.0958366394043 52.0539665222168 52.1911354064941 52.436092376709 52.5822715759277 51.8553047180176 51.5307388305664 51.4790306091309 51.3839340209961 51.0481605529785 50.811206817627 50.4809494018555 50.2619094848633
-9999 -9999 -9999 -9999 -9999 -9999 -9999 -9999 -9999 -9999 -9999 -9999 -9999 -9999 -9999 -9999 -9999 -9999 -9999 -9999 -9999 -9999 -9999 -9999 -9999 52.3730583190918 52.4108810424805 52.417179107666 52.390079498291 51.9833450317383 50.9371223449707 50.34375 49.9089164733887 49.9398994445801 50.1492042541504 50.673267364502 51.5625 51.782470703125 51.5315055847168 51.6896286010742 51.7299880981445 51.5602912902832 51.5283355712891 51.5582275390625 51.6182746887207 51.407413482666 50.8414077758789 50.6106262207031 50.3981437683105 50.2062187194824
-9999 -9999 -9999 -9999 -9999 -9999 -9999 -9999 -9999 -9999 -9999 -9999 -9999 -9999 -9999 -9999 -9999 -9999 -9999 -9999 -9999 -9999 -9999 -9999 -9999 52.3088340759277 52.3623085021973 52.4133682250977 52.3006629943848 52.008430480957 51.3913764953613 50.9016723632812 50.6107063293457 50.6600303649902 50.6677398681641 51.1601676940918 51.8808288574219 52.105899810791 51.8073692321777 51.8873748779297 51.8408241271973 51.7235336303711 51.6622505187988 51.4856033325195 51.3544807434082 51.0662689208984 50.678150177002 50.4071044921875 50.285717010498 50.4004058837891
