L_cantharoides/M_variables/Set1/bio3_.asc
NCOLS 77 
NROWS 145 
XLLCORNER -73.8333333333333 
YLLCORNER -42.1666666666667 
CELLSIZE 0.0416666666666666 
NODATA_value -9999 
[rows 66 to 87 of 145, columns 0 to 49 of 77]
-9999 -9999 -9999 -9999 -9999 -9999 -9999 -9999 -9999 -9999 -9999 53.6096801757812 52.965747833252 53.3843116760254 54.5185279846191 54.8402557373047 54.9961051940918 55.0385932922363 54.9084892272949 54.9361228942871 55.1323509216309 55.3797035217285 55.7519073486328 56.2280693054199 56.4624214172363 56.673770904541 56.8079452514648 56.8592567443848 56.8232460021973 56.8249473571777 56.7375183105469 56.6259155273438 56.5775489807129 56.5475082397461 56.6362838745117 56.6742897033691 56.604118347168 56.5785484313965 56.5510864257812 56.5499954223633 56.3166923522949 56.0023536682129 55.9896774291992 55.8950347900391 55.7924652099609 55.5403251647949 55.1517295837402 55.0070152282715 55.1337242126465 55.0177536010742
-9999 -9999 -9999 -9999 -9999 -9999 -9999 -9999 -9999 -9999 -9999 54.3484230041504 54.2998657226562 54.4929618835449 54.92333984375 55.0221939086914 54.9562492370605 54.9257545471191 55.1323471069336 55.1045150756836 55.251838684082 55.5728416442871 55.9048347473145 56.1467094421387 56.4445724487305 56.6868171691895 56.697322845459 56.7332420349121 56.8129463195801 56.9158401489258 56.9028053283691 56.8112335205078 56.8188972473145 56.6967620849609 56.6188278198242 56.7187995910645 56.7935104370117 56.7591438293457 56.6612091064453 56.7369194030762 56.6968269348145 56.7125091552734 56.6922302246094 56.6625823974609 56.4316215515137 55.7965240478516 55.0985069274902 54.5546073913574 54.4765014648438 54.3369674682617
-9999 -9999 -9999 -9999 -9999 -9999 -9999 -9999 -9999 -9999 -9999 -9999 54.861930847168 55.1987724304199 55.1205863952637 54.8125839233398 54.9121704101562 55.1721725463867 55.4843597412109 55.3440895080566 55.4385604858398 55.7342987060547 55.9897918701172 56.0570220947266 56.1302833557129 56.1932106018066 56.3337821960449 56.3969192504883 56.4809532165527 56.5583915710449 56.6342735290527 56.7897109985352 56.913932800293 56.8097152709961 56.6141510009766 56.5860977172852 56.6411247253418 56.6654434204102 56.6131324768066 56.5434989929199 56.6180000305176 56.658374786377 56.6032752990723 56.2661743164062 55.6286659240723 54.7113189697266 54.1696815490723 53.8974876403809 53.8386001586914 53.8051795959473
-9999 -9999 -9999 -9999 -9999 -9999 -9999 -9999 -9999 -9999 -9999 -9999 55.1738700866699 55.3240280151367 55.3280792236328 54.8876647949219 54.9592208862305 55.1166191101074 55.166805267334 54.8503303527832 54.8083610534668 55.415657043457 55.8039588928223 55.8902320861816 55.7882270812988 55.8543472290039 56.0501823425293 56.3363838195801 56.3704719543457 56.362678527832 56.361629486084 56.2726783752441 56.4272727966309 56.5646209716797 56.4828567504883 56.4069023132324 56.4276809692383 56.5189437866211 56.5472946166992 56.4753913879395 56.4157409667969 56.2680244445801 56.1033477783203 55.3700675964355 54.7247428894043 54.4139022827148 54.2305374145508 54.0174560546875 53.922966003418 53.769947052002
-9999 -9999 -9999 -9999 -9999 -9999 -9999 -9999 -9999 -9999 -9999 -9999 55.2902641296387 55.3392639160156 55.5573463439941 55.3812446594238 55.1750259399414 54.8646469116211 54.8536949157715 54.711986541748 54.7084007263184 55.3979377746582 55.8729515075684 55.8718910217285 55.5839195251465 55.4134788513184 55.5337524414062 55.8810005187988 56.0508499145508 56.0092544555664 56.1476745605469 56.330810546875 56.3631820678711 56.4403076171875 56.4306526184082 56.3925666809082 56.2732887268066 56.3608283996582 56.3998527526855 56.2967720031738 56.2385597229004 56.0745277404785 55.3173294067383 54.4183654785156 54.262451171875 54.1940078735352 53.9350128173828 54.0578689575195 54.1896781921387 53.8516120910645
-9999 -9999 -9999 -9999 -9999 -9999 -9999 -9999 -9999 -9999 -9999 -9999 -9999 55.2604179382324 55.4208183288574 55.3810958862305 55.2200126647949 55.0971870422363 54.9717102050781 54.697998046875 54.5422477722168 54.7546730041504 54.8964996337891 55.1934356689453 55.0378570556641 55.0810546875 55.2664375305176 55.3951759338379 55.8333320617676 56.0256195068359 56.2602844238281 56.312557220459 56.2985229492188 56.4373474121094 56.4166679382324 56.3055152893066 56.2816467285156 56.2797012329102 56.1894187927246 55.9074859619141 55.6874580383301 55.3551559448242 55.1321258544922 54.416431427002 54.0927505493164 53.9138374328613 53.7866287231445 53.9755592346191 53.7580490112305 53.2442512512207
-9999 -9999 -9999 -9999 -9999 -9999 -9999 -9999 -9999 -9999 -9999 -9999 -9999 55.0187377929688 55.1416091918945 55.2431221008301 55.1444473266602 55.024974822998 55.0251808166504 54.6652526855469 54.3225059509277 54.2809219360352 54.2073936462402 54.5279273986816 54.7505111694336 54.8998794555664 55.0124816894531 55.2895202636719 55.5593338012695 55.8366966247559 56.0080070495605 56.0174598693848 55.9736747741699 56.2629165649414 56.3797492980957 56.281982421875 56.2964973449707 56.1916236877441 55.6382637023926 55.1187973022461 55.1999244689941 55.4133453369141 54.9057006835938 54.3105087280273 54.0410614013672 53.9338607788086 53.9544944763184 53.776725769043 53.4450492858887 53.0975189208984
-9999 -9999 -9999 -9999 -9999 -9999 -9999 -9999 -9999 -9999 -9999 -9999 -9999 54.8295440673828 54.6307144165039 54.8161125183105 54.6693229675293 54.4388961791992 54.3043632507324 54.3207244873047 54.2112770080566 54.0172882080078 54.1666679382324 54.0931053161621 54.4163246154785 54.587345123291 54.7429351806641 55.0366859436035 55.4102516174316 55.5931816101074 55.7554168701172 55.8153686523438 55.8150253295898 56.0201835632324 56.2001762390137 56.2546348571777 56.2187652587891 56.2619514465332 56.0510330200195 55.5794258117676 55.4229621887207 55.4028968811035 54.7983093261719 54.2631683349609 53.8858833312988 53.7986793518066 53.6735877990723 53.7158088684082 53.5618057250977 53.582275390625
-9999 -9999 -9999 -9999 -9999 -9999 -9999 -9999 -9999 -9999 -9999 -9999 -9999 -9999 54.1320457458496 54.6357612609863 54.4044990539551 53.9975128173828 53.7262878417969 53.8255271911621 53.7333183288574 53.6826286315918 53.9768333435059 54.1570663452148 54.2727508544922 54.4589614868164 54.6438827514648 54.7894439697266 55.1276931762695 55.1583290100098 55.4186897277832 55.5329856872559 55.702262878418 55.8453674316406 56.0273017883301 56.0970687866211 56.1103897094727 56.1291351318359 55.5738182067871 54.3369941711426 53.8674774169922 53.8024787902832 53.5412673950195 53.5691566467285 53.7588119506836 53.7991752624512 53.540096282959 53.7476577758789 54.0942687988281 54.1403617858887
-9999 -9999 -9999 -9999 -9999 -9999 -9999 -9999 -9999 -9999 -9999 -9999 -9999 -9999 54.3400802612305 54.50390625 53.9792785644531 53.494270324707 53.4815864562988 53.5558700561523 53.3221549987793 53.5092430114746 53.8970489501953 54.1500358581543 54.0985870361328 54.1925239562988 54.3441734313965 54.6651840209961 54.8491516113281 54.6537666320801 55.0375785827637 55.4231491088867 55.6453132629395 55.8424415588379 55.9546051025391 56.0489082336426 56.1144065856934 55.8256034851074 54.8072090148926 53.739128112793 53.3692512512207 53.3339881896973 53.2178039550781 53.3008270263672 53.9180946350098 54.3846969604492 54.2072219848633 54.3409881591797 54.6156768798828 54.5566787719727
-9999 -9999 -9999 -9999 -9999 -9999 -9999 -9999 -9999 -9999 -9999 -9999 -9999 -9999 54.11669921875 54.1266784667969 53.832145690918 53.3832931518555 53.4263877868652 53.5294761657715 53.361743927002 53.523063659668 53.420036315918 53.8062591552734 53.9504623413086 54.0905303955078 54.1909141540527 54.3892211914062 54.3911361694336 54.3577346801758 54.6673889160156 55.1749496459961 55.4869155883789 55.5828590393066 55.746150970459 55.6848907470703 55.5765609741211 55.5555572509766 55.3987998962402 55.1708030700684 55.0003089904785 54.7070922851562 54.5515594482422 54.7751235961914 55.033992767334 55.0650939941406 54.584831237793 54.4584007263184 54.4580192565918 54.2838706970215
-9999 -9999 -9999 -9999 -9999 -9999 -9999 -9999 -9999 -9999 -9999 -9999 -9999 -9999 53.9047660827637 53.6827354431152 53.404354095459 53.437385559082 53.5482902526855 53.0504608154297 52.8175354003906 52.9819984436035 53.0173034667969 53.3509902954102 53.5614624023438 53.6369895935059 53.8122215270996 53.9990425109863 53.9792213439941 54.4581680297852 54.8307800292969 55.1049003601074 55.3201942443848 55.353759765625 55.4866485595703 55.5031127929688 55.4591217041016 55.4776611328125 55.708625793457 55.7735595703125 55.6879272460938 55.5096549987793 55.3497581481934 55.275505065918 55.0078811645508 54.578254699707 54.1485862731934 54.2663345336914 54.2985877990723 54.2892799377441
-9999 -9999 -9999 -9999 -9999 -9999 -9999 -9999 -9999 -9999 -9999 -9999 -9999 -9999 53.5312385559082 53.345043182373 53.2470436096191 53.0738906860352 53.0165977478027 52.5352783203125 52.6232223510742 52.6387138366699 53.2365760803223 53.0282325744629 53.2018203735352 53.5438842773438 53.7695579528809 53.9676170349121 54.153434753418 54.5182495117188 54.8531799316406 54.9829292297363 54.9392166137695 55.0963935852051 55.2548980712891 55.4353294372559 55.4404258728027 55.358585357666 55.2806167602539 55.0236396789551 54.9231185913086 55.1635437011719 55.1625137329102 54.8958740234375 54.7307167053223 54.9415092468262 54.5577087402344 54.0585441589355 53.9528770446777 54.0366439819336
-9999 -9999 -9999 -9999 -9999 -9999 -9999 -9999 -9999 -9999 -9999 -9999 -9999 -9999 52.9262428283691 52.9716720581055 52.6537971496582 52.5424003601074 52.4858627319336 52.3629150390625 52.802562713623 53.0370101928711 53.2260360717773 53.1236953735352 53.3445777893066 53.5354537963867 53.8505172729492 54.3059158325195 54.3640480041504 54.5325126647949 54.5660285949707 54.4570159912109 54.483528137207 54.4397735595703 54.6595306396484 54.9932708740234 55.1072196960449 55.0581741333008 54.861499786377 54.5567970275879 54.482120513916 54.7228393554688 54.6245193481445 54.3537178039551 54.2518844604492 54.552734375 54.3316764831543 53.6235771179199 53.5277442932129 53.6137275695801
-9999 -9999 -9999 -9999 -9999 -9999 -9999 -9999 -9999 -9999 -9999 -9999 -9999 -9999 52.7676048278809 52.521183013916 52.4458770751953 52.0238342285156 51.9836959838867 52.525146484375 53.1120109558105 53.1178932189941 53.2351684570312 53.4063606262207 53.2335052490234 53.404655456543 53.5181083679199 53.6600875854492 53.7228660583496 53.9872245788574 54.2294883728027 54.4070205688477 54.5188598632812 54.6398010253906 54.5971412658691 54.8189086914062 54.9175605773926 54.4268836975098 53.878833770752 53.6105155944824 53.6534271240234 53.9917182922363 54.3357925415039 54.0941619873047 53.8963623046875 53.9243278503418 53.7219047546387 53.4832382202148 53.2670516967773 53.343204498291
-9999 -9999 -9999 -9999 -9999 -9999 -9999 -9999 -9999 -9999 -9999 -9999 -9999 -9999 -9999 52.5063209533691 52.2507171630859 51.9897994995117 52.1990242004395 52.8366165161133 53.3473854064941 53.282829284668 53.154296875 53.2105903625488 52.9707489013672 52.9294471740723 53.0212860107422 53.3007888793945 53.5300102233887 53.7451133728027 54.0640068054199 54.3501472473145 54.6822967529297 54.8893356323242 54.9640960693359 55.088550567627 55.0497856140137 54.0731811523438 53.0340538024902 53.0498237609863 53.1072044372559 53.4176635742188 53.8106346130371 53.9278221130371 53.8784637451172 53.7205963134766 53.484790802002 53.5033721923828 53.4091606140137 53.2304191589355
-9999 -9999 -9999 -9999 -9999 -9999 -9999 -9999 -9999 -9999 -9999 -9999 -9999 -9999 -9999 52.121524810791 51.3433151245117 52.0664253234863 52.702278137207 53.184253692627 53.3762168884277 53.169490814209 52.816032409668 52.7255859375 52.553539276123 52.8191604614258 53.1147613525391 53.4000015258789 53.3627853393555 53.4214324951172 53.7285995483398 53.9154434204102 54.3300476074219 54.6944541931152 54.7988929748535 55.0862731933594 55.2236022949219 54.5999336242676 53.9719047546387 54.0843772888184 53.9920043945312 53.9924011230469 53.5171508789062 53.4659957885742 53.8315582275391 53.706600189209 53.4285545349121 53.326229095459 53.2431297302246 53.1028022766113
-9999 -9999 -9999 -9999 -9999 -9999 -9999 -9999 -9999 -9999 -9999 -9999 -9999 -9999 -9999 51.0743064880371 51.272045135498 52.2856254577637 52.749210357666 53.0637512207031 53.2211608886719 52.9038047790527 52.4187431335449 52.3792114257812 52.5899696350098 52.4452056884766 52.5685081481934 52.8713417053223 53.1771697998047 53.4518127441406 53.5091323852539 53.8033676147461 54.3038520812988 54.6143493652344 54.7748832702637 54.9958953857422 55.0378875732422 54.5116653442383 54.2433929443359 54.4721946716309 54.3195838928223 53.9657592773438 53.5895957946777 53.4469223022461 53.4064826965332 53.2928848266602 53.4083213806152 53.3277854919434 53.1748199462891 52.9568939208984
-9999 -9999 -9999 -9999 -9999 -9999 -9999 -9999 -9999 -9999 -9999 -9999 -9999 -9999 -9999 -9999 51.1601333618164 52.1700477600098 52.5685882568359 53.0027885437012 53.1619682312012 53.0551071166992 52.4494819641113 52.1914443969727 52.1795921325684 52.377269744873 52.4562454223633 52.8271636962891 53.1909065246582 53.106014251709 53.2255897521973 53.9204063415527 54.3972930908203 54.6424026489258 54.8470191955566 54.7919807434082 54.2721748352051 53.3840637207031 53.1071243286133 54.0072631835938 53.8758583068848 53.4790115356445 53.1425743103027 52.9429550170898 52.8645362854004 53.0130615234375 53.2266006469727 53.1464920043945 53.1512222290039 52.9253883361816
-9999 -9999 -9999 -9999 -9999 -9999 -9999 -9999 -9999 -9999 -9999 -9999 -9999 -9999 -9999 -9999 50.8077774047852 51.6533699035645 52.2401962280273 52.5244750976562 52.3909034729004 52.6123924255371 52.6598587036133 52.3442840576172 52.0547256469727 52.3255805969238 52.7037544250488 52.9769134521484 53.4181251525879 53.5192565917969 53.5021209716797 53.6950149536133 54.1609573364258 54.375 54.5807952880859 54.312313079834 53.6487274169922 52.778865814209 52.4440269470215 53.0911102294922 53.1183128356934 53.0336608886719 52.9163475036621 52.8350830078125 52.8535575866699 52.9071922302246 53.1777839660645 53.2673530578613 52.9445037841797 52.7732238769531
-9999 -9999 -9999 -9999 -9999 -9999 -9999 -9999 -9999 -9999 -9999 -9999 -9999 -9999 -9999 -9999 50.5376892089844 51.2319030761719 51.6753578186035 51.763786315918 51.8426513671875 52.2609596252441 52.4388160705566 52.2070808410645 52.0888481140137 52.1630058288574 52.5441970825195 53.0313568115234 53.4565582275391 53.5758934020996 53.4367332458496 53.4708518981934 53.7214317321777 54.0504341125488 54.234920501709 53.9381370544434 53.5656471252441 52.9946365356445 52.3865814208984 52.386531829834 52.7105293273926 52.7686653137207 52.8239135742188 52.7634696960449 52.73388671875 52.8435745239258 53.1244239807129 53.2510070800781 53.0356712341309 52.7252349853516
-9999 -9999 -9999 -9999 -9999 -9999 -9999 -9999 -9999 -9999 -9999 -9999 -9999 -9999 -9999 -9999 -9999 50.8399848937988 51.0954208374023 51.2585906982422 51.7212753295898 52.2368507385254 52.2714881896973 51.9073638916016 51.878734588623 52.0090217590332 52.460090637207 52.9613914489746 53.287540435791 53.2617340087891 53.2016410827637 53.3040542602539 53.2704849243164 53.0579719543457 53.1789512634277 53.1385307312012 53.2072944641113 53.0064125061035 52.6945686340332 52.3033599853516 52.2127571105957 52.7719612121582 52.869270324707 52.776195526123 52.4730567932129 52.8170738220215 52.8323020935059 53.1137390136719 53.0038223266602 52.7580108642578
