L_lividipennis/M_variables/Set1/bio_5.asc
NCOLS 82 
NROWS 178 
XLLCORNER -73.9166666666667 
YLLCORNER -43.5416666666667 
CELLSIZE 0.0416666666666667 
NODATA_value -9999 
[rows 66 to 87 of 178, columns 0 to 47 of 82]
-9999 -9999 -9999 -9999 -9999 -9999 -9999 -9999 -9999 -9999 -9999 -9999 -9999 22.7842102050781 23.0319995880127 23.2840003967285 23.42799949646 23.3159999847412 22.5279998779297 22.2560005187988 22.7759990692139 23.2719993591309 23.5399990081787 24.1720008850098 24.3080005645752 24.3199996948242 24.3239994049072 24.2919998168945 24.2600002288818 24.2880001068115 24.3479995727539 24.4079990386963 24.2800006866455 24.003999710083 24.4720001220703 24.5799999237061 24.5160007476807 24.4720001220703 24.4119987487793 24.3479995727539 24.2840003967285 23.9599990844727 23.8479995727539 23.7719993591309 23.5919990539551 23.1000003814697 23.568000793457 24.1679992675781
-9999 -9999 -9999 -9999 -9999 -9999 -9999 -9999 -9999 -9999 -9999 -9999 -9999 22.58571434021 22.9640007019043 23.2480010986328 23.0440006256104 22.5839996337891 22.4120006561279 23.2959995269775 23.2360000610352 23.0919990539551 23.6960010528564 23.9680004119873 24.0920009613037 24.2000007629395 24.1720008850098 24.1400012969971 24.1800003051758 24.1800003051758 24.2119998931885 24.2840003967285 24.1760005950928 23.8719997406006 24.2759990692139 24.4479999542236 24.3759994506836 24.3079986572266 24.1960010528564 24.0839996337891 24.076000213623 24.3039989471436 24.4400005340576 24.5400009155273 24.5319995880127 24.5359992980957 24.4200000762939 24.3840007781982
-9999 -9999 -9999 -9999 -9999 -9999 -9999 -9999 -9999 -9999 -9999 -9999 -9999 -9999 22.8210525512695 23.0880012512207 23.1720008850098 23.068000793457 23.1679992675781 23.5839996337891 23.7119998931885 23.5120010375977 23.7919998168945 23.9519996643066 24.0520000457764 24.1119995117188 24.1160011291504 24.2119998931885 24.2919998168945 24.2959995269775 24.3279991149902 24.3880004882812 24.3199996948242 24.2520008087158 24.3359985351562 24.4400005340576 24.4079990386963 24.2719993591309 24.1200008392334 24.1599998474121 24.2239990234375 24.1440010070801 24.0920009613037 24.3759994506836 24.4799995422363 24.3519992828369 23.6240005493164 21.5799999237061
-9999 -9999 -9999 -9999 -9999 -9999 -9999 -9999 -9999 -9999 -9999 -9999 -9999 -9999 22.8499984741211 23.0879993438721 23.1639995574951 22.8959999084473 23.2800006866455 23.6280002593994 23.7479991912842 23.007999420166 23.5599994659424 23.9079990386963 24.0599994659424 24.07200050354 24.1119995117188 24.0839996337891 24.0160007476807 24.0520000457764 24.1359996795654 24.2080001831055 23.9839992523193 24.1959991455078 24.3039989471436 24.3039989471436 24.2320003509521 24.0799999237061 24.1720008850098 24.3199996948242 24.3279991149902 24.0359992980957 23.7199993133545 23.7840003967285 24.0480003356934 23.7360000610352 22.7199993133545 21.6439990997314
-9999 -9999 -9999 -9999 -9999 -9999 -9999 -9999 -9999 -9999 -9999 -9999 -9999 -9999 22.7999992370605 22.9208335876465 23.3159999847412 23.5319995880127 23.564001083374 23.2999992370605 23.3799991607666 22.576000213623 23.3040008544922 23.7240009307861 23.92799949646 23.8840007781982 23.7439994812012 23.3640003204346 22.8239994049072 23.7919998168945 23.7560005187988 23.6440010070801 23.9039993286133 24.2399997711182 24.3680000305176 24.2320003509521 24.003999710083 23.6560001373291 23.7479991912842 23.7320003509521 23.7360000610352 23.6280002593994 23.7399997711182 23.9039993286133 23.8880004882812 23.6800003051758 23.4039993286133 22.2000007629395
-9999 -9999 -9999 -9999 -9999 -9999 -9999 -9999 -9999 -9999 -9999 -9999 -9999 -9999 -9999 22.794116973877 23.2199993133545 23.507999420166 23.576000213623 23.1200008392334 23.3680000305176 22.492000579834 22.7840003967285 22.7000007629395 23.3880004882812 23.2360000610352 23.4759998321533 23.2840003967285 22.6840000152588 23.5679988861084 24.0200004577637 24.1359996795654 24.1960010528564 24.2000007629395 24.1639995574951 24.2919998168945 24.3279991149902 24.1159992218018 23.8040008544922 23.4680004119873 23.4200000762939 23.2240009307861 22.9600009918213 22.3999996185303 22.7719993591309 22.2280006408691 22.4519996643066 23.4680004119873
-9999 -9999 -9999 -9999 -9999 -9999 -9999 -9999 -9999 -9999 -9999 -9999 -9999 -9999 -9999 22.7000007629395 23.0160007476807 23.3759994506836 23.4720001220703 23.5160007476807 23.4200000762939 22.3999996185303 21.92799949646 21.2679996490479 22.2000007629395 22.6879997253418 23.3719997406006 23.3080005645752 23.0480003356934 23.003999710083 23.9440002441406 24.0839996337891 24.1440010070801 23.9320011138916 23.8680000305176 24.064001083374 24.0559997558594 24.1439990997314 24.1960010528564 23.4400005340576 22.7080001831055 22.7240009307861 23.1280002593994 22.9799995422363 22.1879997253418 21.3759994506836 21.003999710083 21.1000003814697
-9999 -9999 -9999 -9999 -9999 -9999 -9999 -9999 -9999 -9999 -9999 -9999 -9999 -9999 -9999 22.6000003814697 22.7916660308838 23.1879997253418 23.2880001068115 22.2479991912842 22.8719997406006 22.4680004119873 22.3360004425049 22.6959991455078 22.0599994659424 22.8439998626709 22.8039989471436 22.8519992828369 22.6240005493164 22.8360004425049 23.496000289917 23.3959999084473 23.92799949646 23.6560001373291 23.6840000152588 23.6879997253418 23.8799991607666 23.7240009307861 24.07200050354 23.9400005340576 23.7600002288818 23.57200050354 23.507999420166 23.4160003662109 22.8400001525879 21.4039993286133 20.5639991760254 21.0480003356934
-9999 -9999 -9999 -9999 -9999 -9999 -9999 -9999 -9999 -9999 -9999 -9999 -9999 -9999 -9999 -9999 22.6941184997559 23.0440006256104 23.1720008850098 21.931999206543 21.5599994659424 20.7159996032715 20.9479999542236 22.1679992675781 22.5919990539551 22.5160007476807 22.6040000915527 22.4839992523193 22.1520004272461 23.2320003509521 22.8600006103516 22.3840007781982 23.6639995574951 23.3439998626709 23.3759994506836 23.3400001525879 23.5160007476807 23.6319999694824 23.9200000762939 23.935998916626 23.5559997558594 23.5960006713867 23.6159992218018 23.6760005950928 23.7679996490479 23.4639987945557 23.3759994506836 21.8600006103516
-9999 -9999 -9999 -9999 -9999 -9999 -9999 -9999 -9999 -9999 -9999 -9999 -9999 -9999 -9999 -9999 22.6300010681152 22.8159999847412 22.5559997558594 22.7959995269775 22.2119998931885 21.3280010223389 21.6760005950928 21.8239994049072 21.4160003662109 21.7840003967285 22.7600002288818 22.3080005645752 22.3040008544922 22.6639995574951 22.9200000762939 22.3840007781982 23.1760005950928 23.564001083374 23.568000793457 23.6319999694824 23.6560001373291 23.6160011291504 23.7280006408691 23.8400001525879 23.7119998931885 23.5559997558594 23.503999710083 23.576000213623 23.6960010528564 23.8599987030029 24.1040000915527 24.4640007019043
-9999 -9999 -9999 -9999 -9999 -9999 -9999 -9999 -9999 -9999 -9999 -9999 -9999 -9999 -9999 -9999 22.2199993133545 22.4360008239746 21.2959995269775 21.9680004119873 22.3959999084473 21.2959995269775 20.42799949646 19.9799995422363 21.3360004425049 21.5440006256104 22.3360004425049 22.0120010375977 21.6679992675781 21.7040004730225 22.2119998931885 22.7240009307861 23.0240001678467 23.4400005340576 23.4799995422363 23.488000869751 23.2679996490479 22.935998916626 22.2360000610352 22.9039993286133 23.6119995117188 23.4640007019043 23.6200008392334 23.7119998931885 23.6639995574951 23.5 23.2520008087158 23.5440006256104
-9999 -9999 -9999 -9999 -9999 -9999 -9999 -9999 -9999 -9999 -9999 -9999 -9999 -9999 -9999 -9999 22.2999992370605 22.3640003204346 21.4360008239746 20.5839996337891 20.3640003204346 21.4600009918213 21.6720008850098 21.0799999237061 21.7320003509521 21.6959991455078 21.7600002288818 22.2600002288818 22.2679996490479 22.0559997558594 22.8159999847412 23.2800006866455 23.507999420166 23.5920009613037 23.5 23.4079990386963 23.2760009765625 23.2560005187988 22.9519996643066 23.2880001068115 23.4720001220703 23.3239994049072 23.5319995880127 23.42799949646 23 22.3439998626709 21.6520004272461 20.9839992523193
-9999 -9999 -9999 -9999 -9999 -9999 -9999 -9999 -9999 -9999 -9999 -9999 -9999 -9999 -9999 -9999 21.4599990844727 21.9166660308838 21.3199996948242 20.7800006866455 19.9720001220703 21.5919990539551 21.8759994506836 22.2239990234375 21.1919994354248 22.1800003051758 22.5799999237061 22.6000003814697 22.6079998016357 23.1119995117188 23.2279987335205 23.2800006866455 23.4200000762939 23.0400009155273 23.4160003662109 23.2719993591309 22.9519996643066 23.0319995880127 23.1959991455078 23.1679992675781 22.8800010681152 21.9360008239746 21.6599998474121 22.1560001373291 22.2199993133545 21.2199993133545 19.6439990997314 17.992000579834
-9999 -9999 -9999 -9999 -9999 -9999 -9999 -9999 -9999 -9999 -9999 -9999 -9999 -9999 -9999 -9999 21.7000007629395 21.6782608032227 21.7919998168945 21.6720008850098 21.4759998321533 22.1399993896484 22.3239994049072 22.3279991149902 21.4479999542236 22.0599994659424 22.6520004272461 23.1760005950928 23.076000213623 22.3120002746582 21.8600006103516 21.7080001831055 22.0520000457764 21.1800003051758 22.3759994506836 22.8519992828369 22.7520008087158 21.6679992675781 21.8400001525879 22.4160003662109 22.8080005645752 22.576000213623 22.1840000152588 22.2000007629395 21.6639995574951 20.6439990997314 18.6720008850098 15.8439998626709
-9999 -9999 -9999 -9999 -9999 -9999 -9999 -9999 -9999 -9999 -9999 -9999 -9999 -9999 -9999 21.4500007629395 21.3880004882812 21.1599998474121 20.5839996337891 21.7800006866455 22.068000793457 22.507999420166 22.9720001220703 22.8279991149902 22.4440002441406 22.3040008544922 22.92799949646 22.8920001983643 23.0480003356934 22.7480010986328 22.4600009918213 22.7639999389648 22.7639999389648 21.7959995269775 22.4519996643066 21.6079998016357 21.9839992523193 22.3959999084473 21.6760005950928 22.2679996490479 22.2800006866455 22.5960006713867 23.2119998931885 22.7479991912842 22.496000289917 20.6359996795654 19.3439998626709 18.8600006103516
-9999 -9999 -9999 -9999 -9999 -9999 -9999 -9999 -9999 -9999 -9999 -9999 -9999 -9999 -9999 21.7999992370605 21.3799991607666 19.9640007019043 20.1599998474121 21.5160007476807 22.1040000915527 22.8080005645752 23.068000793457 23.0799999237061 23.1480007171631 23.076000213623 23.0400009155273 22.4799995422363 22.1679992675781 21.7919998168945 22.0480003356934 22.7840003967285 23.1800003051758 23.2119998931885 23.2639999389648 23.1399993896484 22.988000869751 22.9680004119873 22.9080009460449 23.2119998931885 23.1879997253418 23.2759990692139 23.3880004882812 23.5520000457764 23.4680004119873 22.1840000152588 21.3040008544922 21.1079998016357
-9999 -9999 -9999 -9999 -9999 -9999 -9999 -9999 -9999 -9999 -9999 -9999 -9999 -9999 -9999 20.8571434020996 20.3239994049072 20.1879997253418 21.9079990386963 22.5400009155273 22.8400001525879 23 23.1319999694824 23.1000003814697 22.9320011138916 22.507999420166 22.6480007171631 21.8719997406006 21.0960006713867 19.9839992523193 21 21.5839996337891 21.7560005187988 22.4360008239746 23.1240005493164 23.3120002746582 23.1840000152588 23.1040000915527 23.2759990692139 23.3080005645752 23.1399993896484 23.1319999694824 23.2280006408691 22.8959999084473 23.1480007171631 23.6719989776611 22.9400005340576 22.1160011291504
-9999 -9999 -9999 -9999 -9999 -9999 -9999 -9999 -9999 -9999 -9999 -9999 -9999 -9999 20.4222221374512 19.6208324432373 20.1760005950928 21.3920001983643 22.3759994506836 22.7119998931885 22.9479999542236 23.076000213623 23.0599994659424 22.8640003204346 22.3279991149902 21.8799991607666 21.8040008544922 22.0879993438721 21.6599998474121 21.1679992675781 20.9479999542236 20.3479995727539 20.6599998474121 21.6840000152588 22.503999710083 22.8719997406006 22.6520004272461 23.1040000915527 23.2399997711182 23.492000579834 23.5839996337891 23.2759990692139 22.0160007476807 21.0359992980957 20.4200000762939 20.8839988708496 22.6760005950928 23.1240005493164
-9999 -9999 -9999 -9999 -9999 -9999 -9999 -9999 -9999 -9999 -9999 -9999 -9999 20.2142848968506 19.5217399597168 19.6399993896484 21.5599994659424 22.1840000152588 22.4519996643066 22.6800003051758 22.8759994506836 23.003999710083 23.0960006713867 23.1520004272461 22.6840000152588 22.2999992370605 22.2800006866455 22.0319995880127 22.0400009155273 21.5200004577637 21.4440002441406 21.7399997711182 21.7759990692139 22.2439994812012 22.4120006561279 22.7479991912842 22.92799949646 23.2040004730225 23.6439990997314 23.5639991760254 23.5400009155273 21.9559993743896 21.3519992828369 21.2959995269775 20.4759998321533 19.8279991149902 19.7999992370605 22.1560001373291
-9999 -9999 -9999 -9999 -9999 -9999 -9999 -9999 -9999 -9999 -9999 -9999 20.2749996185303 19.8047618865967 18.8759994506836 20.6119995117188 21.7759990692139 22.1760005950928 22.3640003204346 22.6119995117188 22.7840003967285 22.923999786377 22.9400005340576 23.0880012512207 23.076000213623 22.6959991455078 22.5799999237061 22.3959999084473 22.2320003509521 22.3479995727539 22.7719993591309 22.423999786377 21.576000213623 21.8040008544922 22.07200050354 22.4479999542236 22.6840000152588 23.1919994354248 23.5559997558594 23.496000289917 23.2399997711182 20.2399997711182 19.6679992675781 20.3880004882812 19.9039993286133 19.4440002441406 21.2880001068115 21.7560005187988
-9999 -9999 -9999 -9999 -9999 -9999 -9999 -9999 -9999 -9999 -9999 -9999 20.5666656494141 19.8439998626709 20.2280006408691 21.2560005187988 21.8360004425049 21.8320007324219 22.1000003814697 22.4599990844727 22.6359996795654 22.488000869751 22.3999996185303 22.8039989471436 22.8159999847412 22.8559989929199 22.7399997711182 22.6280002593994 22.5359992980957 22.7480010986328 22.9720001220703 22.6560001373291 22.2800006866455 22.5639991760254 22.7399997711182 22.5319995880127 22.3199996948242 22.3319988250732 22.2520008087158 22.3560009002686 22.8239994049072 22.1599998474121 19.6720008850098 20.2520008087158 21.1599998474121 20.1359996795654 21.7840003967285 23.0639991760254
-9999 -9999 -9999 -9999 -9999 -9999 -9999 -9999 -9999 -9999 -9999 -9999 20.2900009155273 19.8360004425049 20.3640003204346 21.3239994049072 21.8600006103516 21.6560001373291 21.0520000457764 21.8040008544922 22.1480007171631 22.3159999847412 22.6200008392334 22.7520008087158 22.4519996643066 22.42799949646 22.431999206543 22.423999786377 22.4320011138916 23.0480003356934 22.8839988708496 22.4160003662109 21.7119998931885 22.0559997558594 21.9400005340576 22.6919994354248 21.2919998168945 20.2719993591309 19.8040008544922 19.8080005645752 19.7800006866455 22.1280002593994 23.3560009002686 22.5399990081787 20.7399997711182 21.2880001068115 23.0960006713867 21.0559997558594
