L_lividipennis/M_variables/Set1/bio_4.asc
NCOLS 82 
NROWS 178 
XLLCORNER -73.9166666666667 
YLLCORNER -43.5416666666667 
CELLSIZE 0.0416666666666667 
NODATA_value -9999 
[rows 88 to 109 of 178, columns 0 to 47 of 82]
-9999 -9999 -9999 -9999 -9999 -9999 -9999 -9999 -9999 -9999 -9999 -9999 279.73291015625 290.021301269531 297.996826171875 307.705139160156 317.503326416016 320.476409912109 317.834899902344 318.844696044922 327.042175292969 331.553436279297 334.007751464844 337.280975341797 338.608825683594 339.742889404297 340.703063964844 341.906158447266 345.525085449219 348.352783203125 348.573394775391 345.851348876953 346.766876220703 350.263702392578 350.748718261719 356.029907226562 355.328643798828 354.517517089844 356.740936279297 360.196899414062 364.257446289062 367.965148925781 372.834533691406 377.382171630859 380.943878173828 383.7978515625 389.515655517578 389.850250244141
-9999 -9999 -9999 -9999 -9999 -9999 -9999 -9999 -9999 -9999 259.696838378906 264.402221679688 281.255065917969 288.253387451172 296.879730224609 306.481506347656 315.321594238281 319.063781738281 316.212432861328 316.900054931641 320.669311523438 327.051391601562 330.775970458984 335.4228515625 334.864624023438 338.257476806641 343.750030517578 346.334686279297 348.09130859375 349.184692382812 349.300231933594 349.540954589844 351.425445556641 353.800872802734 354.571807861328 355.787017822266 354.395324707031 354.626556396484 358.831420898438 363.135955810547 365.760375976562 368.175659179688 372.480987548828 376.357452392578 378.765747070312 381.631378173828 385.525726318359 389.033386230469
-9999 -9999 -9999 -9999 -9999 -9999 -9999 -9999 -9999 253.213150024414 260.194091796875 269.0234375 278.194458007812 287.182189941406 294.823181152344 302.932891845703 309.477203369141 315.180236816406 319.949005126953 320.095794677734 319.933502197266 321.204803466797 325.985626220703 331.574157714844 328.801055908203 333.167053222656 342.497100830078 345.886993408203 348.121673583984 350.070587158203 351.015045166016 352.178924560547 353.117767333984 352.807403564453 351.901123046875 353.029357910156 353.380828857422 355.997528076172 358.260131835938 361.487060546875 365.457092285156 370.648803710938 375.291748046875 374.544952392578 374.842071533203 378.071868896484 384.638427734375 388.934906005859
-9999 -9999 -9999 -9999 -9999 -9999 -9999 -9999 -9999 257.765777587891 267.2353515625 274.419677734375 280.855133056641 287.182434082031 295.509490966797 300.375061035156 306.864227294922 310.459197998047 317.539672851562 320.8779296875 321.517333984375 321.656158447266 324.049438476562 324.411346435547 326.777862548828 334.070098876953 341.203277587891 343.132507324219 345.617584228516 349.044219970703 350.758422851562 351.920257568359 353.201202392578 351.455139160156 349.482543945312 349.857482910156 352.023406982422 356.158264160156 359.847900390625 362.000640869141 363.865570068359 368.508209228516 371.583374023438 373.406646728516 375.815704345703 375.114349365234 390.042236328125 392.289886474609
-9999 -9999 -9999 -9999 -9999 -9999 -9999 -9999 -9999 258.767822265625 271.033264160156 278.283752441406 281.381164550781 286.432556152344 293.448883056641 299.033874511719 301.376098632812 305.749816894531 314.79638671875 318.658843994141 320.454925537109 321.030181884766 324.779388427734 324.225646972656 328.258422851562 336.034851074219 341.346435546875 342.241241455078 346.051483154297 349.412719726562 350.208770751953 351.178680419922 352.08349609375 353.004058837891 351.318084716797 351.021118164062 353.968994140625 355.3984375 359.697082519531 363.5732421875 366.751861572266 368.865631103516 370.807495117188 374.822723388672 378.288391113281 381.710662841797 390.596862792969 392.916015625
-9999 -9999 -9999 -9999 -9999 -9999 -9999 -9999 -9999 264.968505859375 270.76025390625 276.925567626953 282.230895996094 285.858337402344 290.738891601562 296.364410400391 299.623291015625 306.352325439453 312.851867675781 317.389312744141 319.992523193359 322.960357666016 326.557464599609 330.941162109375 334.975769042969 338.373016357422 341.426727294922 343.686828613281 347.211700439453 349.454223632812 350.389038085938 352.060150146484 352.752838134766 353.902130126953 353.0546875 352.785705566406 353.323272705078 355.1630859375 358.219757080078 362.289855957031 366.218109130859 368.775054931641 372.422821044922 374.07177734375 378.093963623047 382.419342041016 386.0859375 389.701293945312
-9999 -9999 -9999 -9999 -9999 -9999 -9999 -9999 -9999 268.418609619141 274.725189208984 279.282562255859 281.169525146484 285.330200195312 289.556732177734 294.114074707031 298.396667480469 304.016540527344 310.677947998047 314.338226318359 318.456390380859 322.739044189453 328.079132080078 333.048004150391 337.617553710938 339.342498779297 340.269439697266 343.581817626953 346.240234375 348.493957519531 350.703399658203 353.132232666016 353.750946044922 355.811370849609 356.0380859375 356.65576171875 357.087310791016 356.926116943359 358.740661621094 360.820037841797 364.138153076172 368.274230957031 370.215209960938 372.577850341797 376.737915039062 378.969329833984 384.664398193359 385.600982666016
-9999 -9999 -9999 -9999 -9999 -9999 -9999 -9999 -9999 273.463806152344 277.733947753906 279.825622558594 281.783782958984 284.903198242188 290.557464599609 294.359527587891 299.611755371094 305.721313476562 311.730316162109 314.246887207031 318.524047851562 321.423980712891 326.385345458984 332.147857666016 336.366119384766 339.558471679688 341.482696533203 343.675933837891 345.208709716797 348.078430175781 350.661499023438 353.018524169922 354.304809570312 356.593475341797 358.379974365234 359.514373779297 361.59912109375 363.614532470703 361.581573486328 360.783935546875 365.358764648438 371.035217285156 371.826843261719 373.864013671875 376.664520263672 379.857147216797 384.992950439453 385.242767333984
-9999 -9999 -9999 -9999 -9999 -9999 -9999 -9999 -9999 -9999 277.165069580078 279.542144775391 281.743225097656 284.775909423828 290.19677734375 295.620513916016 301.271820068359 307.791900634766 313.015411376953 315.743438720703 318.003234863281 317.918182373047 323.085266113281 329.792236328125 335.673095703125 339.081451416016 341.627166748047 343.888031005859 344.831817626953 346.863433837891 349.645111083984 352.412170410156 354.421691894531 354.941986083984 354.585540771484 353.825469970703 355.602447509766 358.814300537109 360.908935546875 365.319458007812 368.628875732422 368.432495117188 371.345336914062 375.919708251953 379.099914550781 383.313110351562 385.491149902344 385.954132080078
-9999 -9999 -9999 -9999 -9999 -9999 -9999 -9999 -9999 -9999 278.451477050781 280.243011474609 281.789642333984 284.559997558594 289.651885986328 296.270446777344 303.462036132812 308.175628662109 312.456665039062 315.932159423828 319.185699462891 321.632110595703 327.165649414062 331.181579589844 334.993438720703 338.968780517578 341.694732666016 343.022857666016 344.334503173828 347.043731689453 350.263305664062 353.007598876953 354.577880859375 351.445159912109 347.198425292969 347.344482421875 350.493072509766 354.325500488281 356.525421142578 364.402526855469 370.044830322266 371.729797363281 375.178314208984 381.492156982422 384.809539794922 388.852386474609 388.134643554688 389.026916503906
-9999 -9999 -9999 -9999 -9999 -9999 -9999 -9999 -9999 -9999 273.007995605469 276.532592773438 281.247436523438 285.504119873047 290.38720703125 296.684875488281 301.338012695312 307.165344238281 312.864501953125 317.055908203125 322.104736328125 325.415863037109 328.871276855469 332.303619384766 335.934295654297 338.747985839844 341.593536376953 344.175323486328 345.826232910156 348.734680175781 352.096038818359 354.450408935547 354.756988525391 348.199859619141 345.951202392578 347.547973632812 352.569396972656 356.457305908203 357.241424560547 364.826080322266 372.891204833984 373.370788574219 377.295166015625 380.216552734375 382.803039550781 390.096588134766 389.804290771484 389.757598876953
-9999 -9999 -9999 -9999 -9999 -9999 -9999 -9999 -9999 -9999 269.915252685547 274.255218505859 281.728271484375 286.123809814453 293.578216552734 300.786712646484 304.393310546875 307.420715332031 314.475921630859 320.286712646484 324.709930419922 328.003265380859 330.722503662109 334.493927001953 337.049865722656 339.820953369141 341.831695556641 344.209350585938 346.807067871094 349.230163574219 352.514251708984 354.782043457031 354.8525390625 349.468963623047 347.345306396484 349.534210205078 352.814117431641 355.172943115234 360.224212646484 367.524383544922 372.067230224609 375.881134033203 376.667053222656 382.154449462891 385.310180664062 388.458923339844 389.656677246094 388.615325927734
-9999 -9999 -9999 -9999 -9999 -9999 -9999 -9999 -9999 -9999 271.721984863281 274.583709716797 282.453887939453 288.043853759766 295.1806640625 300.773132324219 306.086975097656 309.326263427734 314.032348632812 320.604278564453 326.173187255859 329.063812255859 331.960418701172 336.058563232422 338.130004882812 338.815093994141 340.424560546875 343.729431152344 346.965179443359 350.245727539062 352.773803710938 355.58837890625 357.729431152344 357.560211181641 354.756530761719 356.080261230469 357.981353759766 360.225067138672 362.884063720703 366.541168212891 370.887237548828 375.972351074219 378.179595947266 379.678771972656 382.255340576172 388.092437744141 391.857086181641 394.204406738281
-9999 -9999 -9999 -9999 -9999 -9999 -9999 -9999 -9999 -9999 270.73583984375 276.568878173828 284.366333007812 288.24853515625 291.607727050781 296.921997070312 303.080902099609 307.150482177734 311.734710693359 317.964080810547 323.229522705078 327.512237548828 331.353149414062 334.799621582031 336.048370361328 337.171081542969 338.484588623047 342.188446044922 346.111022949219 349.355102539062 352.243957519531 354.926971435547 357.249542236328 359.147094726562 358.734191894531 357.984191894531 357.794189453125 359.632232666016 361.318084716797 364.974487304688 367.92724609375 374.428253173828 376.488189697266 380.735748291016 383.304595947266 386.766479492188 389.971160888672 391.269653320312
-9999 -9999 -9999 -9999 -9999 -9999 -9999 -9999 -9999 -9999 -9999 278.502044677734 288.375549316406 294.047637939453 297.341857910156 300.457427978516 305.065185546875 309.030242919922 314.863311767578 319.786010742188 323.993499755859 327.308776855469 330.962951660156 333.740997314453 335.912933349609 336.898468017578 338.550476074219 342.470306396484 346.206573486328 349.535125732422 351.741485595703 354.113891601562 356.203430175781 357.459594726562 358.628540039062 359.069488525391 359.010345458984 360.2255859375 364.404327392578 366.442016601562 370.511932373047 372.772918701172 375.158630371094 380.686676025391 381.621643066406 384.774719238281 388.902496337891 390.337829589844
-9999 -9999 -9999 -9999 -9999 -9999 -9999 -9999 -9999 -9999 -9999 281.516632080078 290.78515625 296.664245605469 298.795562744141 299.346435546875 305.852355957031 311.626861572266 316.368225097656 320.833648681641 324.399017333984 327.551361083984 330.500305175781 332.890106201172 335.198638916016 337.193176269531 339.318023681641 342.591278076172 346.105865478516 348.851135253906 351.916290283203 354.053009033203 355.647247314453 357.159088134766 357.422119140625 356.132904052734 358.294952392578 361.648986816406 364.242279052734 369.615509033203 369.556884765625 371.27490234375 376.357025146484 380.525787353516 381.729339599609 386.843902587891 390.638732910156 392.872741699219
-9999 -9999 -9999 -9999 -9999 -9999 -9999 -9999 -9999 -9999 -9999 282.672332763672 290.293884277344 294.526733398438 296.379455566406 298.374359130859 305.306976318359 311.842224121094 316.892425537109 320.501129150391 323.518615722656 326.334533691406 329.594055175781 331.929138183594 334.585327148438 337.318756103516 340.182769775391 343.347076416016 346.345520019531 349.473236083984 351.653656005859 353.873321533203 355.391448974609 356.331970214844 357.001892089844 356.019256591797 357.875915527344 361.969696044922 365.155822753906 370.645690917969 372.804473876953 372.842620849609 375.2880859375 381.487487792969 383.298675537109 388.6630859375 391.356872558594 394.417907714844
-9999 -9999 -9999 -9999 -9999 -9999 -9999 -9999 -9999 -9999 -9999 283.456939697266 289.353668212891 292.474761962891 295.025512695312 297.707763671875 303.893524169922 310.2080078125 316.647003173828 320.863067626953 324.20458984375 326.406036376953 328.194549560547 330.795654296875 334.454650878906 337.272735595703 339.881774902344 342.976837158203 346.045928955078 349.002227783203 351.615203857422 354.414733886719 356.176147460938 356.736755371094 357.069702148438 356.874420166016 358.392242431641 361.643920898438 366.383178710938 372.117065429688 377.877716064453 377.550323486328 376.162902832031 384.929168701172 391.820129394531 395.192657470703 394.660461425781 397.773681640625
-9999 -9999 -9999 -9999 -9999 -9999 -9999 -9999 -9999 -9999 -9999 282.225372314453 287.74755859375 290.790496826172 295.218048095703 299.056518554688 304.646453857422 310.722229003906 318.376892089844 323.927886962891 325.216094970703 326.582794189453 328.406066894531 331.039398193359 334.081329345703 337.005187988281 339.933502197266 342.919525146484 346.166229248047 348.534942626953 351.110961914062 353.699523925781 355.876525878906 357.270111083984 357.930053710938 358.099578857422 358.668334960938 361.077941894531 365.378021240234 371.88671875 377.273620605469 382.174652099609 381.673583984375 384.704467773438 398.813537597656 400.176910400391 396.492736816406 398.110473632812
-9999 -9999 -9999 -9999 -9999 -9999 -9999 -9999 -9999 -9999 -9999 -9999 285.148803710938 289.542053222656 295.130493164062 299.623229980469 305.704345703125 311.223449707031 317.442077636719 322.148681640625 324.686584472656 325.9765625 327.617645263672 330.074066162109 333.235595703125 335.663940429688 338.430267333984 341.923645019531 345.544036865234 348.769714355469 350.880187988281 352.926239013672 354.970245361328 356.571472167969 357.342926025391 358.668029785156 361.030181884766 362.382476806641 363.799499511719 365.902130126953 371.627716064453 377.654266357422 379.321228027344 379.500030517578 391.228607177734 393.848541259766 392.700073242188 396.202209472656
-9999 -9999 -9999 -9999 -9999 -9999 -9999 -9999 -9999 -9999 -9999 -9999 283.695007324219 288.814605712891 293.825988769531 298.401123046875 304.568237304688 310.010864257812 314.119781494141 317.736877441406 321.362609863281 324.117401123047 325.745941162109 328.169342041016 331.254333496094 334.216094970703 337.118774414062 340.687774658203 344.740020751953 348.435028076172 351.135467529297 353.934631347656 354.743072509766 355.018310546875 355.276763916016 356.999237060547 360.351867675781 362.62939453125 366.154937744141 369.086853027344 370.833801269531 373.568817138672 375.979278564453 379.320709228516 382.987274169922 386.4833984375 391.3740234375 396.176574707031
-9999 -9999 -9999 -9999 -9999 -9999 -9999 -9999 -9999 -9999 -9999 -9999 282.43359375 287.421203613281 292.235168457031 297.587036132812 302.384704589844 307.914093017578 312.161712646484 315.68115234375 318.643524169922 321.775299072266 324.591003417969 326.388702392578 329.545349121094 332.937286376953 335.859222412109 339.546234130859 343.781402587891 347.650970458984 351.255249023438 354.952209472656 355.981781005859 355.727630615234 355.610687255859 357.378784179688 360.124176025391 363.282653808594 366.43896484375 367.329742431641 369.720703125 374.434143066406 378.184112548828 380.989868164062 386.45751953125 389.437042236328 395.397247314453 401.4580078125
