L_lividipennis/M_variables/Set1/bio_4.asc
NCOLS 82 
NROWS 178 
XLLCORNER -73.9166666666667 
YLLCORNER -43.5416666666667 
CELLSIZE 0.0416666666666667 
NODATA_value -9999 
[rows 66 to 87 of 178, columns 0 to 47 of 82]
-9999 -9999 -9999 -9999 -9999 -9999 -9999 -9999 -9999 -9999 -9999 -9999 -9999 291.187469482422 298.999084472656 302.847595214844 304.716400146484 305.571960449219 305.991516113281 308.523223876953 313.368896484375 318.867828369141 323.197906494141 328.007354736328 330.715911865234 330.914184570312 330.973937988281 331.354766845703 331.906707763672 333.682830810547 336.751556396484 339.980621337891 341.008026123047 342.344207763672 345.083923339844 348.384307861328 350.186401367188 352.127502441406 353.882690429688 356.208709716797 359.164031982422 363.227722167969 366.914886474609 369.154541015625 373.012420654297 378.353088378906 381.252014160156 384.760498046875
-9999 -9999 -9999 -9999 -9999 -9999 -9999 -9999 -9999 -9999 -9999 -9999 -9999 286.728057861328 293.513336181641 299.077362060547 301.438201904297 302.512573242188 305.006805419922 309.992645263672 312.498168945312 315.319244384766 320.3125 324.577056884766 327.804840087891 329.164154052734 329.954071044922 330.626403808594 332.371765136719 333.948608398438 336.142974853516 338.231719970703 338.571594238281 339.825927734375 343.090118408203 347.163696289062 349.043121337891 350.589935302734 351.995727539062 354.578491210938 358.101135253906 361.707122802734 365.879913330078 370.083679199219 374.186431884766 378.622528076172 380.52001953125 383.829528808594
-9999 -9999 -9999 -9999 -9999 -9999 -9999 -9999 -9999 -9999 -9999 -9999 -9999 -9999 290.890197753906 297.237213134766 300.773284912109 304.163208007812 307.545593261719 311.316619873047 314.415740966797 316.24853515625 320.355499267578 324.201934814453 326.416656494141 328.838989257812 330.633850097656 332.531616210938 334.450347900391 336.297515869141 338.591979980469 340.058044433594 340.304534912109 341.685607910156 344.226409912109 347.420684814453 349.342559814453 350.587005615234 352.200897216797 354.84521484375 358.015197753906 359.447998046875 362.904968261719 368.092651367188 373.351898193359 377.263671875 380.182647705078 383.8818359375
-9999 -9999 -9999 -9999 -9999 -9999 -9999 -9999 -9999 -9999 -9999 -9999 -9999 -9999 291.230865478516 296.132507324219 300.428344726562 303.086547851562 307.309722900391 311.529602050781 314.466278076172 314.122436523438 318.632598876953 323.457366943359 326.605285644531 328.518371582031 330.986389160156 332.217193603516 332.445831298828 333.460876464844 336.111877441406 338.288696289062 339.067352294922 341.964172363281 345.23876953125 346.824615478516 347.545227050781 348.318267822266 351.362854003906 354.941650390625 356.7822265625 358.550842285156 362.074340820312 366.903961181641 371.480926513672 374.868988037109 379.562622070312 383.727630615234
-9999 -9999 -9999 -9999 -9999 -9999 -9999 -9999 -9999 -9999 -9999 -9999 -9999 -9999 291.384826660156 294.569763183594 301.909240722656 306.281219482422 308.183258056641 309.793121337891 313.158843994141 312.022918701172 317.122192382812 322.260833740234 325.470581054688 327.155364990234 328.287139892578 328.715515136719 328.798553466797 333.395111083984 336.187927246094 337.267669677734 339.847717285156 343.071258544922 345.731719970703 347.039886474609 347.42333984375 347.859497070312 349.990264892578 352.641052246094 355.126068115234 358.094451904297 361.295776367188 365.445190429688 369.018951416016 369.916107177734 374.779937744141 382.990173339844
-9999 -9999 -9999 -9999 -9999 -9999 -9999 -9999 -9999 -9999 -9999 -9999 -9999 -9999 -9999 292.455413818359 301.031677246094 305.886749267578 308.752532958984 309.381958007812 312.944030761719 311.880920410156 315.291046142578 318.40771484375 322.568664550781 324.734252929688 328.036071777344 329.096496582031 329.594451904297 334.224182128906 339.303955078125 340.039886474609 341.771636962891 343.232055664062 344.773223876953 347.667297363281 350.156921386719 351.387176513672 352.472351074219 354.216400146484 356.454315185547 359.345703125 361.591186523438 366.112976074219 368.369598388672 371.177032470703 373.891204833984 377.159362792969
-9999 -9999 -9999 -9999 -9999 -9999 -9999 -9999 -9999 -9999 -9999 -9999 -9999 -9999 -9999 292.124267578125 297.825714111328 303.727294921875 307.853424072266 309.911804199219 312.816741943359 312.043670654297 313.556243896484 314.589416503906 319.088348388672 323.727111816406 329.000701904297 330.769775390625 330.567474365234 333.009552001953 339.1005859375 340.662963867188 342.566009521484 343.616912841797 344.229766845703 346.469299316406 348.841766357422 352.215515136719 354.368560791016 355.489532470703 358.143951416016 361.396026611328 362.737854003906 365.171234130859 368.795837402344 372.929748535156 376.876190185547 381.737121582031
-9999 -9999 -9999 -9999 -9999 -9999 -9999 -9999 -9999 -9999 -9999 -9999 -9999 -9999 -9999 291.074279785156 295.333740234375 301.793914794922 306.433166503906 306.197143554688 311.008331298828 312.791137695312 314.015747070312 317.445831298828 318.622100830078 324.522918701172 327.857421875 330.008880615234 330.505432128906 333.1015625 337.838531494141 338.991516113281 343.091064453125 344.193267822266 345.310302734375 346.625 349.364532470703 351.880279541016 354.872436523438 355.972564697266 357.253112792969 359.726135253906 362.499542236328 364.903015136719 368.248504638672 373.045074462891 377.335571289062 380.765350341797
-9999 -9999 -9999 -9999 -9999 -9999 -9999 -9999 -9999 -9999 -9999 -9999 -9999 -9999 -9999 -9999 296.433990478516 300.703094482422 304.996215820312 305.910186767578 307.739959716797 308.729095458984 312.468780517578 318.427154541016 321.605743408203 324.748199462891 328.102569580078 329.708282470703 330.435699462891 335.588012695312 337.014953613281 337.069732666016 344.269836425781 345.442901611328 346.206634521484 348.556457519531 350.744659423828 353.409271240234 355.633148193359 356.978820800781 357.375915527344 357.604217529297 357.186553955078 360.139984130859 363.997589111328 368.669525146484 375.202026367188 381.918121337891
-9999 -9999 -9999 -9999 -9999 -9999 -9999 -9999 -9999 -9999 -9999 -9999 -9999 -9999 -9999 -9999 296.509735107422 301.142608642578 304.485626220703 309.367736816406 311.936340332031 312.740539550781 316.944030761719 319.710845947266 320.035919189453 324.377624511719 330.122375488281 330.385803222656 331.357757568359 334.788879394531 338.108489990234 338.607391357422 343.783111572266 347.602203369141 349.068634033203 350.494445800781 352.714141845703 354.22314453125 356.274993896484 359.325500488281 359.684509277344 356.169555664062 355.928619384766 358.51416015625 361.919952392578 366.692962646484 375.576080322266 383.634521484375
-9999 -9999 -9999 -9999 -9999 -9999 -9999 -9999 -9999 -9999 -9999 -9999 -9999 -9999 -9999 -9999 295.03173828125 301.743682861328 302.868469238281 308.702087402344 314.052764892578 313.529449462891 313.502899169922 315.044128417969 321.178924560547 325.078796386719 330.520690917969 330.382873535156 330.543792724609 332.0595703125 336.388275146484 340.253692626953 344.421997070312 349.141174316406 350.090789794922 351.457336425781 352.564514160156 353.494934082031 354.805847167969 358.588409423828 362.747467041016 363.143493652344 364.477752685547 366.444061279297 368.482482910156 371.644195556641 376.640441894531 381.141418457031
-9999 -9999 -9999 -9999 -9999 -9999 -9999 -9999 -9999 -9999 -9999 -9999 -9999 -9999 -9999 -9999 296.544494628906 303.154052734375 305.488616943359 305.985687255859 308.445007324219 316.354034423828 319.970397949219 319.48388671875 323.877166748047 326.804351806641 329.594970703125 332.669158935547 334.471313476562 335.0888671875 340.115875244141 344.674011230469 348.090209960938 350.615264892578 351.335296630859 352.246826171875 353.280242919922 354.813537597656 355.840026855469 359.149230957031 363.282470703125 367.253753662109 369.748779296875 371.617980957031 372.911773681641 376.006286621094 379.080810546875 383.756744384766
-9999 -9999 -9999 -9999 -9999 -9999 -9999 -9999 -9999 -9999 -9999 -9999 -9999 -9999 -9999 -9999 293.180511474609 303.851470947266 306.933410644531 308.787078857422 308.857543945312 318.200408935547 322.119018554688 325.064117431641 323.296142578125 329.894073486328 334.603698730469 336.142333984375 337.471435546875 341.041320800781 343.968872070312 346.59765625 349.134368896484 349.236633300781 351.547424316406 352.732330322266 353.581481933594 355.582672119141 357.826080322266 360.718658447266 362.885650634766 365.152069091797 368.985687255859 371.551971435547 374.131469726562 378.236633300781 383.004516601562 385.901153564453
-9999 -9999 -9999 -9999 -9999 -9999 -9999 -9999 -9999 -9999 -9999 -9999 -9999 -9999 -9999 -9999 298.594848632812 305.067993164062 310.126312255859 314.190765380859 315.894104003906 321.447631835938 324.793884277344 326.867126464844 325.881866455078 331.069396972656 336.261810302734 339.803314208984 340.767181396484 340.500366210938 341.659027099609 343.646881103516 345.628601074219 344.195587158203 347.300323486328 349.894866943359 351.237152099609 353.927825927734 356.340515136719 359.107635498047 361.696258544922 362.740173339844 367.374298095703 371.881744384766 375.962188720703 378.168609619141 385.062591552734 386.82958984375
-9999 -9999 -9999 -9999 -9999 -9999 -9999 -9999 -9999 -9999 -9999 -9999 -9999 -9999 -9999 291.974975585938 300.095794677734 305.380950927734 307.344482421875 316.43408203125 320.321838378906 324.1875 328.325317382812 330.495483398438 331.178680419922 333.673645019531 338.420562744141 339.95556640625 341.932739257812 341.541748046875 342.922058105469 347.0048828125 348.159271240234 345.835723876953 348.195068359375 348.870819091797 351.038360595703 354.576721191406 356.208404541016 357.426422119141 358.65576171875 361.509704589844 365.986999511719 370.858154296875 376.574768066406 379.637817382812 384.432067871094 389.087158203125
-9999 -9999 -9999 -9999 -9999 -9999 -9999 -9999 -9999 -9999 -9999 -9999 -9999 -9999 -9999 296.659118652344 301.937194824219 301.623107910156 307.491149902344 317.526275634766 322.251159667969 326.407318115234 330.217987060547 332.946136474609 335.563079833984 337.576812744141 339.619049072266 339.023223876953 338.224395751953 337.609069824219 340.609802246094 346.273681640625 349.524139404297 351.007263183594 353.191711425781 355.380096435547 355.695587158203 357.494842529297 358.718200683594 358.556304931641 357.818237304688 360.972595214844 365.532745361328 370.621856689453 375.758270263672 379.520446777344 384.033660888672 385.559143066406
-9999 -9999 -9999 -9999 -9999 -9999 -9999 -9999 -9999 -9999 -9999 -9999 -9999 -9999 -9999 295.466827392578 300.170440673828 305.412628173828 319.018737792969 324.132568359375 327.010192871094 329.2421875 331.811859130859 333.853942871094 335.511932373047 335.797576904297 337.968811035156 336.4248046875 333.699523925781 331.217651367188 335.939514160156 340.104400634766 342.723968505859 347.714080810547 353.236328125 356.187133789062 356.819427490234 358.037902832031 360.273284912109 361.334747314453 362.954803466797 366.092559814453 369.247314453125 370.567596435547 372.752685546875 377.796325683594 383.117950439453 385.591705322266
-9999 -9999 -9999 -9999 -9999 -9999 -9999 -9999 -9999 -9999 -9999 -9999 -9999 -9999 290.128234863281 292.886596679688 303.900817871094 316.107727050781 324.105438232422 327.379730224609 331.006408691406 332.718383789062 333.188537597656 334.689514160156 334.410247802734 334.054992675781 334.943084716797 337.205230712891 336.522216796875 334.878112792969 335.327850341797 335.891632080078 339.26513671875 345.385955810547 351.011749267578 354.909210205078 355.979278564453 358.8935546875 361.463256835938 363.952056884766 367.031768798828 368.199890136719 367.292449951172 369.077728271484 372.896087646484 377.511596679688 381.203002929688 384.504333496094
-9999 -9999 -9999 -9999 -9999 -9999 -9999 -9999 -9999 -9999 -9999 -9999 -9999 283.617584228516 287.448699951172 296.537170410156 314.553833007812 323.797241210938 327.771453857422 329.580108642578 331.963745117188 333.207153320312 334.738800048828 337.830718994141 337.947235107422 337.224609375 338.266876220703 338.237396240234 338.642822265625 337.054992675781 338.127288818359 340.918426513672 343.097351074219 347.920745849609 351.337921142578 355.256103515625 357.817657470703 360.572296142578 363.611145019531 363.793212890625 365.818817138672 367.147399902344 367.592315673828 369.653686523438 373.79248046875 378.868927001953 382.636535644531 384.841430664062
-9999 -9999 -9999 -9999 -9999 -9999 -9999 -9999 -9999 -9999 -9999 -9999 278.595520019531 284.939666748047 288.960784912109 304.541381835938 318.232299804688 327.002655029297 329.651641845703 331.098388671875 332.453094482422 333.937927246094 336.321502685547 338.393432617188 339.577392578125 339.331451416016 340.469696044922 341.275299072266 341.427062988281 341.694580078125 344.710968017578 345.186218261719 343.137969970703 346.951965332031 351.378540039062 355.425201416016 358.048583984375 360.864410400391 362.993347167969 362.111785888672 363.039703369141 366.372100830078 368.384063720703 371.32568359375 375.292449951172 379.557525634766 383.609252929688 386.856506347656
-9999 -9999 -9999 -9999 -9999 -9999 -9999 -9999 -9999 -9999 -9999 -9999 281.864715576172 287.814819335938 297.131958007812 309.775634765625 319.590972900391 324.410369873047 328.544921875 331.969116210938 333.48876953125 333.852081298828 334.960540771484 337.535278320312 338.906921386719 341.094879150391 342.412322998047 342.923370361328 343.463073730469 344.936157226562 347.855987548828 347.428985595703 347.4560546875 350.3759765625 353.891296386719 355.839050292969 356.663604736328 358.544830322266 359.88720703125 360.575469970703 363.357940673828 367.607635498047 370.398101806641 373.424346923828 375.960357666016 379.371551513672 383.809478759766 388.915008544922
-9999 -9999 -9999 -9999 -9999 -9999 -9999 -9999 -9999 -9999 -9999 -9999 282.184478759766 288.544891357422 297.603546142578 308.412902832031 316.884460449219 319.669677734375 318.550415039062 326.980316162109 331.076232910156 332.743713378906 335.568145751953 338.317199707031 338.537658691406 339.631042480469 341.10986328125 342.152069091797 343.439117431641 347.158172607422 348.505157470703 347.228607177734 345.756011962891 349.152557373047 351.084747314453 355.677703857422 353.940399169922 354.406799316406 356.531097412109 359.523651123047 363.128967285156 367.519622802734 371.993286132812 375.715972900391 376.049530029297 379.666229248047 386.492523193359 389.252075195312
