L_lividipennis/M_variables/Set1/bio_4.asc
NCOLS 82 
NROWS 178 
XLLCORNER -73.9166666666667 
YLLCORNER -43.5416666666667 
CELLSIZE 0.0416666666666667 
NODATA_value -9999 
[rows 44 to 65 of 178, columns 0 to 47 of 82]
-9999 -9999 -9999 -9999 -9999 -9999 -9999 -9999 -9999 -9999 266.687164306641 275.833557128906 283.791351318359 285.830047607422 291.226715087891 298.360809326172 302.461029052734 305.364501953125 310.213836669922 319.800445556641 329.591217041016 339.780212402344 350.115600585938 362.090270996094 369.383087158203 377.543365478516 383.002471923828 376.270629882812 371.280700683594 375.492919921875 381.402923583984 385.566040039062 393.096649169922 397.948211669922 396.059814453125 402.034301757812 403.712707519531 404.120330810547 404.171722412109 404.785583496094 406.411376953125 408.25 409.237396240234 411.587615966797 410.169219970703 407.311737060547 409.910339355469 407.639038085938
-9999 -9999 -9999 -9999 -9999 -9999 -9999 -9999 -9999 -9999 266.07421875 274.190734863281 284.846435546875 287.634552001953 291.439910888672 296.277557373047 303.715759277344 307.667541503906 314.283081054688 323.693389892578 336.543670654297 344.950988769531 353.236267089844 360.358337402344 366.425933837891 373.049224853516 380.260009765625 384.137237548828 385.467071533203 384.828643798828 380.129974365234 384.679718017578 391.839874267578 395.776123046875 399.665222167969 400.674896240234 400.199432373047 399.722564697266 398.752105712891 400.279846191406 402.987915039062 405.622161865234 407.220153808594 407.986907958984 408.359741210938 407.887359619141 407.049835205078 414.04150390625
-9999 -9999 -9999 -9999 -9999 -9999 -9999 -9999 -9999 -9999 -9999 269.963714599609 284.326446533203 287.155883789062 292.073669433594 295.935028076172 300.779968261719 307.350494384766 313.087890625 321.401153564453 330.560821533203 343.571868896484 354.952941894531 363.437438964844 367.495910644531 369.149139404297 373.968475341797 381.440734863281 383.789215087891 384.592742919922 380.851348876953 376.487091064453 380.396697998047 379.612274169922 385.794128417969 395.379486083984 398.664611816406 399.493927001953 397.787933349609 397.288696289062 399.473419189453 401.880157470703 402.955383300781 403.459136962891 402.982543945312 402.292053222656 400.522033691406 408.018157958984
-9999 -9999 -9999 -9999 -9999 -9999 -9999 -9999 -9999 -9999 -9999 276.006683349609 286.768463134766 290.557678222656 294.672607421875 299.485534667969 301.059600830078 308.276763916016 314.239288330078 318.446716308594 325.197387695312 335.9111328125 350.374328613281 361.669311523438 366.594970703125 366.705383300781 368.174041748047 376.029846191406 380.067443847656 380.662292480469 379.519561767578 378.215881347656 381.774169921875 379.931274414062 379.235260009766 385.425903320312 392.594787597656 393.622283935547 394.509460449219 394.890380859375 395.679443359375 397.663635253906 399.764282226562 401.832672119141 402.031341552734 401.708343505859 404.788787841797 409.407470703125
-9999 -9999 -9999 -9999 -9999 -9999 -9999 -9999 -9999 -9999 -9999 281.594512939453 288.316741943359 293.787048339844 296.809539794922 298.694000244141 303.039123535156 308.635986328125 311.95361328125 315.939819335938 322.952056884766 331.039855957031 341.778045654297 353.540496826172 361.355133056641 361.409332275391 362.242492675781 368.544067382812 373.526000976562 377.025817871094 378.957885742188 379.648956298828 381.111663818359 377.414337158203 374.088409423828 375.996398925781 381.712219238281 386.032012939453 390.788177490234 393.927368164062 394.089630126953 394.300750732422 393.998718261719 396.605346679688 400.252502441406 401.656127929688 404.371276855469 407.931060791016
-9999 -9999 -9999 -9999 -9999 -9999 -9999 -9999 -9999 -9999 -9999 269.632049560547 288.151123046875 293.894500732422 295.350158691406 298.790466308594 302.6416015625 307.68310546875 308.565673828125 313.50341796875 319.356567382812 328.252410888672 338.773620605469 345.931488037109 354.990051269531 357.788146972656 357.893371582031 362.104034423828 366.785369873047 372.416717529297 375.063446044922 376.611785888672 375.48388671875 370.413970947266 373.410003662109 378.657257080078 382.581756591797 385.258087158203 389.0166015625 392.015411376953 392.955017089844 392.865478515625 392.6953125 393.414794921875 397.068145751953 399.621124267578 402.995666503906 407.021789550781
-9999 -9999 -9999 -9999 -9999 -9999 -9999 -9999 -9999 -9999 260.915283203125 271.808319091797 286.002990722656 290.535064697266 293.063659667969 298.390655517578 304.113952636719 305.4775390625 309.610137939453 315.647155761719 318.520263671875 324.8154296875 334.335571289062 341.033233642578 349.631134033203 354.178985595703 358.069091796875 360.617462158203 365.478576660156 369.448669433594 372.109161376953 373.890808105469 372.233032226562 369.769195556641 375.548034667969 381.493713378906 383.936004638672 386.650512695312 390.508728027344 392.110931396484 390.704742431641 390.843383789062 391.338653564453 393.226257324219 397.020477294922 398.7568359375 399.797821044922 401.567291259766
-9999 -9999 -9999 -9999 -9999 -9999 -9999 -9999 -9999 254.497451782227 263.010864257812 275.671508789062 284.745697021484 289.339935302734 293.659301757812 298.357055664062 303.165222167969 308.053009033203 312.480773925781 314.544555664062 318.097412109375 323.571350097656 331.146423339844 341.073852539062 347.869781494141 352.313415527344 355.118347167969 356.929321289062 361.788757324219 367.276580810547 369.063232421875 372.027404785156 372.517730712891 374.217926025391 377.504364013672 380.760406494141 383.039154052734 385.366851806641 389.707214355469 391.142517089844 390.30126953125 390.333526611328 390.99951171875 392.367004394531 395.064758300781 397.430694580078 398.189544677734 399.923614501953
-9999 -9999 -9999 -9999 -9999 -9999 -9999 -9999 -9999 255.947708129883 266.349334716797 279.031341552734 286.202667236328 290.549468994141 294.570953369141 299.791961669922 305.34814453125 308.136291503906 312.077667236328 315.531677246094 320.307952880859 324.708404541016 330.744873046875 338.127136230469 347.245727539062 351.114410400391 353.363372802734 355.09765625 355.086395263672 360.173889160156 363.719665527344 366.562713623047 369.338104248047 372.632629394531 374.862274169922 376.493988037109 378.465118408203 382.143707275391 385.362579345703 387.482604980469 388.343536376953 388.647308349609 389.408172607422 390.7314453125 392.093292236328 395.749114990234 397.984619140625 400.689819335938
-9999 -9999 -9999 -9999 -9999 -9999 -9999 -9999 -9999 259.072570800781 269.776275634766 282.166046142578 288.187622070312 291.551696777344 296.022064208984 301.292358398438 306.890594482422 307.087310791016 309.600158691406 314.158203125 321.231140136719 325.519989013672 332.931671142578 338.341613769531 343.006958007812 346.896301269531 350.309753417969 352.496612548828 352.241424560547 354.644165039062 358.06396484375 361.260894775391 362.914672851562 365.86865234375 369.598205566406 372.283599853516 375.385650634766 378.698638916016 381.448547363281 382.76171875 384.055725097656 384.951049804688 385.960266113281 388.537536621094 390.910552978516 394.366241455078 397.650512695312 401.746612548828
-9999 -9999 -9999 -9999 -9999 -9999 -9999 -9999 -9999 260.473388671875 270.633514404297 282.304565429688 289.036254882812 292.081604003906 294.919891357422 300.240783691406 307.240234375 309.279510498047 312.234100341797 315.319946289062 320.091888427734 327.121734619141 333.603057861328 336.595794677734 338.108428955078 344.077362060547 350.050964355469 352.920196533203 353.70068359375 355.5185546875 358.508666992188 359.407623291016 360.650909423828 363.353057861328 366.859527587891 370.439147949219 373.877410888672 376.898284912109 378.537414550781 380.472839355469 382.144989013672 383.217407226562 384.095489501953 386.545928955078 388.434173583984 391.597412109375 396.415374755859 401.925567626953
-9999 -9999 -9999 -9999 -9999 -9999 -9999 -9999 -9999 262.121887207031 270.935424804688 281.380706787109 286.587463378906 291.185333251953 295.484008789062 297.88330078125 302.795166015625 303.606903076172 307.698913574219 311.762878417969 315.247680664062 322.046997070312 330.280181884766 332.518768310547 337.966705322266 342.952880859375 346.709075927734 351.082366943359 353.921783447266 354.820373535156 355.954864501953 359.869995117188 363.376007080078 364.447113037109 366.393005371094 368.742889404297 371.472412109375 374.361938476562 377.453094482422 379.84326171875 381.300872802734 382.864318847656 384.5185546875 385.048217773438 387.229187011719 391.482208251953 396.319671630859 401.057006835938
-9999 -9999 -9999 -9999 -9999 -9999 -9999 -9999 -9999 260.000366210938 267.781372070312 277.555145263672 283.072174072266 288.724456787109 294.242218017578 296.165985107422 298.444610595703 301.053009033203 303.259948730469 308.930694580078 315.771057128906 321.053344726562 325.391693115234 332.026794433594 339.326538085938 344.241088867188 345.791687011719 351.777893066406 356.109588623047 354.267700195312 348.520050048828 356.984130859375 363.283630371094 364.125518798828 365.657257080078 367.24267578125 369.523498535156 372.646820068359 376.194702148438 379.457183837891 381.458923339844 382.554138183594 383.087066650391 383.798583984375 385.830169677734 389.550842285156 393.440307617188 397.141265869141
-9999 -9999 -9999 -9999 -9999 -9999 -9999 -9999 -9999 260.201538085938 266.842193603516 275.869049072266 282.479400634766 286.475952148438 290.748046875 293.785217285156 296.028198242188 299.629028320312 303.048736572266 307.365631103516 311.212615966797 315.321166992188 319.328796386719 327.696350097656 339.279144287109 344.911682128906 347.118469238281 350.976348876953 352.892150878906 350.413330078125 343.552673339844 347.307525634766 355.233093261719 359.5048828125 362.848419189453 367.297302246094 370.125732421875 372.010772705078 373.980621337891 376.890563964844 379.069702148438 378.237915039062 378.737701416016 381.492553710938 384.175231933594 386.520416259766 389.137542724609 391.419738769531
-9999 -9999 -9999 -9999 -9999 -9999 -9999 -9999 -9999 265.877624511719 267.297668457031 275.042419433594 282.882720947266 286.095123291016 288.164978027344 290.619873046875 294.323944091797 300.474731445312 303.877624511719 306.680816650391 310.262176513672 314.486145019531 321.532196044922 332.285247802734 340.995330810547 343.370422363281 344.377105712891 348.358642578125 347.841857910156 344.544464111328 338.554809570312 341.305450439453 349.828796386719 356.093475341797 358.224670410156 363.537719726562 366.658630371094 368.89501953125 371.361785888672 375.381652832031 376.623626708984 374.911224365234 376.38232421875 380.057220458984 383.213195800781 384.177368164062 385.284149169922 389.425445556641
-9999 -9999 -9999 -9999 -9999 -9999 -9999 -9999 -9999 -9999 266.992584228516 274.501159667969 282.643218994141 288.7294921875 290.106781005859 293.502380371094 296.215545654297 303.006286621094 305.872619628906 311.217376708984 314.394958496094 316.556396484375 324.681701660156 334.730438232422 341.476959228516 343.553833007812 343.712066650391 345.330169677734 347.216705322266 346.385711669922 339.700500488281 337.581481933594 343.970794677734 353.312591552734 357.37451171875 359.994293212891 363.702941894531 368.470520019531 371.022521972656 372.103729248047 371.934783935547 372.559417724609 375.192474365234 378.9365234375 380.867706298828 383.305023193359 386.306823730469 389.267913818359
-9999 -9999 -9999 -9999 -9999 -9999 -9999 -9999 -9999 -9999 266.013793945312 274.943786621094 284.890258789062 291.761779785156 295.967254638672 297.759460449219 300.822814941406 306.027618408203 308.392517089844 313.791625976562 317.255462646484 321.993011474609 328.523223876953 334.641754150391 340.210296630859 343.925048828125 342.591247558594 342.692810058594 345.493469238281 346.499664306641 342.906524658203 337.561431884766 340.242431640625 350.126098632812 357.378753662109 360.535217285156 363.408935546875 367.4072265625 368.524505615234 368.018463134766 369.252471923828 371.705810546875 374.802093505859 377.939727783203 379.798156738281 383.737457275391 386.899810791016 390.852172851562
-9999 -9999 -9999 -9999 -9999 -9999 -9999 -9999 -9999 -9999 264.367462158203 274.753265380859 288.066314697266 294.026611328125 298.158843994141 302.082458496094 304.283569335938 309.847503662109 314.459838867188 318.784454345703 322.650085449219 328.79296875 332.64892578125 334.686279296875 337.332824707031 341.496246337891 343.448669433594 343.948791503906 344.497619628906 344.717071533203 344.625549316406 343.252014160156 343.683929443359 351.102752685547 356.085632324219 358.582733154297 360.560577392578 362.351318359375 364.095825195312 365.620697021484 367.659393310547 370.433776855469 373.314971923828 376.704986572266 379.276947021484 383.8203125 387.826507568359 391.883270263672
-9999 -9999 -9999 -9999 -9999 -9999 -9999 -9999 -9999 -9999 -9999 277.518157958984 287.350891113281 293.272796630859 298.259613037109 302.5302734375 305.306091308594 309.182708740234 314.157196044922 319.903533935547 325.392578125 328.780090332031 331.989105224609 333.856048583984 335.028259277344 337.179504394531 340.933380126953 343.876373291016 343.964660644531 343.631500244141 345.476898193359 349.136169433594 349.896148681641 353.201843261719 355.348205566406 356.873138427734 357.328155517578 358.735717773438 361.007171630859 363.512481689453 365.891052246094 367.708923339844 370.738586425781 374.610015869141 378.065124511719 380.814422607422 384.589691162109 389.860565185547
-9999 -9999 -9999 -9999 -9999 -9999 -9999 -9999 -9999 -9999 -9999 282.511749267578 286.334869384766 292.052337646484 298.380645751953 303.241119384766 306.227844238281 306.137054443359 312.026763916016 318.837585449219 324.976501464844 326.997924804688 330.582489013672 333.475311279297 334.538818359375 335.889556884766 338.273712158203 340.407745361328 341.197235107422 341.561920166016 344.351379394531 348.882629394531 349.065368652344 349.350372314453 352.04931640625 353.121795654297 354.150085449219 356.644744873047 358.935852050781 361.456420898438 363.742401123047 364.950866699219 367.429138183594 370.356689453125 375.014739990234 378.796142578125 382.590728759766 388.029357910156
-9999 -9999 -9999 -9999 -9999 -9999 -9999 -9999 -9999 -9999 -9999 -9999 286.792938232422 294.514495849609 300.442962646484 304.528564453125 306.326995849609 307.009643554688 311.362121582031 316.279266357422 322.521423339844 325.274444580078 328.708312988281 331.87451171875 333.249572753906 334.948394775391 336.459808349609 337.737030029297 338.026062011719 338.897644042969 341.437072753906 344.735656738281 346.4375 346.141967773438 347.213012695312 349.459808349609 352.677734375 354.905242919922 356.034484863281 358.640899658203 361.956207275391 363.410614013672 364.943023681641 367.376556396484 372.61279296875 378.216552734375 381.712371826172 386.218017578125
-9999 -9999 -9999 -9999 -9999 -9999 -9999 -9999 -9999 -9999 -9999 -9999 288.562774658203 295.260559082031 301.814239501953 304.668762207031 306.821441650391 309.073669433594 310.409149169922 313.598815917969 319.077087402344 324.864440917969 328.377044677734 331.434600830078 332.911956787109 333.092132568359 334.092803955078 335.146362304688 335.496185302734 336.751983642578 340.056732177734 342.902313232422 345.116577148438 345.995758056641 346.921783447266 349.177856445312 352.051483154297 354.518646240234 355.900451660156 357.420349121094 360.361358642578 363.407897949219 365.303344726562 368.300048828125 372.434692382812 377.070922851562 381.9765625 386.421813964844
