L_lividipennis/M_variables/Set1/bio_15.asc
NCOLS 82 
NROWS 178 
XLLCORNER -73.9166666666667 
YLLCORNER -43.5416666666667 
CELLSIZE 0.0416666666666667 
NODATA_value -9999 
[rows 110 to 131 of 178, columns 0 to 47 of 82]
-9999 -9999 -9999 -9999 -9999 -9999 -9999 -9999 -9999 -9999 -9999 -9999 49.9772911071777 50.0321846008301 51.4356422424316 52.4627876281738 53.3446807861328 53.3172569274902 53.4706916809082 53.0041694641113 53.0697021484375 52.8710021972656 52.7473411560059 52.4977760314941 52.101993560791 51.7776412963867 51.9203109741211 51.5509796142578 51.0648651123047 50.337158203125 49.1583557128906 48.7002105712891 48.2821006774902 48.1577033996582 48.405345916748 47.7395896911621 45.9478607177734 44.9255638122559 44.2264976501465 45.2394828796387 47.4708213806152 52.5879173278809 49.3997077941895 51.4483299255371 54.9739379882812 55.2953224182129 56.2745780944824 57.3418197631836
-9999 -9999 -9999 -9999 -9999 -9999 -9999 -9999 -9999 -9999 -9999 -9999 49.3484916687012 49.838752746582 50.9975852966309 52.3979530334473 52.9660682678223 53.1966857910156 52.8021926879883 52.4404411315918 52.2146339416504 51.9718780517578 52.0142250061035 51.5918159484863 51.5995216369629 51.3004760742188 51.200309753418 50.7314338684082 50.2411499023438 49.9989356994629 50.0924072265625 50.0523109436035 49.2835540771484 48.5643424987793 48.6209411621094 47.71484375 44.7408332824707 44.2199096679688 44.1742477416992 44.6784591674805 48.9838066101074 54.6555862426758 55.4998779296875 55.5836982727051 56.2120094299316 57.3374176025391 56.6412734985352 55.012321472168
-9999 -9999 -9999 -9999 -9999 -9999 -9999 -9999 -9999 -9999 -9999 -9999 49.7193260192871 50.5869750976562 51.7114410400391 52.0039596557617 52.4740829467773 52.6397972106934 52.6298866271973 52.3094902038574 51.8579788208008 51.3591423034668 50.9210624694824 50.7546501159668 50.9575309753418 50.9370269775391 50.6290626525879 50.0586013793945 49.5833854675293 49.2089309692383 49.7637748718262 50.0186576843262 49.9062347412109 49.5367012023926 49.4748191833496 48.9001159667969 46.3236961364746 43.6468849182129 44.210865020752 46.9001426696777 48.1613922119141 49.8432121276855 47.2496643066406 52.7525329589844 51.220344543457 53.8179817199707 56.7375640869141 55.7655220031738
-9999 -9999 -9999 -9999 -9999 -9999 -9999 -9999 -9999 -9999 -9999 -9999 -9999 50.456184387207 51.1682205200195 51.2725105285645 52.0103492736816 52.2660293579102 52.3062477111816 51.7572822570801 51.2064056396484 50.4226989746094 50.0310592651367 49.7042274475098 50.294303894043 50.2820892333984 50.2023315429688 49.3470573425293 48.7385597229004 47.8817253112793 47.7612457275391 47.9970207214355 48.4633407592773 49.384334564209 48.5733909606934 48.8429870605469 48.3931922912598 47.0378646850586 44.1949615478516 43.895751953125 44.1326942443848 44.0032920837402 42.7796630859375 51.555118560791 51.7809524536133 46.5686988830566 55.1183776855469 55.2990417480469
-9999 -9999 -9999 -9999 -9999 -9999 -9999 -9999 -9999 -9999 -9999 -9999 -9999 49.3174209594727 50.0873870849609 51.0215873718262 51.3984985351562 51.6894683837891 51.6258888244629 50.8038864135742 49.5959930419922 49.0248908996582 48.896125793457 48.8809280395508 49.1806678771973 49.5799674987793 49.3491249084473 48.8149375915527 48.201774597168 47.5390853881836 47.174503326416 46.5625114440918 46.6767082214355 45.521427154541 45.9352340698242 47.2912979125977 46.6808929443359 46.5981178283691 45.9261779785156 45.4082145690918 45.2459411621094 44.4382171630859 42.6219062805176 46.7396125793457 52.3081130981445 47.0156898498535 45.3520469665527 53.9432029724121
-9999 -9999 -9999 -9999 -9999 -9999 -9999 -9999 -9999 -9999 -9999 -9999 -9999 48.9287071228027 48.9707908630371 49.9183540344238 50.5412940979004 50.7879371643066 50.2092819213867 49.6968574523926 48.6718559265137 47.9575729370117 47.7153968811035 47.4600791931152 47.8059730529785 48.0773010253906 47.9364585876465 47.6169319152832 47.2192420959473 46.9537773132324 46.7907295227051 46.3867950439453 45.5346183776855 43.9525680541992 43.8521461486816 43.7278861999512 44.2326049804688 43.2701568603516 43.3754081726074 45.7047576904297 51.1060028076172 49.7275886535645 44.1185760498047 47.5363845825195 52.1187515258789 43.0803909301758 44.8699073791504 47.4735374450684
-9999 -9999 -9999 -9999 -9999 -9999 -9999 -9999 -9999 -9999 -9999 -9999 -9999 47.7885589599609 48.0482482910156 48.8470993041992 49.4424934387207 49.1330375671387 48.7367515563965 48.134765625 47.1668243408203 46.7410659790039 46.1840629577637 46.0384788513184 46.8000679016113 48.350902557373 47.891227722168 46.3752632141113 46.0343933105469 45.902099609375 45.82763671875 45.6638298034668 45.0672035217285 43.4772720336914 43.2622528076172 44.4949111938477 43.5450325012207 45.1873092651367 49.035587310791 51.5871238708496 46.7772903442383 42.8698806762695 43.8779296875 50.1114158630371 48.5976982116699 42.1858711242676 51.6727104187012 54.7519721984863
-9999 -9999 -9999 -9999 -9999 -9999 -9999 -9999 -9999 -9999 -9999 -9999 -9999 47.6412925720215 47.6312561035156 47.6525955200195 47.8680458068848 48.0790824890137 47.4553604125977 46.4787254333496 45.8061866760254 45.0980834960938 44.6985130310059 44.8118019104004 46.369441986084 47.4792098999023 47.804874420166 47.5952072143555 46.8201866149902 46.3567886352539 45.4858474731445 44.2764282226562 43.5895042419434 43.2616081237793 43.4345283508301 43.9167366027832 44.8399353027344 44.9650421142578 46.2447471618652 43.5411148071289 43.1481704711914 42.4635772705078 42.9786415100098 46.403263092041 50.2894897460938 42.3444900512695 46.1447830200195 45.9983940124512
-9999 -9999 -9999 -9999 -9999 -9999 -9999 -9999 -9999 -9999 -9999 -9999 -9999 46.8180541992188 46.4308929443359 46.4951820373535 46.5098495483398 46.4155693054199 46.036247253418 45.2539100646973 44.2329406738281 43.5880546569824 43.0230827331543 43.940673828125 45.4626121520996 46.4429321289062 46.814624786377 47.0014343261719 46.7945098876953 46.6873664855957 45.7118186950684 43.4095115661621 42.658561706543 43.9857749938965 45.5153503417969 48.3788719177246 44.9403266906738 45.2449226379395 45.7147750854492 45.4355697631836 46.8275375366211 46.5415306091309 45.4297752380371 45.3361587524414 45.8660583496094 42.729175567627 42.8633308410645 42.4251441955566
-9999 -9999 -9999 -9999 -9999 -9999 -9999 -9999 -9999 -9999 -9999 -9999 -9999 -9999 45.5903663635254 45.351016998291 45.393138885498 45.3404579162598 44.6312789916992 44.0188941955566 43.2691268920898 42.4066886901855 42.7418098449707 43.7271041870117 44.692066192627 45.1513900756836 45.9456596374512 46.3643646240234 46.5939903259277 46.3661422729492 45.6666488647461 43.0107765197754 42.2443084716797 48.647029876709 49.5585250854492 45.4359130859375 47.5706787109375 48.7834434509277 49.471061706543 49.5443153381348 48.2521209716797 46.1048774719238 44.178581237793 44.7665786743164 44.3382835388184 43.89697265625 51.2228698730469 50.8242835998535
-9999 -9999 -9999 -9999 -9999 -9999 -9999 -9999 -9999 -9999 -9999 -9999 -9999 -9999 44.9368438720703 44.46630859375 43.9819297790527 43.6801414489746 43.3594551086426 42.6358070373535 42.0219612121582 41.8373718261719 42.002254486084 43.1407432556152 43.8532104492188 44.318660736084 44.9162979125977 45.6152381896973 45.8583984375 45.588794708252 45.398006439209 44.8012847900391 42.2146492004395 43.1368141174316 43.3879165649414 45.338550567627 45.8708992004395 45.2233123779297 47.5188407897949 49.1083145141602 47.1779632568359 48.8428497314453 50.0079345703125 44.1647644042969 43.6412620544434 45.4313049316406 46.6844902038574 49.8986778259277
-9999 -9999 -9999 -9999 -9999 -9999 -9999 -9999 -9999 -9999 -9999 -9999 -9999 -9999 43.8596649169922 43.2308807373047 42.8691520690918 42.4051475524902 42.1224975585938 41.6988716125488 40.9638938903809 40.8412704467773 41.485107421875 42.2256622314453 42.9150695800781 43.4693298339844 44.0235748291016 44.4733657836914 44.7854156494141 44.8312187194824 44.9461250305176 45.3140144348145 44.7943420410156 44.1045875549316 44.4736213684082 43.4830360412598 45.092529296875 45.6108665466309 43.8620338439941 47.9763870239258 46.2081909179688 50.779972076416 45.1789741516113 43.9377365112305 50.6991119384766 50.7383041381836 49.8670043945312 48.0373077392578
-9999 -9999 -9999 -9999 -9999 -9999 -9999 -9999 -9999 -9999 -9999 -9999 -9999 -9999 42.4580039978027 42.1880187988281 41.5781745910645 41.209888458252 40.9701080322266 40.6394233703613 40.0061149597168 40.1769180297852 41.1101112365723 41.8012084960938 42.2471199035645 42.6169090270996 43.3363494873047 43.9990425109863 43.8545532226562 43.1784782409668 43.716121673584 44.3460426330566 44.7185134887695 45.2878074645996 45.8518333435059 44.504020690918 42.9180564880371 44.9844589233398 43.8332366943359 47.1228332519531 43.9151573181152 48.2846488952637 44.0920944213867 43.7763786315918 43.3985900878906 44.113094329834 45.335807800293 48.7054557800293
-9999 -9999 -9999 -9999 -9999 -9999 -9999 -9999 -9999 -9999 -9999 -9999 -9999 -9999 41.1931953430176 40.7735404968262 40.7464790344238 40.1907157897949 39.7027931213379 39.4657821655273 39.4029350280762 39.6616439819336 40.1183929443359 40.9587287902832 41.616325378418 41.8455085754395 42.2034187316895 42.5828704833984 42.3483734130859 42.3549728393555 42.6058464050293 42.6939277648926 43.3451385498047 43.9570007324219 45.6220092773438 44.7585067749023 45.7079696655273 43.3643684387207 42.8592414855957 45.7236862182617 44.2642936706543 46.4568672180176 44.522876739502 50.6118087768555 46.1620025634766 42.9087371826172 46.6009674072266 50.5642356872559
-9999 -9999 -9999 -9999 -9999 -9999 -9999 -9999 -9999 -9999 -9999 -9999 -9999 -9999 -9999 40.2361183166504 39.6203651428223 39.2408218383789 39.1124687194824 38.8740730285645 39.04541015625 39.2389678955078 39.7761344909668 40.4175872802734 40.6616554260254 40.5537872314453 40.6320343017578 40.8897323608398 41.2754440307617 41.8238868713379 43.4054412841797 45.3212738037109 43.1924781799316 42.6013107299805 43.3822708129883 44.695369720459 46.1737976074219 43.3041152954102 43.4571304321289 43.5118446350098 44.069694519043 45.0271606445312 45.5615615844727 50.3723526000977 47.2779769897461 45.7804908752441 43.8734016418457 48.4473991394043
-9999 -9999 -9999 -9999 -9999 -9999 -9999 -9999 -9999 -9999 -9999 -9999 -9999 -9999 -9999 40.0086555480957 39.2285385131836 38.4641494750977 38.6031646728516 38.1572380065918 38.5628547668457 38.9554100036621 38.9574851989746 39.4391899108887 39.53515625 39.4310646057129 39.5239524841309 39.9668655395508 40.2903480529785 40.8618469238281 42.2400131225586 44.0746269226074 43.1348457336426 42.6387100219727 42.6042633056641 43.022331237793 45.3181610107422 45.6045761108398 44.6016464233398 45.3805961608887 44.1709213256836 48.7377166748047 48.5941200256348 48.1641120910645 50.3316307067871 49.5410385131836 47.3062362670898 49.4355812072754
-9999 -9999 -9999 -9999 -9999 -9999 -9999 -9999 -9999 -9999 -9999 -9999 -9999 -9999 -9999 39.8130874633789 39.0121841430664 38.5865516662598 38.4843254089355 38.5165596008301 38.2288093566895 38.1350288391113 38.2515983581543 38.6183776855469 38.8681678771973 38.7899436950684 39.3890533447266 39.7514190673828 40.0864524841309 40.676887512207 41.2101135253906 41.6526756286621 42.0956802368164 42.5060195922852 43.1588745117188 43.2985000610352 45.1376762390137 44.8103866577148 48.1490440368652 45.555248260498 43.7923316955566 48.3247413635254 47.1892166137695 45.1788330078125 46.1080436706543 47.8135681152344 49.8923301696777 50.6454200744629
-9999 -9999 -9999 -9999 -9999 -9999 -9999 -9999 -9999 -9999 -9999 -9999 -9999 -9999 -9999 -9999 39.2142028808594 38.5863952636719 38.096435546875 37.5165596008301 37.2844924926758 37.9068984985352 38.0722122192383 38.4570465087891 38.60546875 38.2775535583496 39.3378715515137 39.9770812988281 40.7785224914551 40.7204933166504 41.2373809814453 42.1085929870605 43.1866302490234 44.2974548339844 44.0603981018066 45.7883529663086 45.8861389160156 44.5030670166016 47.6683616638184 44.4022407531738 45.3698844909668 44.5720558166504 46.4907913208008 49.56787109375 46.8804588317871 47.5970344543457 47.4692077636719 47.7202110290527
-9999 -9999 -9999 -9999 -9999 -9999 -9999 -9999 -9999 -9999 -9999 -9999 -9999 -9999 -9999 -9999 38.7759017944336 38.2771835327148 37.4163551330566 37.2561454772949 37.2092437744141 37.2536888122559 36.9702568054199 37.7181854248047 38.3927612304688 38.9013404846191 39.170036315918 39.039608001709 39.9154663085938 41.2433052062988 41.3402900695801 41.5535469055176 42.1601409912109 42.5642890930176 44.0272903442383 43.8605651855469 45.0251350402832 43.9391212463379 46.9832458496094 44.143726348877 44.8849639892578 48.0267715454102 49.8325729370117 48.2990493774414 50.7663269042969 50.7391319274902 47.5664215087891 46.3832092285156
-9999 -9999 -9999 -9999 -9999 -9999 -9999 -9999 -9999 -9999 -9999 -9999 -9999 -9999 -9999 -9999 38.651969909668 37.9230918884277 37.2458992004395 36.9795341491699 37.3707809448242 37.3856620788574 37.4794006347656 -9999 -9999 39.8338661193848 40.3294715881348 39.4797172546387 39.1080665588379 40.4380493164062 41.0449600219727 41.7385215759277 42.5629730224609 43.1629333496094 43.3171119689941 43.4056968688965 43.3865356445312 44.9447555541992 47.3495750427246 45.2060279846191 44.4833793640137 49.7632522583008 45.705997467041 48.3389854431152 48.4466590881348 50.3858642578125 46.5046730041504 45.3028335571289
-9999 -9999 -9999 -9999 -9999 -9999 -9999 -9999 -9999 -9999 -9999 -9999 -9999 -9999 -9999 -9999 -9999 37.7649154663086 37.067756652832 37.061695098877 37.5072708129883 38.1169166564941 38.2761459350586 -9999 -9999 -9999 -9999 40.2097244262695 40.2957534790039 39.612907409668 40.2537307739258 40.8887481689453 42.2941589355469 44.1556129455566 43.506519317627 43.8870239257812 43.3768997192383 44.1792373657227 45.1377639770508 44.9153518676758 46.1685409545898 47.438835144043 45.7717781066895 47.9203910827637 48.2284660339355 51.6094207763672 48.5485000610352 46.3697891235352
-9999 -9999 -9999 -9999 -9999 -9999 -9999 -9999 -9999 -9999 -9999 -9999 -9999 -9999 -9999 -9999 -9999 37.600700378418 37.2527809143066 37.4114036560059 38.012378692627 38.3860931396484 38.2920532226562 -9999 -9999 -9999 -9999 -9999 -9999 41.2291679382324 40.9891510009766 41.2727890014648 41.6460494995117 42.4164924621582 44.0121765136719 43.729076385498 42.8579063415527 44.7322540283203 44.1720809936523 43.6634712219238 45.6249542236328 45.5206260681152 46.4641647338867 47.7615089416504 49.615062713623 48.3176231384277 48.6851577758789 46.1585388183594
