L_lividipennis/M_variables/Set1/bio_2.asc
NCOLS 82 
NROWS 178 
XLLCORNER -73.9166666666667 
YLLCORNER -43.5416666666667 
CELLSIZE 0.0416666666666667 
NODATA_value -9999 
[rows 88 to 109 of 178, columns 0 to 47 of 82]
-9999 -9999 -9999 -9999 -9999 -9999 -9999 -9999 -9999 -9999 -9999 -9999 8.5546875 8.64333343505859 8.69799995422363 8.90433311462402 9.37533378601074 9.37733364105225 9.20866680145264 9.22833347320557 9.38933277130127 9.64866733551025 9.8080005645752 9.98799991607666 10.0456666946411 10.0103330612183 10.0303335189819 10.1706666946411 10.502667427063 10.8373336791992 10.7693338394165 10.5426664352417 10.5066661834717 10.7113332748413 10.6370000839233 10.5946664810181 10.400333404541 10.3253335952759 10.4106664657593 10.5463333129883 10.5876665115356 10.6859998703003 10.8473329544067 11.0563335418701 11.2369995117188 11.2436666488647 11.4263334274292 11.4736671447754
-9999 -9999 -9999 -9999 -9999 -9999 -9999 -9999 -9999 -9999 8.26875019073486 8.29374980926514 8.47430610656738 8.56033325195312 8.66133308410645 8.9350004196167 9.40966701507568 9.41166687011719 9.18966674804688 9.20133304595947 9.30433368682861 9.44266700744629 9.57433319091797 9.73366641998291 9.78566646575928 9.93200016021729 10.2156667709351 10.3803329467773 10.5279998779297 10.7663335800171 10.7560005187988 10.7159996032715 10.8266668319702 10.9763336181641 10.929666519165 10.8863334655762 10.7396669387817 10.6053333282471 10.5486669540405 10.539999961853 10.5646667480469 10.654333114624 10.8926668167114 11.1013336181641 11.2770004272461 11.3666667938232 11.4326667785645 11.4566669464111
-9999 -9999 -9999 -9999 -9999 -9999 -9999 -9999 -9999 8.22500038146973 8.31403541564941 8.31376838684082 8.31111145019531 8.51277732849121 8.67366695404053 8.80666732788086 9.0649995803833 9.13899993896484 9.11299991607666 9.21999931335449 9.30666637420654 9.39333343505859 9.47666645050049 9.60066699981689 9.64133358001709 9.80300045013428 10.1046667098999 10.3323335647583 10.4879999160767 10.6803331375122 10.78600025177 10.8463335037231 10.878999710083 10.7883329391479 10.7213335037231 10.6816673278809 10.5736665725708 10.5516662597656 10.5326662063599 10.5123338699341 10.5463333129883 10.7690000534058 11.0579996109009 11.1449995040894 11.2196664810181 11.4633331298828 11.364333152771 11.3553333282471
-9999 -9999 -9999 -9999 -9999 -9999 -9999 -9999 -9999 8.29756927490234 8.41833305358887 8.46533298492432 8.46403503417969 8.56333351135254 8.67619037628174 8.77766704559326 8.94433307647705 9.02566623687744 9.12600040435791 9.28933334350586 9.37600040435791 9.41133308410645 9.45699977874756 9.54800033569336 9.5756664276123 9.7180004119873 9.94133281707764 10.1126661300659 10.3159999847412 10.5983333587646 10.7550001144409 10.8616666793823 10.8413333892822 10.6343336105347 10.4549999237061 10.3940000534058 10.3826665878296 10.4353332519531 10.5010004043579 10.5250005722046 10.5543336868286 10.7810001373291 10.9926662445068 11.0966663360596 11.4630002975464 11.6706666946411 11.4883337020874 11.3653335571289
-9999 -9999 -9999 -9999 -9999 -9999 -9999 -9999 -9999 8.36766624450684 8.46966648101807 8.52166652679443 8.56233310699463 8.625 8.7093334197998 8.80733299255371 8.92333316802979 9.00333309173584 9.13700008392334 9.30233287811279 9.40966606140137 9.4379997253418 9.48099994659424 9.52733325958252 9.54966640472412 9.77133274078369 10.014666557312 10.1126670837402 10.3866662979126 10.6646661758423 10.7249994277954 10.8339996337891 10.8500003814697 10.7483329772949 10.4896669387817 10.3646669387817 10.4036664962769 10.4139995574951 10.5003337860107 10.5650005340576 10.6040000915527 10.6829996109009 10.7993335723877 11.0413331985474 11.3680000305176 11.5863332748413 11.3626661300659 11.2786664962769
-9999 -9999 -9999 -9999 -9999 -9999 -9999 -9999 -9999 8.40733337402344 8.4466667175293 8.4883337020874 8.56133365631104 8.64400005340576 8.72633266448975 8.81866645812988 8.90233325958252 9.00766658782959 9.10733318328857 9.22666645050049 9.33899974822998 9.38500022888184 9.52933311462402 9.68433284759521 9.85533332824707 10.0163335800171 10.1479997634888 10.3453330993652 10.6140003204346 10.7259998321533 10.7413330078125 10.8756666183472 10.9483337402344 10.960000038147 10.743332862854 10.5719995498657 10.4846668243408 10.440333366394 10.4516668319702 10.5073328018188 10.5539999008179 10.6630001068115 10.8296670913696 10.8179998397827 11.0303335189819 11.0910005569458 11.0833330154419 11.1719999313354
-9999 -9999 -9999 -9999 -9999 -9999 -9999 -9999 -9999 8.37833309173584 8.45766639709473 8.51133346557617 8.56133365631104 8.65833377838135 8.75233364105225 8.83766651153564 8.94633293151855 9.06799983978271 9.14400005340576 9.22866630554199 9.29133319854736 9.36166667938232 9.59766674041748 9.89333343505859 10.1286659240723 10.2106666564941 10.3156671524048 10.5543327331543 10.7116661071777 10.7293329238892 10.789999961853 10.929666519165 11.0069999694824 11.0533332824707 10.974666595459 10.9173336029053 10.8556671142578 10.7136669158936 10.5480003356934 10.408332824707 10.4976663589478 10.7163333892822 10.7596664428711 10.6883335113525 10.8059997558594 10.7616662979126 11.0496664047241 10.9456672668457
-9999 -9999 -9999 -9999 -9999 -9999 -9999 -9999 -9999 8.3866662979126 8.47299957275391 8.5019998550415 8.55099964141846 8.65900039672852 8.79899978637695 8.87666702270508 8.95033359527588 9.0843334197998 9.26266670227051 9.32600021362305 9.36100006103516 9.38866710662842 9.57733345031738 9.86533355712891 10.0936670303345 10.3013334274292 10.5256662368774 10.6533336639404 10.7073335647583 10.7046661376953 10.7639999389648 10.8680000305176 10.9270000457764 10.9373331069946 10.8570003509521 10.8326663970947 10.8579998016357 10.8786668777466 10.6893339157104 10.4580001831055 10.5950002670288 10.7980003356934 10.7366666793823 10.6823329925537 10.686333656311 10.7186670303345 11.0036668777466 10.8540000915527
-9999 -9999 -9999 -9999 -9999 -9999 -9999 -9999 -9999 -9999 8.44766616821289 8.49300003051758 8.51599979400635 8.62466621398926 8.80166721343994 8.92700004577637 9.03833293914795 9.18033313751221 9.36400032043457 9.42566680908203 9.44333362579346 9.42000007629395 9.5310001373291 9.78766632080078 10.1180000305176 10.4176664352417 10.6206665039062 10.6933336257935 10.664999961853 10.6199998855591 10.6339998245239 10.7326669692993 10.7763338088989 10.5566663742065 10.2616672515869 10.0963335037231 10.1173334121704 10.2333335876465 10.3529996871948 10.5643339157104 10.7263336181641 10.5906667709351 10.5333337783813 10.6783332824707 10.7866668701172 10.9886665344238 11.0313329696655 10.8966665267944
-9999 -9999 -9999 -9999 -9999 -9999 -9999 -9999 -9999 -9999 8.38199996948242 8.46133327484131 8.50899982452393 8.59200000762939 8.76466655731201 8.97033309936523 9.18566703796387 9.27799987792969 9.36800003051758 9.44233322143555 9.53266620635986 9.55033302307129 9.75766658782959 9.97466659545898 10.2093334197998 10.4420003890991 10.5786666870117 10.6306667327881 10.5786666870117 10.5763330459595 10.621000289917 10.6686668395996 10.6256666183472 10.0249996185303 9.69099998474121 9.71033382415771 9.78366661071777 9.87966728210449 9.94000053405762 10.3343334197998 10.6770000457764 10.5819997787476 10.6833333969116 10.9530000686646 11.1190004348755 11.3819999694824 11.2446660995483 11.1510000228882
-9999 -9999 -9999 -9999 -9999 -9999 -9999 -9999 -9999 -9999 8.19900035858154 8.32633304595947 8.46333312988281 8.58766651153564 8.76299953460693 8.93400001525879 9.02533340454102 9.15299987792969 9.36700057983398 9.53666687011719 9.75933265686035 9.89466667175293 10.0483331680298 10.2293329238892 10.3843336105347 10.4846668243408 10.548999786377 10.6083335876465 10.6043329238892 10.6196660995483 10.6900005340576 10.7106666564941 10.4996671676636 9.74433326721191 9.61600017547607 9.68766689300537 9.80399990081787 9.9146671295166 9.95199966430664 10.3743333816528 10.8443326950073 10.811333656311 10.8333330154419 10.8573331832886 10.8979997634888 11.2266664505005 11.2663335800171 11.1773328781128
-9999 -9999 -9999 -9999 -9999 -9999 -9999 -9999 -9999 -9999 8.09333324432373 8.23200035095215 8.4176664352417 8.63000011444092 8.92966651916504 9.14466667175293 9.09233379364014 9.10166645050049 9.42733287811279 9.7306661605835 9.92266654968262 10.1083335876465 10.239333152771 10.3426666259766 10.4766664505005 10.5526666641235 10.5753335952759 10.6046667098999 10.6110000610352 10.6269998550415 10.6793336868286 10.6529998779297 10.3636665344238 9.7906665802002 9.65299987792969 9.71100044250488 9.79866695404053 9.85900020599365 10.0863332748413 10.5226669311523 10.8733329772949 10.9843330383301 10.9040002822876 10.9066667556763 10.8273334503174 10.775333404541 10.9503335952759 10.8916664123535
-9999 -9999 -9999 -9999 -9999 -9999 -9999 -9999 -9999 -9999 8.11466693878174 8.25399971008301 8.506667137146 8.76799964904785 9.06666660308838 9.1656665802002 9.22666645050049 9.22200012207031 9.40200042724609 9.74533367156982 10.0006666183472 10.1736669540405 10.2906665802002 10.4153337478638 10.5473337173462 10.5533332824707 10.5640001296997 10.6473331451416 10.6806659698486 10.7506666183472 10.7903337478638 10.824333190918 10.7790002822876 10.4409999847412 10.1086664199829 10.1173334121704 10.1783332824707 10.2463331222534 10.2436666488647 10.3573331832886 10.7023334503174 11.0410003662109 11.1079998016357 10.9553337097168 10.878999710083 10.8719997406006 11.0416669845581 11.1986665725708
-9999 -9999 -9999 -9999 -9999 -9999 -9999 -9999 -9999 -9999 8.11600017547607 8.31599998474121 8.60833358764648 8.84366703033447 9.05366611480713 9.1569995880127 9.25966644287109 9.36399936676025 9.52466678619385 9.75566673278809 9.96500015258789 10.1260004043579 10.2489995956421 10.356333732605 10.4596662521362 10.4479999542236 10.4530000686646 10.5783338546753 10.6990003585815 10.8226671218872 10.8753328323364 10.8793334960938 10.8800001144409 10.8109998703003 10.7156667709351 10.5883331298828 10.4609994888306 10.4126663208008 10.3640003204346 10.4623336791992 10.6310005187988 10.9169998168945 11.0383329391479 11.1090002059937 11.0243330001831 11.0423336029053 11.1223335266113 11.0466661453247
-9999 -9999 -9999 -9999 -9999 -9999 -9999 -9999 -9999 -9999 -9999 8.4069995880127 8.83400058746338 9.05566692352295 9.21333312988281 9.30300045013428 9.28933334350586 9.41300010681152 9.74166679382324 9.94233322143555 10.0813331604004 10.1456661224365 10.228666305542 10.2923336029053 10.3690004348755 10.4756669998169 10.563666343689 10.614333152771 10.7080001831055 10.8063335418701 10.8616666793823 10.9179992675781 10.8900003433228 10.8116664886475 10.7413330078125 10.6009998321533 10.4636669158936 10.3926668167114 10.4423332214355 10.4460000991821 10.5989999771118 10.6943330764771 10.7516660690308 10.960000038147 10.9313335418701 10.9463329315186 11.0246667861938 10.896333694458
-9999 -9999 -9999 -9999 -9999 -9999 -9999 -9999 -9999 -9999 -9999 8.56866645812988 8.97833347320557 9.15933322906494 9.24399948120117 9.31400012969971 9.40433311462402 9.59933376312256 9.81233310699463 9.98099994659424 10.0989999771118 10.1663331985474 10.2536668777466 10.3210000991821 10.3586664199829 10.4720001220703 10.5896663665771 10.6119995117188 10.6606664657593 10.7256669998169 10.8103332519531 10.9040002822876 10.8933334350586 10.8400001525879 10.6453332901001 10.4243335723877 10.3870000839233 10.4173336029053 10.4029998779297 10.6083335876465 10.5900001525879 10.5936660766602 10.7150001525879 10.8703336715698 10.8000001907349 10.8339996337891 10.9479999542236 10.9466667175293
-9999 -9999 -9999 -9999 -9999 -9999 -9999 -9999 -9999 -9999 -9999 8.68366622924805 8.93200016021729 9.01300048828125 9.13166618347168 9.26766681671143 9.44033336639404 9.6133337020874 9.78833389282227 9.95433330535889 10.0693340301514 10.1706666946411 10.2483329772949 10.3293333053589 10.3620004653931 10.4443340301514 10.5389995574951 10.5856666564941 10.6536664962769 10.7356672286987 10.7603340148926 10.8070001602173 10.7746667861938 10.6479997634888 10.4869995117188 10.3216667175293 10.3016672134399 10.3693332672119 10.4076662063599 10.8253335952759 11.1230001449585 10.9683332443237 10.7603330612183 10.8606662750244 10.7876663208008 10.9166669845581 10.9700002670288 10.9653329849243
-9999 -9999 -9999 -9999 -9999 -9999 -9999 -9999 -9999 -9999 -9999 8.76700019836426 8.9689998626709 8.97266674041748 9.04199981689453 9.18200016021729 9.38766670227051 9.51333332061768 9.71799945831299 9.91033363342285 10.0236663818359 10.1280002593994 10.2243328094482 10.3036661148071 10.3703336715698 10.429666519165 10.5150003433228 10.5806665420532 10.6420001983643 10.7360000610352 10.7853326797485 10.8316669464111 10.8240003585815 10.686333656311 10.5066661834717 10.3296670913696 10.3000001907349 10.3309993743896 10.4130001068115 10.7766666412354 11.2299995422363 11.3190002441406 11.3276662826538 11.1656665802002 11.0206661224365 11.0120000839233 10.9723329544067 10.9263334274292
-9999 -9999 -9999 -9999 -9999 -9999 -9999 -9999 -9999 -9999 -9999 8.68133354187012 8.88299942016602 8.87533378601074 9.01166725158691 9.18800067901611 9.45033359527588 9.60366630554199 9.7209997177124 9.89766693115234 10.0260000228882 10.1113338470459 10.1683330535889 10.2736663818359 10.3606662750244 10.4420003890991 10.5256671905518 10.6000003814697 10.639666557312 10.6909999847412 10.7399997711182 10.7943334579468 10.8699998855591 10.8359994888306 10.7220001220703 10.548999786377 10.4133329391479 10.3406667709351 10.3453330993652 10.6730003356934 10.9913330078125 11.326000213623 11.6136665344238 11.5513334274292 11.4163331985474 11.1373329162598 10.9703330993652 10.904333114624
-9999 -9999 -9999 -9999 -9999 -9999 -9999 -9999 -9999 -9999 -9999 -9999 8.72366619110107 8.86166667938232 9.06666660308838 9.20699977874756 9.45433330535889 9.59633350372314 9.69966697692871 9.85133361816406 9.97300052642822 10.0666666030884 10.1323337554932 10.2556667327881 10.3476667404175 10.3886661529541 10.4463329315186 10.5286664962769 10.5973339080811 10.6546669006348 10.6856670379639 10.6426668167114 10.474666595459 10.4200000762939 10.3210000991821 10.2449998855591 10.2576665878296 10.2049999237061 10.2919998168945 10.414999961853 10.635666847229 10.8933334350586 11.0493335723877 11.0570001602173 11.1239995956421 11.0193328857422 10.8826665878296 10.9406661987305
-9999 -9999 -9999 -9999 -9999 -9999 -9999 -9999 -9999 -9999 -9999 -9999 8.65133380889893 8.86066627502441 9.01866626739502 9.09800052642822 9.30399990081787 9.5116662979126 9.66133403778076 9.77700042724609 9.87166690826416 9.98400020599365 10.0966663360596 10.183666229248 10.2740001678467 10.335000038147 10.3730001449585 10.4243335723877 10.5073337554932 10.6113338470459 10.6603336334229 10.5276660919189 10.1099996566772 9.86133289337158 9.68033313751221 9.69433307647705 9.85933399200439 10.0353336334229 10.4280004501343 10.642333984375 10.5989999771118 10.6563329696655 10.6750001907349 10.6956663131714 10.7776670455933 10.8086671829224 10.9513330459595 10.9456663131714
-9999 -9999 -9999 -9999 -9999 -9999 -9999 -9999 -9999 -9999 -9999 -9999 8.59366607666016 8.73799991607666 8.89166641235352 9.03400039672852 9.23633289337158 9.51766681671143 9.67899990081787 9.75399971008301 9.79933261871338 9.8943338394165 10.0103340148926 10.0986671447754 10.2093334197998 10.3276662826538 10.3583335876465 10.3613338470459 10.4326667785645 10.5476665496826 10.6086664199829 10.5306663513184 10.3296670913696 10.1049995422363 9.97233390808105 9.97799968719482 10.0666666030884 10.2893333435059 10.6106662750244 10.5816669464111 10.4816665649414 10.6576662063599 10.7953329086304 10.7936668395996 10.9193334579468 10.824333190918 10.9446668624878 10.9833335876465
