L_lividipennis/M_variables/Set1/bio_5.asc
NCOLS 82 
NROWS 178 
XLLCORNER -73.9166666666667 
YLLCORNER -43.5416666666667 
CELLSIZE 0.0416666666666667 
NODATA_value -9999 
[rows 22 to 43 of 178, columns 0 to 47 of 82]
-9999 -9999 -9999 -9999 -9999 -9999 -9999 -9999 -9999 21.5666675567627 -9999 -9999 -9999 -9999 -9999 -9999 -9999 -9999 23.0928573608398 22.3320007324219 22.3439998626709 22.5639991760254 23.7959995269775 23.992000579834 24.0480003356934 24.2719993591309 24.1399993896484 24.4680004119873 24.7399997711182 25.1960010528564 25.576000213623 26.2000007629395 26.6119995117188 26.8559989929199 26.8439998626709 26.8599987030029 27.0559997558594 27.1200008392334 27.0879993438721 27.0880012512207 27.1760005950928 27.2360000610352 27.2560005187988 27.2520008087158 27.2999992370605 27.2999992370605 27.1440010070801 26.8719997406006
-9999 -9999 -9999 -9999 -9999 -9999 -9999 -9999 -9999 -9999 -9999 -9999 -9999 -9999 -9999 -9999 -9999 23 22.8545455932617 22.064001083374 21.423999786377 22.0480003356934 23.9320011138916 24.3759994506836 24.2320003509521 24.07200050354 24.1319999694824 24.6639995574951 24.9519996643066 25.3320007324219 25.7360000610352 26.3600006103516 26.7080001831055 26.9039993286133 26.8880004882812 26.8599987030029 26.9119987487793 26.935998916626 27.011999130249 27.0920009613037 27.1200008392334 27.2520008087158 27.4720001220703 27.3640003204346 27.2240009307861 27.2320003509521 27.1680011749268 26.988000869751
-9999 -9999 -9999 -9999 -9999 -9999 -9999 21.4200000762939 21.7000007629395 -9999 -9999 -9999 -9999 -9999 -9999 -9999 -9999 23.125 22.4360008239746 21.2040004730225 21.6280002593994 22.2280006408691 23.8680000305176 24.7320003509521 24.5160007476807 24.1359996795654 24.2320003509521 24.8999996185303 25.2119998931885 25.3880004882812 25.6560001373291 26.3840007781982 26.6560001373291 26.6639995574951 26.7119998931885 26.6879997253418 26.8759994506836 27.0319995880127 27.0599994659424 27.1359996795654 27.2399997711182 27.3759994506836 27.5839996337891 27.5520000457764 27.4400005340576 27.2919998168945 27.2040004730225 27
-9999 -9999 -9999 -9999 -9999 -9999 20.75 20.986364364624 21.7285709381104 -9999 -9999 -9999 -9999 -9999 -9999 -9999 23.7000007629395 23.465217590332 22.1439990997314 21.0919990539551 21.3159999847412 22.4839992523193 24.0520000457764 24.496000289917 24.5200004577637 24.7320003509521 25.1719989776611 25.1240005493164 25.3959999084473 25.3840007781982 26.0160007476807 26.4440002441406 26.3999996185303 26.5920009613037 26.7040004730225 26.7080001831055 26.9720001220703 27.1119995117188 27.0520000457764 27.1359996795654 27.2999992370605 27.4079990386963 27.6599998474121 27.7439994812012 27.7600002288818 27.4879989624023 27.3519992828369 27.2320003509521
-9999 -9999 -9999 -9999 -9999 -9999 20.6235294342041 20.6879997253418 21.7520008087158 22.5200004577637 22.9458332061768 23 23.1599998474121 23.3799991607666 23.533332824707 23.7250003814697 23.8640003204346 23.076000213623 21.6119995117188 22.0599994659424 22.4559993743896 22.996000289917 23.4640007019043 23.8040008544922 23.8279991149902 24.5440006256104 25.2040004730225 25.2560005187988 25.4120006561279 25.8080005645752 26.3199996948242 26.3799991607666 26.6119995117188 26.7759990692139 26.7999992370605 26.8479995727539 26.9759998321533 27.0440006256104 27.003999710083 26.996000289917 27.003999710083 27.1000003814697 27.4079990386963 27.7439994812012 27.8719997406006 27.7159996032715 27.4519996643066 27.3880004882812
-9999 -9999 -9999 -9999 -9999 -9999 20.8409080505371 20.6359996795654 21.2240009307861 21.7679996490479 22.6440010070801 22.9125003814697 22.8959999084473 23.1480007171631 23.3759994506836 23.6399993896484 23.6199989318848 23.0520000457764 22.4039993286133 21.4559993743896 22.5440006256104 22.2639999389648 22.7600002288818 23.8199996948242 24.4479999542236 24.8840007781982 25.3839988708496 25.3239994049072 25.9440002441406 26.3640003204346 26.5440006256104 26.3360004425049 26.4479999542236 26.5520000457764 26.6040000915527 26.7560005187988 26.8400001525879 27.003999710083 27.0240001678467 26.8799991607666 26.8479995727539 27.007999420166 27.2360000610352 27.4799995422363 27.5920009613037 27.7000007629395 27.5480003356934 27.2040004730225
-9999 -9999 -9999 -9999 -9999 21 20.5565223693848 20.7880001068115 21.2280006408691 21.7880001068115 22.5879993438721 22.8920001983643 22.8800010681152 23.1200008392334 23.3360004425049 23.4559993743896 22.996000289917 22.2280006408691 21.2639999389648 20.0279998779297 21.1679992675781 21.6879997253418 22.3600006103516 23.992000579834 24.2119998931885 24.9160003662109 25.2999992370605 25.5 25.92799949646 26.2959995269775 26.5400009155273 26.4079990386963 26.3279991149902 26.3039989471436 26.6240005493164 26.7880001068115 26.8359985351562 26.9720001220703 26.9559993743896 26.9720001220703 26.9400005340576 26.996000289917 27.1760005950928 27.2919998168945 27.2719993591309 27.3080005645752 27.3199996948242 26.9160003662109
-9999 -9999 -9999 -9999 -9999 20.8999996185303 21.1409091949463 21.8360004425049 21.6800003051758 21.7479991912842 22.1399993896484 22.6399993896484 22.7119998931885 22.8199996948242 23.0799999237061 23.0160007476807 22.3560009002686 21.2639999389648 20.1280002593994 20.488000869751 21.0839996337891 21.6560001373291 22.068000793457 24.0879993438721 24.5839996337891 25.076000213623 25.0799999237061 25.3799991607666 25.7439994812012 26.1399993896484 26.3559989929199 26.1439990997314 26.2999992370605 26.6639995574951 27.003999710083 27.003999710083 26.9160003662109 26.9680004119873 26.9839992523193 27.0319995880127 27.003999710083 26.9839992523193 26.9799995422363 26.8759994506836 26.7360000610352 26.6800003051758 26.7280006408691 26.6280002593994
-9999 -9999 -9999 -9999 -9999 21.2000007629395 21.8999996185303 21.9099998474121 22.0839996337891 22.2600002288818 22.0520000457764 22.2880001068115 22.5440006256104 22.7959995269775 22.9559993743896 22.6560001373291 22.5319995880127 22.3719997406006 22.0639991760254 22.5359992980957 22.7600002288818 22.6879997253418 23.503999710083 24.068000793457 24.1959991455078 24.9039993286133 25.5559997558594 25.5879993438721 25.0440006256104 25.8120002746582 26.4079990386963 26.5599994659424 26.6280002593994 26.8279991149902 26.9640007019043 27.1480007171631 27.1240005493164 27.1160011291504 27.1359996795654 27.1119995117188 27.0279998779297 26.988000869751 26.9559993743896 26.8400001525879 26.7159996032715 26.6720008850098 26.7999992370605 26.8080005645752
-9999 -9999 -9999 -9999 -9999 -9999 -9999 21.8333339691162 22.3000011444092 22.5399990081787 22.07200050354 22.2239990234375 22.5319995880127 22.7280006408691 22.6520004272461 22.1319999694824 21.6359996795654 22.9160003662109 22.2520008087158 22.0839996337891 22.2199993133545 21.9680004119873 21.992000579834 22.7520008087158 23.7159996032715 24.8959999084473 25.6440010070801 25.7800006866455 24.7560005187988 25.8560009002686 26.1520004272461 26.6200008392334 26.6840000152588 26.6319999694824 26.7800006866455 27.0839996337891 27.2280006408691 27.2560005187988 27.2840003967285 27.0799999237061 26.8680000305176 26.8880004882812 26.8999996185303 26.8279991149902 26.5879993438721 26.57200050354 26.7919998168945 26.8479995727539
-9999 -9999 -9999 -9999 -9999 -9999 -9999 21.5666656494141 21.7919998168945 22.011999130249 22 22.2679996490479 22.4400005340576 22.6319999694824 22.5879993438721 21.9120006561279 21.1840000152588 22.3439998626709 22.4440002441406 21.6800003051758 21.3640003204346 21.2000007629395 21.5 22.6200008392334 23.2679996490479 24.7719993591309 25.3159999847412 25.003999710083 25.2320003509521 26.1679992675781 26.3120002746582 26.4799995422363 26.6800003051758 26.6119995117188 26.7360000610352 26.9559993743896 27.1800003051758 27.3519992828369 27.3359985351562 27.1520004272461 26.9640007019043 26.9599990844727 26.92799949646 27.0279998779297 27.1000003814697 26.9559993743896 26.9519996643066 26.5200004577637
-9999 -9999 -9999 -9999 -9999 -9999 -9999 21.7999992370605 21.8640003204346 21.8120002746582 22.1079998016357 22.4080009460449 22.2880001068115 22.2639999389648 22.1679992675781 21.568000793457 21.3880004882812 20.8719997406006 22.0200004577637 20.3840007781982 20.5480003356934 20.8400001525879 21.007999420166 21.6599998474121 22.7119998931885 24.5 25.5240001678467 25.2560005187988 24.3199996948242 26.1919994354248 26.7159996032715 26.6960010528564 26.6920013427734 26.6760005950928 26.7919998168945 26.9479999542236 27.1359996795654 27.1879997253418 27.2520008087158 27.2000007629395 27.0960006713867 27.0599994659424 26.9839992523193 27.0559997558594 26.992000579834 26.9640007019043 26.9720001220703 26.8040008544922
-9999 -9999 -9999 -9999 -9999 -9999 21.3250007629395 21.3719997406006 21.9640007019043 22.1760005950928 22.2119998931885 22.6720008850098 22.6160011291504 22.3479995727539 21.8320007324219 20.8840007781982 19.7080001831055 19.8759994506836 21.3719997406006 21.2600002288818 20.2719993591309 20.2639999389648 21.2320003509521 22.1000003814697 23.3640003204346 24.3439998626709 24.4440002441406 24.3719997406006 24.7800006866455 25.4079990386963 26.3959999084473 26.7040004730225 26.8719997406006 26.9599990844727 27.0480003356934 27.0960006713867 27.2119998931885 27.1920013427734 27.2080001831055 27.2159996032715 27.1599998474121 27.1119995117188 27.1200008392334 27.0960006713867 27.0319995880127 26.9360008239746 26.6000003814697 26.3279991149902
-9999 -9999 -9999 -9999 -9999 21.25 21.6157894134521 21.6440010070801 22.3880004882812 22.7479991912842 22.5 22.5960006713867 22.6720008850098 22.1800003051758 21.7880001068115 21.1079998016357 21.1679992675781 19.9640007019043 20.2679996490479 20.496000289917 19.6119995117188 20.1359996795654 20.6119995117188 22.1480007171631 23.4839992523193 24.2239990234375 24.4360008239746 23.6000003814697 24.6040000915527 25.3759994506836 26.1399993896484 26.6599998474121 26.7439994812012 26.8080005645752 26.988000869751 27.1200008392334 27.07200050354 26.9160003662109 27.1440010070801 27.1240005493164 27.0200004577637 27.1000003814697 27.1599998474121 27.0400009155273 26.7199993133545 26.3120002746582 26.3279991149902 26.1760005950928
-9999 -9999 -9999 -9999 -9999 21.5 21.2625007629395 21.5 21.8840007781982 22.3280010223389 22.2719993591309 22.6200008392334 22.7320003509521 22.0120010375977 21.6679992675781 20.9720001220703 20.2080001831055 18.8880004882812 19.0399990081787 19.2360000610352 18.9440002441406 19.9720001220703 21.0839996337891 22.6599998474121 23.4160003662109 23.7240009307861 24.011999130249 23.5559997558594 24.3640003204346 24.8640003204346 26.2040004730225 26.496000289917 26.6079998016357 26.7520008087158 26.9039993286133 27 27.1079998016357 27.2280006408691 27.2439994812012 26.992000579834 26.9640007019043 27.1240005493164 27.2240009307861 27.3039989471436 27.1240005493164 26.4400005340576 26.003999710083 26.3439998626709
-9999 -9999 -9999 -9999 -9999 -9999 21.65625 21.8279991149902 21.7480010986328 22.0160007476807 22.3920001983643 22.8080005645752 22.988000869751 22.7360000610352 21.8840007781982 21.5200004577637 20.3400001525879 18.7999992370605 18.2040004730225 17.8640003204346 19.1840000152588 20.511999130249 21.8080005645752 22.1800003051758 21.3280010223389 22.1319999694824 23.2639999389648 22.7159996032715 23.423999786377 23.5240001678467 25.9839992523193 26.4759998321533 26.5480003356934 26.6879997253418 26.8880004882812 26.8640003204346 27.0960006713867 27.1599998474121 27.1440010070801 27.1359996795654 26.9680004119873 26.9479999542236 26.992000579834 26.988000869751 26.7840003967285 26.8680000305176 26.92799949646 27.1200008392334
-9999 -9999 -9999 -9999 -9999 -9999 22.0923080444336 22.2959995269775 22.1560001373291 22.3519992828369 22.6919994354248 23.1599998474121 23.4200000762939 22.5400009155273 21.6000003814697 21.57200050354 19.8360004425049 19.492000579834 19.2560005187988 18.6679992675781 19.5440006256104 19.2639999389648 19.1359996795654 19.8080005645752 20.2040004730225 21.3920001983643 22.0520000457764 21.3920001983643 23.6200008392334 24.4640007019043 26.0240001678467 26.5319995880127 26.576000213623 26.5200004577637 26.7080001831055 26.5599994659424 26.6319999694824 26.7600002288818 26.8040008544922 26.9519996643066 27.0319995880127 26.9759998321533 26.931999206543 26.7880001068115 26.564001083374 26.42799949646 26.4200000762939 26.5879993438721
-9999 -9999 -9999 -9999 -9999 -9999 -9999 22.552942276001 22.6959991455078 22.8999996185303 23.2119998931885 23.488000869751 23.9079990386963 23.2919998168945 22.1879997253418 20.7560005187988 20.3680000305176 21.492000579834 20.8920001983643 19.7320003509521 18.3239994049072 17.9599990844727 18.8600006103516 20.2280006408691 20.8840007781982 21.0559997558594 21.4160003662109 22.2880001068115 25.1040000915527 26.4079990386963 26.423999786377 26.5240001678467 26.564001083374 26.5839996337891 26.3880004882812 26.3880004882812 26.3239994049072 26.3880004882812 26.3999996185303 26.4559993743896 26.7080001831055 26.9039993286133 26.8080005645752 26.5160007476807 26.1679992675781 26.2360000610352 25.8999996185303 25.8640003204346
-9999 -9999 -9999 -9999 -9999 -9999 -9999 22.5499992370605 22.8227272033691 23.2280006408691 23.6040000915527 23.7919998168945 24.0120010375977 24 23.3400001525879 23.3239994049072 22.7439994812012 21.4360008239746 20.6240005493164 19.423999786377 18.2199993133545 17.7360000610352 18.5359992980957 19.8560009002686 21.2959995269775 21.8519992828369 21.9079990386963 23.5440006256104 25.6000003814697 26.4799995422363 26.5200004577637 26.3680000305176 26.3759994506836 26.5279998779297 26.1879997253418 26.431999206543 26.3600006103516 26.3559989929199 26.1079998016357 26.1399993896484 26.2840003967285 26.4879989624023 26.3759994506836 26.1240005493164 25.7800006866455 25.7000007629395 25.3719997406006 24.9680004119873
-9999 -9999 -9999 -9999 -9999 -9999 -9999 -9999 23.0249996185303 23.2840003967285 23.568000793457 23.8959999084473 23.8880004882812 23.0279998779297 22.3159999847412 22.0160007476807 20.9879989624023 20.492000579834 20.6319999694824 20.1199989318848 18.7999992370605 20.1240005493164 20.3320007324219 20.5920009613037 21.2880001068115 21.6159992218018 22.3479995727539 23.9160003662109 25.2479991912842 26.2040004730225 26.4400005340576 26.1840000152588 26.2119998931885 26.0440006256104 25.8999996185303 26.0919990539551 26.3080005645752 26.2199993133545 26.0160007476807 25.92799949646 25.8600006103516 26.0359992980957 26.0879993438721 25.7000007629395 25.4720001220703 25.2360000610352 25.007999420166 24.3680000305176
-9999 -9999 -9999 -9999 -9999 -9999 -9999 -9999 -9999 23 23.2919998168945 23.8400001525879 24.1120014190674 23.9440002441406 23.6960010528564 22.4039993286133 21.7639999389648 21.1359996795654 20.0120010375977 20.7080001831055 21.5559997558594 22.7080001831055 22.5200004577637 22.1599998474121 23.8159999847412 24.3320007324219 24.8759994506836 25.2399997711182 25.4479999542236 26.1119995117188 26.3360004425049 26.3439998626709 26.3120002746582 26.07200050354 25.935998916626 25.8439998626709 25.8519992828369 25.8680000305176 25.8959999084473 26.007999420166 26.0240001678467 25.5879993438721 25.507999420166 25.5799999237061 25.4120006561279 24.9879989624023 24.5639991760254 24.3279991149902
-9999 -9999 -9999 -9999 -9999 -9999 -9999 -9999 -9999 23 23.1800003051758 23.7080001831055 23.4160003662109 22.1679992675781 23.57200050354 24.1240005493164 23.7240009307861 21.923999786377 20.992000579834 21.1639995574951 22.7800006866455 22.6240005493164 22.6079998016357 23.0400009155273 24.2639999389648 24.2639999389648 24.8999996185303 24.9039993286133 25.1679992675781 25.42799949646 25.4599990844727 25.6240005493164 26.0440006256104 25.8120002746582 25.8400001525879 25.8839988708496 25.8360004425049 25.6760005950928 25.6720008850098 25.6879997253418 25.6560001373291 25.5240001678467 25.3680000305176 25.2840003967285 25.4360008239746 24.9200000762939 24.4799995422363 23.8600006103516
