L_lividipennis/M_variables/Set1/bio_4.asc
NCOLS 82 
NROWS 178 
XLLCORNER -73.9166666666667 
YLLCORNER -43.5416666666667 
CELLSIZE 0.0416666666666667 
NODATA_value -9999 
[rows 22 to 43 of 178, columns 0 to 47 of 82]
-9999 -9999 -9999 -9999 -9999 -9999 -9999 -9999 -9999 232.709671020508 -9999 -9999 -9999 -9999 -9999 -9999 -9999 -9999 282.047882080078 289.108856201172 295.946197509766 305.892730712891 315.502105712891 324.075744628906 327.191131591797 330.144622802734 337.587127685547 345.384246826172 353.658782958984 362.873687744141 369.742523193359 375.197143554688 380.165588378906 385.317779541016 388.603576660156 390.935791015625 396.219848632812 399.822875976562 403.994781494141 408.207153320312 413.303588867188 418.227752685547 421.431823730469 423.028961181641 425.694274902344 426.612701416016 428.235473632812 429.472320556641
-9999 -9999 -9999 -9999 -9999 -9999 -9999 -9999 -9999 -9999 -9999 -9999 -9999 -9999 -9999 -9999 -9999 272.945495605469 280.785491943359 289.439697265625 300.415313720703 308.459259033203 316.150604248047 327.071899414062 332.377166748047 334.592376708984 340.00048828125 347.128112792969 355.418640136719 363.715423583984 369.917663574219 374.870849609375 380.728942871094 385.9365234375 390.373870849609 391.750213623047 394.522521972656 398.289367675781 404.148956298828 410.145416259766 414.385040283203 420.1015625 426.067687988281 425.860961914062 425.576171875 426.326019287109 427.791595458984 429.355438232422
-9999 -9999 -9999 -9999 -9999 -9999 -9999 239.279418945312 241.384414672852 -9999 -9999 -9999 -9999 -9999 -9999 -9999 -9999 277.538024902344 284.16943359375 295.594024658203 302.403594970703 310.179412841797 317.460083007812 328.271636962891 334.860870361328 340.363952636719 345.771301269531 350.273803710938 358.241882324219 365.885131835938 372.860626220703 376.405914306641 380.039001464844 384.064056396484 388.053192138672 390.464233398438 396.568145751953 402.478820800781 406.776092529297 412.405212402344 417.929168701172 423.479705810547 429.838195800781 431.283508300781 431.399047851562 430.287628173828 430.142547607422 430.223510742188
-9999 -9999 -9999 -9999 -9999 -9999 231.164291381836 238.482070922852 243.794097900391 -9999 -9999 -9999 -9999 -9999 -9999 -9999 276.396026611328 279.851501464844 288.033172607422 299.879486083984 307.015533447266 312.48095703125 318.293487548828 328.002685546875 334.504547119141 342.212219238281 349.247131347656 353.740264892578 359.418853759766 365.549163818359 372.105041503906 376.150146484375 381.828033447266 386.620941162109 389.711151123047 392.847839355469 400.799530029297 405.388305664062 407.728149414062 413.345611572266 419.957061767578 424.728485107422 431.876861572266 437.360900878906 439.3740234375 436.758514404297 434.909637451172 433.615020751953
-9999 -9999 -9999 -9999 -9999 -9999 232.130142211914 240.460998535156 245.317932128906 250.924957275391 257.732208251953 260.589630126953 262.160064697266 265.228363037109 268.820129394531 272.724182128906 278.003967285156 283.874420166016 293.332275390625 299.945465087891 307.019073486328 313.464416503906 319.867797851562 327.686981201172 335.379608154297 343.489807128906 351.694732666016 357.035461425781 362.391204833984 368.025115966797 373.310333251953 375.745697021484 382.734588623047 389.155487060547 392.362731933594 396.326599121094 401.173553466797 405.321929931641 408.588012695312 412.497772216797 417.147705078125 422.877746582031 431.1611328125 439.452606201172 443.518249511719 442.272583007812 439.073394775391 436.568481445312
-9999 -9999 -9999 -9999 -9999 -9999 231.404739379883 240.213150024414 245.427276611328 249.833282470703 256.304321289062 261.841156005859 265.224975585938 268.034271240234 270.800872802734 274.424072265625 280.102844238281 285.611022949219 293.472412109375 303.626922607422 309.608367919922 316.59619140625 322.065277099609 328.669830322266 336.691131591797 346.592529296875 355.412292480469 361.113555908203 366.909027099609 374.719329833984 379.730285644531 379.547241210938 383.807983398438 388.844421386719 391.363189697266 396.254730224609 401.201477050781 406.514678955078 410.372741699219 412.205657958984 414.848785400391 421.512115478516 428.556488037109 436.028381347656 440.832122802734 443.736206054688 441.659820556641 435.538787841797
-9999 -9999 -9999 -9999 -9999 224.690017700195 232.026168823242 240.929458618164 246.217361450195 250.614395141602 256.678680419922 263.378143310547 267.697082519531 269.590057373047 273.027618408203 277.332427978516 283.634063720703 290.795227050781 298.810516357422 307.987640380859 314.074371337891 319.023162841797 323.726715087891 330.574859619141 339.693878173828 348.487579345703 356.640472412109 362.781311035156 369.296600341797 377.179046630859 383.787445068359 382.271820068359 384.269348144531 389.575531005859 394.526672363281 400.43408203125 405.528594970703 410.018829345703 413.441619873047 415.954254150391 418.224761962891 421.474029541016 426.645233154297 431.662750244141 434.767272949219 438.531372070312 439.294830322266 433.862152099609
-9999 -9999 -9999 -9999 -9999 223.233169555664 232.652496337891 243.070571899414 249.864410400391 253.888442993164 258.191345214844 263.609313964844 269.147552490234 273.093322753906 276.421600341797 280.832092285156 288.051086425781 296.900482177734 303.647918701172 309.8857421875 315.210662841797 320.36181640625 326.085998535156 334.040130615234 343.115142822266 351.475311279297 358.605651855469 365.100982666016 371.278747558594 376.443115234375 382.640472412109 383.545745849609 387.970611572266 396.415771484375 403.874114990234 408.347198486328 411.061706542969 414.754333496094 418.103271484375 419.951049804688 420.929595947266 422.720916748047 423.850677490234 424.612976074219 425.563903808594 429.096832275391 431.391021728516 431.784545898438
-9999 -9999 -9999 -9999 -9999 222.73567199707 237.318893432617 243.178405761719 251.364715576172 257.370269775391 261.178192138672 265.470489501953 271.629119873047 276.697784423828 280.349060058594 284.914337158203 291.126342773438 298.739410400391 304.603942871094 310.257598876953 317.664581298828 323.694915771484 330.073791503906 337.783081054688 343.881805419922 352.814758300781 363.136749267578 368.272552490234 369.297607421875 376.120971679688 384.844879150391 389.667297363281 393.626007080078 399.987365722656 405.50244140625 412.815368652344 416.459716796875 419.722229003906 421.765930175781 422.722930908203 422.125762939453 422.9921875 424.686309814453 425.370056152344 427.369537353516 430.211273193359 432.862274169922 435.0517578125
-9999 -9999 -9999 -9999 -9999 -9999 -9999 240.261047363281 249.911895751953 258.939697265625 263.532196044922 267.623229980469 273.309875488281 278.330108642578 282.077758789062 286.793060302734 294.298095703125 300.588165283203 307.998443603516 313.233795166016 318.911804199219 324.511779785156 328.909027099609 335.000579833984 342.653381347656 354.467590332031 366.705871582031 371.552917480469 370.296875 378.294250488281 385.584930419922 391.191375732422 393.599945068359 396.734375 402.743621826172 412.470977783203 419.143402099609 422.967407226562 425.061553955078 422.732299804688 420.518707275391 422.687164306641 426.084320068359 428.363922119141 429.075592041016 432.329467773438 436.079193115234 436.792053222656
-9999 -9999 -9999 -9999 -9999 -9999 -9999 238.434524536133 248.868392944336 258.611785888672 263.794586181641 268.285827636719 274.776489257812 280.535827636719 285.214263916016 289.602996826172 297.191864013672 303.308502197266 309.317077636719 313.514404296875 319.025848388672 324.1875 328.664123535156 335.543792724609 342.748718261719 356.210601806641 366.012329101562 368.554016113281 373.252319335938 383.593231201172 388.881225585938 392.873840332031 396.543243408203 398.513671875 403.773712158203 411.377777099609 419.352996826172 425.925567626953 427.460510253906 424.575408935547 422.93994140625 425.781494140625 429.718536376953 434.06005859375 437.349761962891 437.70263671875 437.977874755859 432.973815917969
-9999 -9999 -9999 -9999 -9999 -9999 -9999 243.165664672852 250.962356567383 259.176452636719 264.441375732422 270.252868652344 275.826934814453 280.363708496094 286.004272460938 290.378692626953 297.133575439453 304.283325195312 310.168792724609 314.019409179688 319.067962646484 323.708312988281 327.755218505859 334.226593017578 341.892425537109 356.824432373047 369.226043701172 371.435821533203 370.599365234375 386.507720947266 394.414031982422 396.694091796875 400.004516601562 403.011199951172 407.595672607422 413.302307128906 419.465240478516 423.545837402344 425.844635009766 426.191162109375 426.624420166016 429.292388916016 431.340728759766 433.451232910156 434.884857177734 435.490417480469 435.610992431641 434.348022460938
-9999 -9999 -9999 -9999 -9999 -9999 240.453964233398 246.604293823242 254.757278442383 261.230072021484 265.798797607422 272.166351318359 277.200012207031 280.400573730469 286.415130615234 292.006530761719 298.352264404297 304.660522460938 310.976043701172 316.003509521484 318.452239990234 322.473236083984 328.817016601562 336.148040771484 346.702667236328 358.140289306641 365.13037109375 368.573272705078 374.811706542969 382.681518554688 393.168121337891 399.240661621094 403.552886962891 407.809020996094 411.93017578125 415.874328613281 420.72509765625 423.156585693359 425.254577636719 427.367492675781 428.606018066406 429.747833251953 430.457153320312 431.385345458984 432.611572265625 431.684661865234 429.653411865234 429.022430419922
-9999 -9999 -9999 -9999 -9999 234.711715698242 243.031265258789 250.613235473633 257.610534667969 264.115295410156 268.262512207031 273.645568847656 278.254058837891 281.166351318359 287.166320800781 293.626525878906 299.561828613281 304.248657226562 310.366516113281 316.722747802734 318.225219726562 323.177581787109 329.011016845703 338.444244384766 349.52099609375 360.477569580078 367.579650878906 365.636322021484 375.351348876953 383.803497314453 392.239227294922 399.19873046875 402.488830566406 407.579254150391 413.677459716797 417.414672851562 420.030029296875 420.380706787109 423.361480712891 425.54931640625 426.285003662109 427.824249267578 430.140106201172 431.038024902344 430.042694091797 426.800140380859 426.774200439453 427.306518554688
-9999 -9999 -9999 -9999 -9999 234.652694702148 242.847091674805 251.738998413086 258.651397705078 264.632843017578 268.545684814453 274.201416015625 278.763336181641 281.013397216797 286.746795654297 293.541290283203 298.760498046875 302.890869140625 308.374328613281 313.408935546875 316.195587158203 322.188751220703 331.990905761719 342.902770996094 351.969024658203 359.96728515625 366.567626953125 365.993835449219 374.742279052734 382.050933837891 394.486328125 398.971588134766 401.60986328125 406.73486328125 413.320068359375 416.801910400391 419.542327880859 421.982391357422 422.983215332031 423.449981689453 424.86083984375 426.654052734375 428.999145507812 431.970642089844 432.006225585938 427.534790039062 424.458984375 428.235290527344
-9999 -9999 -9999 -9999 -9999 -9999 245.233856201172 251.839294433594 257.75341796875 263.866241455078 268.075134277344 273.819396972656 278.994323730469 281.841400146484 286.713104248047 292.455017089844 297.226623535156 301.421478271484 305.792633056641 309.782928466797 315.328277587891 322.670684814453 333.354278564453 341.215209960938 341.960784912109 350.150970458984 360.73974609375 359.816925048828 366.529876708984 371.015594482422 394.386260986328 400.442321777344 402.571594238281 407.746459960938 412.954711914062 415.089965820312 418.418243408203 421.747344970703 423.228485107422 423.924072265625 424.249359130859 424.856353759766 426.873199462891 429.078643798828 429.453125 430.382690429688 431.179534912109 434.502288818359
-9999 -9999 -9999 -9999 -9999 -9999 247.423309326172 253.341171264648 260.184356689453 265.389526367188 270.276519775391 276.806579589844 282.230621337891 285.478271484375 287.636962890625 292.621978759766 297.408905029297 301.605438232422 305.974792480469 308.946166992188 314.181854248047 318.389282226562 322.832580566406 330.011260986328 336.068145751953 344.221527099609 350.794616699219 350.660980224609 368.962982177734 380.961517333984 397.421173095703 403.004852294922 404.978088378906 407.692108154297 412.008544921875 412.827484130859 414.731689453125 417.967376708984 419.812713623047 421.500457763672 422.806732177734 424.306304931641 425.620239257812 426.301513671875 426.661041259766 428.105346679688 430.196136474609 432.547790527344
-9999 -9999 -9999 -9999 -9999 -9999 -9999 255.342895507812 262.017944335938 269.602020263672 275.394927978516 280.753143310547 286.00927734375 288.652191162109 290.307067871094 293.831268310547 299.030456542969 304.390045166016 308.775512695312 310.747344970703 312.023040771484 315.452880859375 320.089874267578 328.633361816406 337.919128417969 342.405731201172 346.183380126953 356.623809814453 384.478332519531 401.112823486328 403.200592041016 404.850067138672 406.633911132812 408.280731201172 410.068084716797 411.8955078125 413.0546875 414.796813964844 415.750823974609 416.986511230469 420.197204589844 423.127044677734 424.184234619141 424.025238037109 423.149719238281 425.213165283203 424.681854248047 425.051055908203
-9999 -9999 -9999 -9999 -9999 -9999 -9999 255.565612792969 260.272613525391 270.826446533203 278.416046142578 282.795867919922 286.219543457031 289.173919677734 291.361358642578 296.415344238281 300.750518798828 304.298248291016 309.57861328125 312.014038085938 312.836883544922 316.008728027344 321.578552246094 329.855529785156 341.371765136719 347.380187988281 350.284851074219 366.589813232422 390.14208984375 402.278717041016 403.152404785156 404.378204345703 406.40478515625 408.694030761719 408.261993408203 411.584197998047 413.633392333984 415.173736572266 413.637847900391 413.822631835938 416.586029052734 419.578033447266 420.851928710938 420.978424072266 419.8427734375 419.872528076172 418.426208496094 416.842834472656
-9999 -9999 -9999 -9999 -9999 -9999 -9999 -9999 262.108123779297 268.122619628906 276.831848144531 282.400970458984 285.360900878906 287.837768554688 290.938507080078 294.701354980469 298.20263671875 303.908538818359 310.280395507812 313.981597900391 316.042358398438 324.804656982422 332.201477050781 337.624969482422 343.977294921875 348.799591064453 354.933197021484 370.042205810547 386.318450927734 398.531402587891 401.481536865234 403.711791992188 405.592346191406 405.482391357422 405.903411865234 408.390411376953 411.869079589844 412.858612060547 412.013549804688 412.074768066406 413.039031982422 415.249816894531 417.282409667969 416.792358398438 416.545989990234 415.286743164062 415.229248046875 412.682495117188
-9999 -9999 -9999 -9999 -9999 -9999 -9999 -9999 -9999 263.454071044922 270.357360839844 279.448394775391 285.931365966797 289.794128417969 293.524475097656 296.439147949219 300.370208740234 305.081207275391 308.795562744141 317.089660644531 326.734069824219 337.749084472656 343.749755859375 345.763854980469 358.443511962891 366.640686035156 376.357727050781 383.035247802734 388.186706542969 397.338745117188 400.8701171875 403.137237548828 405.421112060547 404.988739013672 405.239471435547 406.256286621094 407.472991943359 407.941986083984 408.736145019531 411.839385986328 413.883544921875 411.541473388672 412.586608886719 414.681060791016 415.041442871094 412.852020263672 411.877716064453 411.890319824219
-9999 -9999 -9999 -9999 -9999 -9999 -9999 -9999 -9999 263.086700439453 268.016357421875 277.357421875 283.605590820312 286.048156738281 293.248291015625 298.936614990234 303.27490234375 306.451843261719 310.577514648438 317.665069580078 331.237976074219 337.593811035156 342.634399414062 349.581695556641 361.290344238281 366.061676025391 375.404998779297 377.623504638672 382.664794921875 388.22119140625 391.113586425781 394.174041748047 400.595794677734 401.106872558594 401.714202880859 405.164825439453 407.154541015625 405.850006103516 405.89697265625 408.059661865234 409.757263183594 409.661468505859 410.328857421875 412.955627441406 415.488525390625 412.172485351562 410.580017089844 408.827117919922
