L_lividipennis/M_variables/Set1/bio_15.asc
NCOLS 82 
NROWS 178 
XLLCORNER -73.9166666666667 
YLLCORNER -43.5416666666667 
CELLSIZE 0.0416666666666667 
NODATA_value -9999 
[rows 88 to 109 of 178, columns 0 to 47 of 82]
-9999 -9999 -9999 -9999 -9999 -9999 -9999 -9999 -9999 -9999 -9999 -9999 57.1216926574707 58.7775726318359 59.9776458740234 61.6894073486328 62.990119934082 63.6207847595215 63.0220069885254 63.7304573059082 66.5852127075195 68.2040328979492 68.9880599975586 69.5030059814453 69.7195663452148 70.0125885009766 69.4116287231445 68.4709243774414 69.0223541259766 68.1405792236328 66.334716796875 63.4805335998535 63.1008682250977 62.6678009033203 60.4993591308594 62.2685165405273 62.7578163146973 62.2021827697754 60.2914390563965 57.718921661377 57.3614845275879 57.4247512817383 58.8666343688965 58.7864456176758 58.0727691650391 57.8829536437988 58.1337242126465 56.8665351867676
-9999 -9999 -9999 -9999 -9999 -9999 -9999 -9999 -9999 -9999 55.230339050293 55.7975883483887 56.7580833435059 58.5703735351562 60.1888809204102 61.6769371032715 62.7600173950195 63.1405143737793 62.407527923584 62.4529037475586 63.8592681884766 65.6674346923828 66.9245147705078 68.2183074951172 66.6196670532227 68.7299041748047 71.2391891479492 70.768684387207 69.623046875 68.3734512329102 66.1744613647461 65.0011825561523 64.1740951538086 63.7401885986328 62.814525604248 61.3492012023926 59.3081207275391 58.4249305725098 60.2081298828125 60.5349082946777 57.7492637634277 56.5659637451172 57.1584625244141 58.1231117248535 57.3072357177734 56.9024848937988 57.0664443969727 56.897403717041
-9999 -9999 -9999 -9999 -9999 -9999 -9999 -9999 -9999 55.4002685546875 56.1872482299805 57.0772666931152 57.1279487609863 58.1371116638184 59.3587112426758 61.3913764953613 62.3081932067871 63.2229995727539 64.7615509033203 64.0528335571289 63.1897773742676 62.6155090332031 64.3904495239258 65.7771224975586 61.9287071228027 64.0808563232422 70.7613906860352 70.3068695068359 69.5077514648438 68.7304611206055 67.3554611206055 65.4794464111328 64.1138153076172 62.4576416015625 60.8398208618164 59.5106163024902 57.4784698486328 56.9963150024414 56.5233993530273 57.7870025634766 58.9674491882324 58.4551811218262 58.0109710693359 56.8150634765625 58.4032096862793 59.0638999938965 58.3367004394531 56.4610862731934
-9999 -9999 -9999 -9999 -9999 -9999 -9999 -9999 -9999 55.7411308288574 56.566234588623 56.8204231262207 56.960563659668 57.9430770874023 59.091983795166 60.125545501709 61.6306915283203 62.0404624938965 64.768684387207 65.1885452270508 63.9396820068359 63.0140762329102 63.2459106445312 61.3575630187988 61.9604034423828 66.4178161621094 70.7481002807617 68.497428894043 67.7825393676758 68.3544540405273 66.6190795898438 64.7671051025391 63.4045867919922 60.2807655334473 58.1572494506836 57.3818244934082 56.4046630859375 56.277400970459 56.3881645202637 56.3893852233887 56.1000862121582 56.1658515930176 56.0412368774414 57.3741569519043 60.0804061889648 56.8403854370117 59.8373413085938 55.9450035095215
-9999 -9999 -9999 -9999 -9999 -9999 -9999 -9999 -9999 55.399112701416 56.2183876037598 56.6594848632812 57.2601470947266 57.5897331237793 58.9432754516602 59.482364654541 58.9571533203125 60.2738265991211 64.0742263793945 64.3182220458984 63.5710868835449 62.4697151184082 63.9313011169434 60.7800331115723 63.8972549438477 70.2628479003906 71.6567230224609 67.0204238891602 67.7252349853516 67.3621368408203 65.3571243286133 64.1972351074219 62.8203582763672 60.8406372070312 58.4874153137207 57.5126266479492 57.2381057739258 56.128116607666 55.8980293273926 55.9970207214355 57.1692657470703 56.5892601013184 56.6773719787598 57.0750885009766 60.9426155090332 59.4041519165039 56.7770538330078 55.1944618225098
-9999 -9999 -9999 -9999 -9999 -9999 -9999 -9999 -9999 55.6993637084961 55.9609146118164 56.4793663024902 56.8498306274414 57.397274017334 57.8862495422363 58.7808494567871 58.7869529724121 61.3336906433105 63.841381072998 64.829963684082 64.3282012939453 65.0354232788086 64.8909149169922 67.4775009155273 69.8550415039062 71.1044692993164 70.5370178222656 68.6055374145508 66.6932373046875 66.3215637207031 64.7703094482422 63.1731986999512 61.6066589355469 59.4613838195801 57.5573806762695 56.3974456787109 55.4305305480957 55.2121353149414 55.2811660766602 55.3331069946289 55.6049995422363 55.1345252990723 55.0719528198242 56.8590354919434 57.3029479980469 55.6737670898438 54.9341163635254 54.6958160400391
-9999 -9999 -9999 -9999 -9999 -9999 -9999 -9999 -9999 55.6464576721191 55.6890640258789 55.7516174316406 56.8774566650391 57.2143630981445 56.898063659668 57.8122482299805 57.8167572021484 59.2286376953125 62.4451026916504 62.8037643432617 63.9334945678711 65.0560455322266 66.6638031005859 68.0099182128906 69.4139251708984 68.829719543457 65.7530822753906 66.1362380981445 65.9890060424805 65.2973937988281 63.7968597412109 61.7901306152344 59.6190032958984 58.2954597473145 56.0259017944336 55.0700263977051 54.0696258544922 53.1217994689941 54.0626525878906 54.7237854003906 54.2172698974609 54.2420043945312 54.465145111084 55.1910629272461 55.5587120056152 57.1020965576172 53.7677955627441 56.7908515930176
-9999 -9999 -9999 -9999 -9999 -9999 -9999 -9999 -9999 54.581958770752 55.0006675720215 55.5331764221191 56.110782623291 56.9549713134766 56.5934066772461 57.2867851257324 57.9237365722656 59.4943733215332 61.4337615966797 61.2984428405762 63.1977844238281 63.5261878967285 65.7529983520508 66.3628311157227 65.9105453491211 67.1266174316406 66.6007919311523 66.4142379760742 65.581298828125 64.2627258300781 62.372142791748 60.4087562561035 58.8018913269043 57.9520149230957 57.2140235900879 56.6727828979492 55.4880523681641 54.438648223877 52.5943260192871 53.2881546020508 53.0723114013672 53.959300994873 53.5122451782227 54.0422401428223 55.2813682556152 54.9677696228027 52.6897659301758 55.833366394043
-9999 -9999 -9999 -9999 -9999 -9999 -9999 -9999 -9999 -9999 54.592414855957 54.9211349487305 55.1225852966309 55.7183380126953 56.9385185241699 57.1420021057129 57.658504486084 59.653003692627 61.0748100280762 61.171012878418 61.7063369750977 59.2870330810547 61.5265846252441 64.0823059082031 66.2706298828125 66.4912185668945 65.9928512573242 64.888801574707 63.4341926574707 61.9089469909668 60.5086402893066 59.0822334289551 58.1146697998047 57.0248985290527 57.3056221008301 57.2399559020996 56.4496231079102 55.6567726135254 53.9152793884277 53.0486373901367 52.6606941223145 54.2696800231934 54.8562355041504 53.3430404663086 52.6391067504883 51.5933113098145 51.8540344238281 54.2972679138184
-9999 -9999 -9999 -9999 -9999 -9999 -9999 -9999 -9999 -9999 54.2599563598633 54.1372032165527 54.5114784240723 55.322338104248 56.9993667602539 57.5956611633301 58.4203796386719 58.8704833984375 59.6873016357422 60.4036254882812 61.3657608032227 60.3652381896973 63.4623222351074 64.808349609375 65.3149490356445 65.041130065918 64.1882858276367 63.4022674560547 61.9869995117188 60.4763565063477 59.6439781188965 58.5456237792969 57.4538269042969 57.1851844787598 56.925464630127 56.4656105041504 55.7134284973145 55.0609512329102 54.177906036377 53.5168037414551 51.8412704467773 52.4681968688965 51.3489303588867 51.3828086853027 50.9931716918945 51.1056709289551 51.064582824707 51.9774208068848
-9999 -9999 -9999 -9999 -9999 -9999 -9999 -9999 -9999 -9999 54.4932670593262 54.3937950134277 54.0649528503418 53.9416427612305 56.6296844482422 56.7696418762207 56.5917091369629 57.5448837280273 58.9760131835938 60.3790893554688 62.0283622741699 62.6568412780762 63.6547088623047 63.7322807312012 63.6162147521973 63.0794296264648 62.5000762939453 61.7729301452637 60.6673851013184 59.9261283874512 58.985179901123 58.258243560791 57.3553886413574 56.7936210632324 56.2124519348145 55.7581024169922 55.1072578430176 54.2571067810059 53.7868385314941 53.1545906066895 51.7973823547363 51.1874465942383 52.0928840637207 51.2007865905762 50.5805740356445 50.7760238647461 50.6582641601562 51.9416351318359
-9999 -9999 -9999 -9999 -9999 -9999 -9999 -9999 -9999 -9999 55.4599800109863 55.5548133850098 54.0196075439453 54.6149215698242 56.4474716186523 57.7489471435547 57.1785163879395 57.7353630065918 59.5764808654785 60.7737579345703 61.4392967224121 62.2553825378418 62.0788421630859 62.2973251342773 62.0302467346191 61.8899230957031 61.3826484680176 60.710636138916 59.7598571777344 58.7459487915039 57.5493431091309 56.6485214233398 56.1210021972656 55.5507698059082 55.0330276489258 54.550365447998 54.089168548584 53.340763092041 52.4715232849121 51.7358283996582 51.0839500427246 51.2724418640137 50.5428504943848 51.2294578552246 51.2370567321777 50.9176712036133 50.8443412780762 55.9221305847168
-9999 -9999 -9999 -9999 -9999 -9999 -9999 -9999 -9999 -9999 54.5124740600586 56.9746742248535 55.2964820861816 55.9501190185547 57.1979179382324 57.186767578125 57.4655685424805 57.5782852172852 58.6856803894043 59.93017578125 60.5486373901367 61.0582580566406 60.9906234741211 60.9058494567871 60.7333793640137 60.8232917785645 60.1387710571289 59.1822929382324 58.0591278076172 56.8200798034668 55.5670890808105 55.082649230957 54.5196189880371 54.3813896179199 53.7288818359375 53.0479698181152 52.3173751831055 51.810733795166 51.7693748474121 51.2704772949219 50.5519638061523 50.0420379638672 49.7366752624512 49.5823745727539 49.6768455505371 49.8751182556152 49.413688659668 49.5257263183594
-9999 -9999 -9999 -9999 -9999 -9999 -9999 -9999 -9999 -9999 55.0047264099121 56.1579627990723 55.0480461120605 56.6115036010742 57.8363800048828 58.1217269897461 58.3002738952637 59.1782264709473 59.3340377807617 58.925537109375 59.4895515441895 59.2472648620605 59.5265884399414 59.6644897460938 59.8154029846191 59.5026321411133 59.0687675476074 58.2544593811035 57.104190826416 55.8332290649414 54.509693145752 53.6188049316406 52.818473815918 52.6821250915527 51.8274078369141 50.8056106567383 50.3559379577637 50.2485160827637 50.0607681274414 49.5958290100098 49.6374473571777 49.6367034912109 49.0739974975586 49.2616233825684 48.5727119445801 48.4024353027344 48.586181640625 51.124397277832
-9999 -9999 -9999 -9999 -9999 -9999 -9999 -9999 -9999 -9999 -9999 55.6230812072754 55.3141021728516 56.1092681884766 56.2531967163086 56.8320159912109 56.1284408569336 57.1297836303711 57.8614959716797 57.739631652832 58.0292015075684 58.3711700439453 58.5003280639648 58.2114601135254 58.3264656066895 58.6368446350098 58.1252174377441 57.7092819213867 56.6930122375488 55.2968292236328 54.1706047058105 52.8758964538574 51.8256988525391 51.1313323974609 50.7739753723145 50.5478439331055 50.0323104858398 50.0103454589844 50.2943725585938 51.3016815185547 48.9684600830078 48.5890731811523 49.0109329223633 48.431812286377 49.0476951599121 48.9315795898438 49.3156471252441 54.7192649841309
-9999 -9999 -9999 -9999 -9999 -9999 -9999 -9999 -9999 -9999 -9999 55.1618118286133 55.4969329833984 55.6183319091797 55.5279693603516 56.6533546447754 55.294002532959 55.7916297912598 57.2578887939453 57.2663688659668 57.1188697814941 57.0421295166016 57.0903778076172 57.4648361206055 57.2808456420898 57.5205230712891 57.442024230957 56.6380004882812 55.5923728942871 54.6027488708496 53.7097854614258 52.3094749450684 51.2809982299805 50.2622337341309 49.5135345458984 49.1522483825684 49.4927940368652 49.9197540283203 54.2155456542969 53.7313117980957 53.6794204711914 52.5576858520508 48.9433364868164 47.9456520080566 49.9452362060547 49.0419883728027 48.194896697998 53.3188629150391
-9999 -9999 -9999 -9999 -9999 -9999 -9999 -9999 -9999 -9999 -9999 54.7436676025391 54.9364929199219 54.9077835083008 55.6549606323242 56.2814025878906 55.8688278198242 54.9228630065918 56.126277923584 56.3862342834473 56.1818618774414 56.2564125061035 56.2843475341797 56.0363616943359 56.3496208190918 56.5488586425781 56.2417640686035 55.6955108642578 54.7481575012207 53.8896522521973 52.8054351806641 51.4792785644531 50.5678253173828 49.5663986206055 48.4455299377441 47.8949012756348 48.4141273498535 49.0769386291504 54.9656219482422 56.4453468322754 57.0882377624512 56.7465133666992 54.0371856689453 49.7597579956055 54.3033065795898 52.1202850341797 51.8223876953125 55.2227668762207
-9999 -9999 -9999 -9999 -9999 -9999 -9999 -9999 -9999 -9999 -9999 54.0555381774902 54.8084182739258 54.8064193725586 54.6280364990234 56.0110702514648 55.786018371582 55.9049186706543 56.014762878418 55.9583587646484 56.0276527404785 55.5602378845215 55.3874397277832 55.4757690429688 55.5017509460449 55.4279670715332 55.2525901794434 54.5007820129395 53.9058456420898 52.8934745788574 51.8969879150391 50.8086471557617 49.854076385498 48.9368591308594 47.7983169555664 46.9189071655273 47.3590126037598 48.2364196777344 49.1291351318359 53.3714714050293 55.792423248291 56.1794204711914 57.1607513427734 55.944408416748 57.0194969177246 57.1205406188965 57.2207717895508 56.216064453125
-9999 -9999 -9999 -9999 -9999 -9999 -9999 -9999 -9999 -9999 -9999 54.4980201721191 54.2328109741211 53.051342010498 53.584171295166 54.731143951416 55.4792175292969 55.6160469055176 56.1213912963867 55.6151351928711 55.1879119873047 54.7576332092285 54.5718955993652 54.7672119140625 54.6936721801758 54.4983596801758 54.5235252380371 53.9286270141602 52.8101463317871 52.2430419921875 51.5696296691895 50.4898147583008 49.268009185791 48.384593963623 47.5914001464844 46.5823822021484 46.3348503112793 47.066104888916 47.2136573791504 46.9748077392578 52.0603446960449 56.186897277832 56.2320823669434 56.1998748779297 57.5249290466309 54.3630981445312 53.6686096191406 56.4107398986816
-9999 -9999 -9999 -9999 -9999 -9999 -9999 -9999 -9999 -9999 -9999 -9999 53.0561561584473 52.7000350952148 53.5101737976074 53.5710334777832 53.8733139038086 55.3168869018555 55.8329544067383 55.3169441223145 54.7733192443848 54.4329872131348 54.284725189209 54.0470886230469 53.9697685241699 53.7399978637695 53.6031532287598 53.2671051025391 52.5777778625488 51.7536926269531 51.0708351135254 49.8275413513184 48.9170608520508 48.5283241271973 47.8918724060059 47.0908546447754 45.7691230773926 45.3963356018066 46.3724746704102 48.3249893188477 47.5793304443359 48.4673538208008 54.1164665222168 56.1692771911621 54.1279792785645 48.9794082641602 52.791389465332 53.7412796020508
-9999 -9999 -9999 -9999 -9999 -9999 -9999 -9999 -9999 -9999 -9999 -9999 51.7245635986328 52.147632598877 52.7560348510742 52.9212417602539 54.090648651123 54.7105979919434 54.8778648376465 54.4944801330566 54.4170265197754 54.1107521057129 53.8645706176758 53.8771820068359 53.4863624572754 53.390682220459 53.0866966247559 52.6282348632812 52.0129089355469 51.3358688354492 50.5432510375977 49.7563629150391 49.3552398681641 49.0017967224121 48.9665603637695 48.5383033752441 47.7201805114746 46.4405479431152 45.5964241027832 45.1967430114746 44.4484405517578 44.2575531005859 44.8301696777344 45.4922218322754 45.4563522338867 48.5509986877441 49.4354934692383 55.1680603027344
-9999 -9999 -9999 -9999 -9999 -9999 -9999 -9999 -9999 -9999 -9999 -9999 51.0394859313965 51.2972640991211 51.851978302002 52.1992073059082 53.7131423950195 53.9913711547852 54.033634185791 54.072582244873 53.6813850402832 53.3000030517578 53.301399230957 53.0638885498047 52.7785949707031 52.5769691467285 52.6312789916992 52.2480964660645 51.5738182067871 50.9054870605469 50.0417213439941 49.799430847168 49.1668472290039 49.2160110473633 48.7604064941406 48.2461738586426 47.9833564758301 47.1737899780273 45.7431449890137 45.360179901123 47.4818229675293 47.4381141662598 44.3464660644531 45.4352416992188 45.8919792175293 51.6505813598633 53.1255264282227 57.1590728759766
