L_lividipennis/M_variables/Set1/bio_5.asc
NCOLS 82 
NROWS 178 
XLLCORNER -73.9166666666667 
YLLCORNER -43.5416666666667 
CELLSIZE 0.0416666666666667 
NODATA_value -9999 
[rows 44 to 65 of 178, columns 0 to 47 of 82]
-9999 -9999 -9999 -9999 -9999 -9999 -9999 -9999 -9999 -9999 23.0799999237061 23.6000003814697 23.568000793457 22.8360004425049 22.4160003662109 23.9479999542236 23.1079998016357 21.9599990844727 21.3479995727539 22.2560005187988 22.7840003967285 23.6560001373291 24.4120006561279 25.4479999542236 25.511999130249 25.7679996490479 25.8880004882812 24.9559993743896 24.2360000610352 24.4720001220703 24.8320007324219 24.992000579834 25.5200004577637 25.7199993133545 25.2959995269775 25.8400001525879 25.7199993133545 25.5880012512207 25.5400009155273 25.4720001220703 25.4400005340576 25.4119987487793 25.2560005187988 25.2959995269775 24.8680000305176 24.3239994049072 24.4080009460449 23.6119995117188
-9999 -9999 -9999 -9999 -9999 -9999 -9999 -9999 -9999 -9999 23.0499992370605 23.5920009613037 24.0319995880127 23.8640003204346 22.7439994812012 22.2159996032715 23.8400001525879 22.2280006408691 22.5639991760254 23.496000289917 24.8120002746582 25.3559989929199 25.6399993896484 25.8080005645752 25.6720008850098 25.6240005493164 25.8920001983643 25.9640007019043 25.8479995727539 25.6200008392334 24.9680004119873 25.1319999694824 25.5319995880127 25.7239990234375 25.8279991149902 25.6919994354248 25.5639991760254 25.3560009002686 25.1119995117188 25.076000213623 25.1200008392334 25.1440010070801 25.0359992980957 24.8640003204346 24.8080005645752 24.6319999694824 24.1560001373291 25.1119995117188
-9999 -9999 -9999 -9999 -9999 -9999 -9999 -9999 -9999 -9999 -9999 23.3708324432373 23.7479991912842 22.1480007171631 22.6560001373291 21.4720001220703 21.2119998931885 21.8640003204346 21.9640007019043 22.7880001068115 23.4799995422363 25.0599994659424 25.8400001525879 26.1159992218018 26.2479991912842 25.8640003204346 25.6359996795654 26.011999130249 26.0240001678467 25.8920001983643 25.3080005645752 24.488000869751 24.7520008087158 24.3279991149902 24.7280006408691 25.492000579834 25.5400009155273 25.4160003662109 25.1040000915527 24.8880004882812 24.7959995269775 24.7560005187988 24.6240005493164 24.4559993743896 24.2119998931885 23.9720001220703 23.2719993591309 24.2239990234375
-9999 -9999 -9999 -9999 -9999 -9999 -9999 -9999 -9999 -9999 -9999 23.7263164520264 24.0960006713867 23.6079998016357 23.5440006256104 23.3080005645752 21.4759998321533 22.4559993743896 22.6439990997314 22.0319995880127 22.2719993591309 23.7040004730225 25.1359996795654 25.9079990386963 26.2199993133545 25.7479991912842 25.2840003967285 25.7880001068115 25.9680004119873 25.8039989471436 25.576000213623 25.2159996032715 25.3400001525879 24.7119998931885 24.2199993133545 24.6520004272461 25.1480007171631 24.992000579834 24.9519996643066 24.6960010528564 24.5559997558594 24.5240001678467 24.4479999542236 24.3400001525879 24.1800003051758 23.8559989929199 23.8719997406006 24.0200004577637
-9999 -9999 -9999 -9999 -9999 -9999 -9999 -9999 -9999 -9999 -9999 23.9799995422363 24.2199993133545 23.9799995422363 23.6879997253418 22.3799991607666 22.7360000610352 22.7439994812012 22.1720008850098 21.6919994354248 22.2560005187988 23.1399993896484 24.1879997253418 25.3080005645752 25.8080005645752 25.1159992218018 24.9600009918213 25.3880004882812 25.6480007171631 25.7840003967285 25.7360000610352 25.5879993438721 25.3840007781982 24.5359992980957 23.92799949646 23.9599990844727 24.3600006103516 24.6639995574951 24.8880004882812 24.8039989471436 24.5400009155273 24.3239994049072 24.0480003356934 24.0240001678467 24.1399993896484 23.9400005340576 23.7479991912842 23.7999992370605
-9999 -9999 -9999 -9999 -9999 -9999 -9999 -9999 -9999 -9999 -9999 23.0839996337891 23.7280006408691 23.923999786377 23.4839992523193 22.8759994506836 22.1639995574951 22.3999996185303 21.1079998016357 21.0480003356934 21.5599994659424 22.7919998168945 24.007999420166 24.4680004119873 25.1319999694824 24.8719997406006 24.6440010070801 24.9640007019043 25.2560005187988 25.6280002593994 25.57200050354 25.488000869751 25 23.8920001983643 24.4360008239746 24.7639999389648 24.9079990386963 24.8479995727539 24.92799949646 24.8759994506836 24.6440010070801 24.3719997406006 24.1079998016357 23.8880004882812 23.8400001525879 23.8120002746582 23.7759990692139 23.7080001831055
-9999 -9999 -9999 -9999 -9999 -9999 -9999 -9999 -9999 -9999 22.2999992370605 22.2840003967285 22.8040008544922 22.92799949646 22.3360004425049 22.511999130249 23.2880001068115 21.6840000152588 21.5359992980957 22.1919994354248 21.5 22.076000213623 23.5520000457764 24.0200004577637 24.6119995117188 24.511999130249 24.8600006103516 24.9599990844727 25.423999786377 25.6040000915527 25.5639991760254 25.4479999542236 24.8880004882812 24.4039993286133 24.8999996185303 25.2320003509521 25.1679992675781 25.068000793457 25.0960006713867 24.9479999542236 24.6000003814697 24.3479995727539 24.1680011749268 24.064001083374 24.0559997558594 23.7679996490479 23.3719997406006 22.9879989624023
-9999 -9999 -9999 -9999 -9999 -9999 -9999 -9999 -9999 21.7222213745117 22.1560001373291 22.0520000457764 21.6679992675781 21.2639999389648 21.8280010223389 21.7479991912842 22.423999786377 22.8600006103516 22.6959991455078 21.5520000457764 21.5399990081787 22.0319995880127 23.1639995574951 24.4720001220703 24.5879993438721 24.4640007019043 24.4519996643066 24.5960006713867 25.1919994354248 25.6000003814697 25.503999710083 25.4720001220703 25.3439998626709 25.2560005187988 25.3880004882812 25.4640007019043 25.3759994506836 25.2240009307861 25.1680011749268 24.988000869751 24.7399997711182 24.5359992980957 24.3479995727539 24.2399997711182 24.1280002593994 23.9120006561279 23.42799949646 23.068000793457
-9999 -9999 -9999 -9999 -9999 -9999 -9999 -9999 -9999 21.7999992370605 22.1240005493164 22.1959991455078 22.0480003356934 21.8039989471436 21.1679992675781 21.996000289917 22.8279991149902 22.3360004425049 22.7000007629395 22.5240001678467 22.7000007629395 22.5599994659424 23.1280002593994 23.7759990692139 24.9839992523193 24.9799995422363 24.931999206543 25.0400009155273 24.7639999389648 25.2080001831055 25.3439998626709 25.3039989471436 25.2759990692139 25.3959999084473 25.42799949646 25.3680000305176 25.2560005187988 25.1760005950928 25.0839996337891 24.9680004119873 24.7280006408691 24.5319995880127 24.3680000305176 24.2999992370605 24.1240005493164 24.011999130249 23.7880001068115 23.5160007476807
-9999 -9999 -9999 -9999 -9999 -9999 -9999 -9999 -9999 21.6499996185303 22.2999992370605 22.5599994659424 22.3320007324219 21.8320007324219 22.0879993438721 22.4440002441406 22.511999130249 21.0160007476807 21.3600006103516 21.9200000762939 22.996000289917 22.4759998321533 23.6200008392334 24.2600002288818 24.576000213623 24.8519992828369 24.9079990386963 24.8719997406006 24.7639999389648 24.7719993591309 24.8239994049072 24.9599990844727 24.992000579834 25.0559997558594 25.1400012969971 25.1760005950928 25.1200008392334 25.0240001678467 24.8959999084473 24.7240009307861 24.5520000457764 24.4440002441406 24.3279991149902 24.3880004882812 24.3039989471436 24.2320003509521 24.2080001831055 24.2239990234375
-9999 -9999 -9999 -9999 -9999 -9999 -9999 -9999 -9999 21.2749996185303 21.1800003051758 21.431999206543 22.488000869751 22.0520000457764 20.9599990844727 21.6240005493164 22.8439998626709 22.3239994049072 22.6119995117188 22.431999206543 22.7679996490479 23.6000003814697 23.9680004119873 24.2600002288818 24.1359996795654 24.8279991149902 25.4400005340576 25.3680000305176 25.0520000457764 24.8839988708496 24.8959999084473 24.8719997406006 24.9079990386963 24.9400005340576 25.0200004577637 25.0960006713867 25.064001083374 24.996000289917 24.8799991607666 24.7679996490479 24.6720008850098 24.5319995880127 24.431999206543 24.4720001220703 24.3159999847412 24.3400001525879 24.4080009460449 24.6160011291504
-9999 -9999 -9999 -9999 -9999 -9999 -9999 -9999 -9999 21.4466667175293 20.5520000457764 21.7320003509521 21.5319995880127 21.0639991760254 21.492000579834 20.5799999237061 21.6919994354248 20.2639999389648 20.988000869751 21.2999992370605 21.007999420166 22.4120006561279 24 23.6879997253418 24.6040000915527 24.7480010986328 24.8360004425049 25.0520000457764 25.1240005493164 24.8959999084473 24.7719993591309 24.988000869751 25.1079998016357 25.1399993896484 25.0960006713867 25.0240001678467 24.9400005340576 24.923999786377 24.9759998321533 24.9839992523193 24.8680000305176 24.7959995269775 24.8080005645752 24.6919994354248 24.6040000915527 24.6520004272461 24.7919998168945 24.8880004882812
-9999 -9999 -9999 -9999 -9999 -9999 -9999 -9999 -9999 21.2909088134766 20.57200050354 20.8320007324219 19.8320007324219 19.9200000762939 21.0520000457764 20.1240005493164 20.1200008392334 19.8400001525879 19.6480007171631 20.5879993438721 22.4200000762939 22.7840003967285 23.1280002593994 24.1840000152588 24.8560009002686 25.1280002593994 24.6959991455078 25.2080001831055 25.4440002441406 24.923999786377 23.6159992218018 24.7280006408691 25.1760005950928 25.068000793457 25.0160007476807 24.9640007019043 24.9440002441406 24.9599990844727 25.0279998779297 25.1000003814697 25.0319995880127 24.8719997406006 24.7919998168945 24.5599994659424 24.3719997406006 24.2999992370605 24.2919998168945 24.4440002441406
-9999 -9999 -9999 -9999 -9999 -9999 -9999 -9999 -9999 21.5375003814697 21.1280002593994 20.1119995117188 19.7919998168945 19.503999710083 19.6119995117188 19.4519996643066 19.9079990386963 19.8680000305176 19.988000869751 20.3759994506836 21.2080001831055 21.3519992828369 21.9160003662109 23.3080005645752 24.8959999084473 25.1999988555908 25.0879993438721 25.3159999847412 25.1079998016357 24.6720008850098 23.3999996185303 23.5 24.6000003814697 24.8159999847412 24.8320007324219 24.988000869751 25.0200004577637 24.9720001220703 24.9680004119873 24.9759998321533 24.9119987487793 24.7399997711182 24.5799999237061 24.431999206543 24.2119998931885 23.9079990386963 23.6399993896484 22.9839992523193
-9999 -9999 -9999 -9999 -9999 -9999 -9999 -9999 -9999 22 21.3519992828369 20.4640007019043 20.8400001525879 20.8400001525879 20.7880001068115 20.511999130249 20.1119995117188 20.7560005187988 20.6800003051758 20.7800006866455 21.0319995880127 21.3680000305176 22.8840007781982 24.3360004425049 25.0839996337891 25.1359996795654 25.011999130249 25.2759990692139 24.931999206543 24.1560001373291 22.5799999237061 22.5399990081787 23.992000579834 24.3640003204346 24.3199996948242 24.7439994812012 24.7199993133545 24.8640003204346 24.9759998321533 25.076000213623 24.9720001220703 24.6119995117188 24.3439998626709 24.2639999389648 24.1599998474121 23.6159992218018 22.9759998321533 22.3120002746582
-9999 -9999 -9999 -9999 -9999 -9999 -9999 -9999 -9999 -9999 21.5652179718018 21.6319999694824 21.2000007629395 22.3600006103516 21.8239994049072 22.3120002746582 21.3680000305176 22.1480007171631 21.6760005950928 22.3719997406006 22.2479991912842 22.1800003051758 23.2840003967285 24.5160007476807 25.1200008392334 25.2639999389648 25.1560001373291 25.0359992980957 24.9360008239746 24.7399997711182 23.496000289917 22.5839996337891 23.3959999084473 24.492000579834 24.4759998321533 24.7080001831055 24.8600006103516 24.935998916626 24.8959999084473 24.7959995269775 24.6879997253418 24.496000289917 24.3280010223389 24.3080005645752 24.0200004577637 23.8239994049072 23.3799991607666 22.8280010223389
-9999 -9999 -9999 -9999 -9999 -9999 -9999 -9999 -9999 -9999 21.8733329772949 22.2760009765625 22.3400001525879 22.9839992523193 23.1800003051758 22.7600002288818 22.5 23.0359992980957 22.5799999237061 23.1959991455078 23.1439990997314 23.6520004272461 24.007999420166 24.4440002441406 24.7999992370605 25.2639999389648 24.8719997406006 24.4559993743896 24.5839996337891 24.7719993591309 24.1319999694824 22.8920001983643 22.9479999542236 24.3159999847412 24.7479991912842 24.8799991607666 24.8880004882812 24.9479999542236 24.8159999847412 24.6599998474121 24.576000213623 24.5279998779297 24.3999996185303 24.3880004882812 24.2439994812012 24.1280002593994 23.5120010375977 22.8320007324219
-9999 -9999 -9999 -9999 -9999 -9999 -9999 -9999 -9999 -9999 21.9888896942139 22.5279998779297 23.0559997558594 23.3159999847412 23.4559993743896 23.6679992675781 23.2840003967285 23.7040004730225 23.992000579834 24.1159992218018 24.2080001831055 24.5960006713867 24.7840003967285 24.6560001373291 24.7399997711182 25.0559997558594 25.1480007171631 25.0200004577637 24.7320003509521 24.5480003356934 24.431999206543 24.0839996337891 23.7959995269775 24.4440002441406 24.7159996032715 24.7480010986328 24.7439994812012 24.7080001831055 24.7040004730225 24.6640014648438 24.6359996795654 24.568000793457 24.3279991149902 24.2159996032715 24.1040000915527 24.0880012512207 24.0400009155273 23.6719989776611
-9999 -9999 -9999 -9999 -9999 -9999 -9999 -9999 -9999 -9999 -9999 22.6000003814697 23.0879993438721 23.492000579834 23.3999996185303 23.2959995269775 23.1800003051758 23.4160003662109 23.8719997406006 24.3279991149902 24.6359996795654 24.6319999694824 24.7280006408691 24.7439994812012 24.6919994354248 24.7280006408691 24.9720001220703 25.0559997558594 24.7560005187988 24.57200050354 24.6200008392334 24.6599998474121 24.5480003356934 24.6440010070801 24.6880016326904 24.6520004272461 24.6720008850098 24.7200012207031 24.7560005187988 24.6079998016357 24.3880004882812 24.1599998474121 24.0359992980957 23.92799949646 23.576000213623 23.076000213623 23.0480003356934 23.3120002746582
-9999 -9999 -9999 -9999 -9999 -9999 -9999 -9999 -9999 -9999 -9999 22.7999992370605 23.0904769897461 23.1720008850098 23.3120002746582 23.42799949646 23.5240001678467 22.8920001983643 23.4680004119873 23.8280010223389 24.423999786377 24.568000793457 24.7199993133545 24.7840003967285 24.7759990692139 24.7639999389648 24.7759990692139 24.8120002746582 24.7439994812012 24.6680011749268 24.6680011749268 24.7679996490479 24.3239994049072 24.2000007629395 24.4680004119873 24.5400009155273 24.4759998321533 24.5200004577637 24.5599994659424 24.4479999542236 24.2439994812012 23.9799995422363 23.7959995269775 23.511999130249 23.0480003356934 22.5839996337891 21.9400005340576 22.076000213623
-9999 -9999 -9999 -9999 -9999 -9999 -9999 -9999 -9999 -9999 -9999 -9999 22.8533325195312 23.2280006408691 23.4559993743896 23.6599998474121 23.6119995117188 23.0359992980957 23.3840007781982 23.5960006713867 24.1800003051758 24.2520008087158 24.435998916626 24.5920009613037 24.5919990539551 24.7000007629395 24.6800003051758 24.6079998016357 24.5520000457764 24.5319995880127 24.564001083374 24.6119995117188 24.5120010375977 24.1000003814697 23.992000579834 24.3519992828369 24.5480003356934 24.5240001678467 24.2560005187988 24.2999992370605 24.2439994812012 23.8680000305176 23.5480003356934 23.1240005493164 22.7600002288818 22.2999992370605 21.9839992523193 21.7880001068115
-9999 -9999 -9999 -9999 -9999 -9999 -9999 -9999 -9999 -9999 -9999 -9999 22.9333324432373 23.1359996795654 23.2800006866455 23.4440002441406 23.6480007171631 23.6720008850098 23.4680004119873 23.4200000762939 23.8439998626709 24.2280006408691 24.2840003967285 24.496000289917 24.5 24.5160007476807 24.568000793457 24.5520000457764 24.5279998779297 24.5 24.5440006256104 24.576000213623 24.5880012512207 24.5359992980957 24.492000579834 24.5839996337891 24.7000007629395 24.6840000152588 24.5440006256104 24.2719993591309 24.1359996795654 23.9759998321533 23.5799999237061 22.7919998168945 22.6599998474121 22.5 21.7000007629395 21.6840000152588
