L_lividipennis/M_variables/Set1/bio_15.asc
NCOLS 82 
NROWS 178 
XLLCORNER -73.9166666666667 
YLLCORNER -43.5416666666667 
CELLSIZE 0.0416666666666667 
NODATA_value -9999 
[rows 44 to 65 of 178, columns 0 to 47 of 82]
-9999 -9999 -9999 -9999 -9999 -9999 -9999 -9999 -9999 -9999 68.209831237793 68.0042953491211 68.0750961303711 68.1109313964844 69.131721496582 68.3886566162109 69.2422103881836 70.740478515625 71.9757308959961 72.1805191040039 71.7350616455078 71.9613189697266 72.7592239379883 73.3975067138672 73.2918243408203 73.5369491577148 73.4942779541016 73.8150329589844 74.1321640014648 74.9064788818359 75.3538970947266 75.0137710571289 75.0693664550781 74.8419876098633 74.7343063354492 73.9261779785156 73.78076171875 73.9519653320312 73.8293075561523 73.6121673583984 73.5581436157227 73.8380966186523 74.3215942382812 74.3600997924805 75.9977188110352 78.8927612304688 78.4644470214844 78.4829483032227
-9999 -9999 -9999 -9999 -9999 -9999 -9999 -9999 -9999 -9999 67.9295883178711 67.5830688476562 67.4519119262695 67.3181076049805 68.4960479736328 69.3469009399414 68.4415054321289 71.0529022216797 71.3745956420898 71.8555908203125 72.433708190918 73.3979263305664 73.5550994873047 73.8377532958984 73.2585830688477 72.6702270507812 73.0900268554688 73.4227752685547 73.851692199707 74.3876647949219 74.7261657714844 74.3518905639648 74.2100830078125 73.8792114257812 73.5155258178711 73.5674667358398 73.2989501953125 73.0396041870117 73.4897079467773 73.5498046875 73.5130615234375 73.6100616455078 73.9805145263672 74.8688507080078 74.8577041625977 75.5289764404297 76.4991073608398 73.5343780517578
-9999 -9999 -9999 -9999 -9999 -9999 -9999 -9999 -9999 -9999 -9999 67.3748321533203 67.0434188842773 68.2129135131836 67.8841705322266 69.4059753417969 70.3876419067383 70.6883697509766 71.2031784057617 71.5558319091797 71.942512512207 72.7343902587891 73.3171997070312 74.03173828125 74.0786743164062 73.4824066162109 73.0911560058594 73.0306167602539 73.3201599121094 73.5095443725586 73.5423126220703 73.3904647827148 73.2793731689453 73.6743698120117 73.3760070800781 72.7149810791016 72.7097473144531 72.8070297241211 72.8855438232422 72.9342956542969 72.97021484375 73.4033126831055 73.7178802490234 74.2806015014648 75.4401626586914 75.7914810180664 76.068717956543 74.1078720092773
-9999 -9999 -9999 -9999 -9999 -9999 -9999 -9999 -9999 -9999 -9999 66.9657897949219 66.9420547485352 66.6173858642578 66.6684722900391 67.195915222168 69.2443008422852 69.0604019165039 69.1941833496094 70.6519241333008 71.1537780761719 71.5376358032227 72.8245544433594 73.4850311279297 73.7680130004883 73.1760101318359 72.5824127197266 72.6456756591797 73.0761184692383 72.761344909668 72.9002532958984 72.8875885009766 72.9773254394531 72.5940856933594 72.5914611816406 72.4169006347656 72.3889541625977 72.3847198486328 72.2858657836914 72.1344680786133 72.0252075195312 72.5109634399414 72.61572265625 73.2928009033203 73.9598922729492 74.5983123779297 74.0401763916016 73.4767150878906
-9999 -9999 -9999 -9999 -9999 -9999 -9999 -9999 -9999 -9999 -9999 67.5667724609375 67.0952301025391 66.849006652832 66.8196563720703 68.4751586914062 68.6223831176758 68.9339828491211 69.8305511474609 70.8009872436523 71.2004089355469 70.7668380737305 71.6554870605469 72.4755477905273 73.0966491699219 71.9154586791992 71.4685821533203 71.9367904663086 72.4427032470703 72.7729797363281 72.7819366455078 72.917839050293 72.6331558227539 72.6406631469727 72.4376678466797 72.0107421875 72.0351715087891 71.9536972045898 71.3395843505859 71.1460342407227 71.2130661010742 71.5456924438477 72.2382125854492 72.3839797973633 72.5778884887695 73.0155258178711 73.1578063964844 72.8526000976562
-9999 -9999 -9999 -9999 -9999 -9999 -9999 -9999 -9999 -9999 -9999 67.52197265625 67.5633163452148 67.2496185302734 67.3465270996094 67.8268508911133 68.3773651123047 68.4580993652344 69.8763809204102 70.5308151245117 70.9940795898438 70.9838562011719 71.0459671020508 72.1209106445312 72.2135467529297 71.2813339233398 70.9012069702148 71.023811340332 71.342399597168 71.6103820800781 71.760986328125 71.3888931274414 71.0575332641602 70.5582275390625 70.2812957763672 70.6801452636719 70.7341537475586 70.8492736816406 70.2488174438477 70.0878067016602 70.0719375610352 70.1583251953125 70.5611343383789 71.1788787841797 71.8358306884766 71.7308731079102 71.7906265258789 71.6507873535156
-9999 -9999 -9999 -9999 -9999 -9999 -9999 -9999 -9999 -9999 67.7103652954102 67.72314453125 68.199333190918 67.8818054199219 68.2343826293945 68.2140045166016 67.5462875366211 68.9561386108398 69.4972381591797 69.5342559814453 70.7943725585938 70.7516174316406 71.0151672363281 71.0948333740234 71.8648910522461 71.5316619873047 70.9137573242188 71.0900497436523 71.1520309448242 70.9099655151367 70.8662109375 70.8733978271484 70.1782455444336 69.7905731201172 69.8423538208008 70.1318511962891 70.0957336425781 69.7059860229492 69.5604705810547 68.9694976806641 68.8748092651367 68.9651031494141 69.0056686401367 69.7240829467773 70.2396774291992 70.6883087158203 70.9254531860352 71.0677719116211
-9999 -9999 -9999 -9999 -9999 -9999 -9999 -9999 -9999 67.347526550293 67.7922973632812 67.7847366333008 68.3147735595703 68.6466217041016 68.7577285766602 68.9012908935547 68.5683822631836 68.4237518310547 68.4678039550781 69.2864379882812 69.6455001831055 70.0289840698242 70.1998291015625 71.3507461547852 70.8402252197266 70.6424255371094 70.4862442016602 70.6442794799805 71.3166427612305 71.2581634521484 70.8863372802734 70.6930694580078 69.8945083618164 69.2542572021484 69.5293197631836 69.403938293457 69.2865600585938 68.7496566772461 68.1211547851562 67.8066329956055 67.6263198852539 67.4440460205078 67.5180587768555 67.9452438354492 68.6415176391602 69.2136306762695 69.888069152832 70.3215560913086
-9999 -9999 -9999 -9999 -9999 -9999 -9999 -9999 -9999 67.1121520996094 67.6013031005859 67.7370300292969 67.3048477172852 67.8576278686523 68.9856033325195 69.0510406494141 68.8674926757812 68.7956619262695 68.6661911010742 68.7336730957031 68.6703491210938 69.2302780151367 69.5264205932617 70.3908004760742 71.0244674682617 70.7235794067383 70.2831954956055 69.9187469482422 70.0558166503906 70.2595367431641 69.9182662963867 69.9377288818359 69.4102172851562 69.0230331420898 68.8711166381836 68.9400253295898 68.3417053222656 67.849250793457 67.2207489013672 66.6856307983398 66.3156585693359 66.0249176025391 66.0750961303711 66.8778610229492 67.4719085693359 68.0309982299805 68.3631210327148 69.0215454101562
-9999 -9999 -9999 -9999 -9999 -9999 -9999 -9999 -9999 67.6516418457031 67.5876541137695 67.4409790039062 67.6430206298828 68.2593154907227 68.7323760986328 69.4994888305664 68.7584991455078 68.8972549438477 69.007698059082 69.1034088134766 68.4879302978516 68.7472229003906 69.1495742797852 69.4817199707031 70.5811386108398 70.8774490356445 70.8314514160156 70.2915191650391 70.1624908447266 69.74755859375 69.7880325317383 69.4437866210938 68.8108520507812 68.4066543579102 68.1600646972656 68.3911972045898 67.8045425415039 67.1528244018555 66.5326156616211 65.7834014892578 65.3067016601562 64.9988784790039 65.0532379150391 65.5917510986328 65.998420715332 66.1697845458984 66.6064376831055 66.7976455688477
-9999 -9999 -9999 -9999 -9999 -9999 -9999 -9999 -9999 67.2070770263672 67.7875900268555 67.7544708251953 67.5962448120117 68.0577850341797 68.4080200195312 69.0385131835938 68.7303695678711 68.6483001708984 68.8154525756836 69.1967620849609 69.3016891479492 69.1527252197266 69.4587478637695 69.4783935546875 69.9438781738281 70.3306884765625 69.2498092651367 68.8156661987305 68.9061965942383 69.5578460693359 69.1135559082031 68.9252014160156 68.4062957763672 68.1290512084961 67.80517578125 67.5585632324219 67.0695571899414 66.2612457275391 65.6710205078125 65.1874923706055 64.83740234375 63.9580078125 63.8087921142578 64.6240005493164 64.972785949707 64.8109512329102 65.3577346801758 65.391471862793
-9999 -9999 -9999 -9999 -9999 -9999 -9999 -9999 -9999 66.8368530273438 67.0271682739258 67.7295532226562 67.7744064331055 67.874885559082 68.1212005615234 68.2903594970703 68.72314453125 68.4580230712891 68.737678527832 68.5153579711914 68.2329406738281 68.9834594726562 69.0068893432617 69.1079864501953 69.0401763916016 69.3100051879883 69.3687286376953 69.0514450073242 68.6075820922852 69.2068176269531 69.354362487793 68.7411346435547 68.5037155151367 67.8670425415039 67.6490173339844 67.2195281982422 66.8910751342773 65.9410247802734 65.3575134277344 64.8713607788086 64.4651031494141 63.6790771484375 63.5012626647949 63.7146492004395 64.188346862793 64.326042175293 64.5090637207031 64.6129989624023
-9999 -9999 -9999 -9999 -9999 -9999 -9999 -9999 -9999 66.528190612793 66.78564453125 67.2159881591797 67.7385330200195 67.99853515625 67.9544296264648 68.273796081543 68.171745300293 67.7860641479492 67.8945236206055 67.9994049072266 68.0006637573242 68.0990905761719 67.9005508422852 68.1209030151367 68.2567138671875 67.520378112793 67.6515350341797 67.3973236083984 67.5558395385742 67.6398696899414 68.1141662597656 68.5681915283203 68.0317764282227 67.4994277954102 66.9797821044922 66.6943206787109 66.4273452758789 65.9391098022461 65.3388366699219 64.67822265625 63.9015426635742 63.7226486206055 63.4731063842773 63.4425430297852 64.0553512573242 64.4977340698242 65.0564498901367 65.2549362182617
-9999 -9999 -9999 -9999 -9999 -9999 -9999 -9999 -9999 66.7554397583008 66.3316040039062 66.1337585449219 66.4809417724609 66.7996520996094 67.1581192016602 67.4882354736328 66.8958358764648 67.0155181884766 66.8540954589844 66.8578186035156 67.3615798950195 67.2406616210938 66.8178024291992 67.4299011230469 67.7708282470703 67.3719177246094 66.9498596191406 66.9163284301758 67.140998840332 67.0592880249023 67.314079284668 67.5988845825195 67.2781219482422 67.1824188232422 66.8585205078125 66.7713088989258 66.1973724365234 65.7841415405273 65.0238418579102 64.4114837646484 63.8036003112793 63.8028144836426 63.5011177062988 63.4335784912109 63.5258331298828 64.6111373901367 65.6013565063477 66.3877868652344
-9999 -9999 -9999 -9999 -9999 -9999 -9999 -9999 -9999 66.5314483642578 65.7887191772461 65.283332824707 64.9552307128906 64.639289855957 64.811149597168 64.8462066650391 65.1178283691406 65.1837844848633 65.3855056762695 65.4690475463867 65.8507843017578 66.1323852539062 66.2590942382812 66.4769058227539 67.0629806518555 66.3332901000977 66.2278366088867 65.878059387207 65.8976821899414 65.5298309326172 65.788444519043 66.633430480957 66.5722045898438 66.5933609008789 65.9297714233398 66.0989303588867 65.7169418334961 65.276237487793 64.7836151123047 64.2581176757812 63.554557800293 63.4033889770508 63.3387908935547 63.1937255859375 63.2809638977051 64.2444458007812 65.1670379638672 66.6369323730469
-9999 -9999 -9999 -9999 -9999 -9999 -9999 -9999 -9999 -9999 65.5744476318359 64.7653579711914 64.1611328125 64.3400421142578 63.6822624206543 64.0813064575195 63.7737579345703 64.0999603271484 64.3512954711914 64.5324478149414 64.6322784423828 64.9666900634766 65.9723815917969 66.1465759277344 66.1006774902344 65.8303070068359 65.5066833496094 65.159797668457 64.6811904907227 63.9723739624023 63.8343353271484 65.0589752197266 65.2583694458008 65.0838928222656 65.0950012207031 65.3562774658203 65.2850112915039 64.697380065918 64.5156707763672 63.9405212402344 63.452033996582 62.9893951416016 62.8636779785156 62.8459625244141 63.1980590820312 63.6767997741699 64.2125930786133 65.1981582641602
-9999 -9999 -9999 -9999 -9999 -9999 -9999 -9999 -9999 -9999 65.6929702758789 65.1957931518555 64.4077377319336 64.7466506958008 64.3403701782227 63.9209289550781 63.8424453735352 64.3730850219727 64.0364761352539 64.3927307128906 63.9349174499512 64.3121490478516 64.4375610351562 64.7966842651367 65.0603637695312 65.077018737793 64.418098449707 63.9231300354004 63.6317367553711 63.2132759094238 62.6497077941895 63.5289726257324 64.3080978393555 64.4015731811523 64.6745223999023 64.7964324951172 64.7383346557617 64.2559661865234 63.8946113586426 63.4482574462891 63.1500663757324 62.8704795837402 62.7062454223633 62.8636131286621 62.9162712097168 63.0101737976074 64.007080078125 65.0956649780273
-9999 -9999 -9999 -9999 -9999 -9999 -9999 -9999 -9999 -9999 66.098014831543 66.2677383422852 65.6565856933594 65.5411987304688 65.4058456420898 64.7876281738281 64.9957504272461 65.7040863037109 65.9979019165039 65.7267913818359 64.8731307983398 64.6757354736328 64.2256393432617 63.773738861084 63.8025665283203 63.6252517700195 63.4553451538086 62.8145599365234 62.5046844482422 62.1634140014648 61.6385803222656 61.8649291992188 63.0188407897949 63.646656036377 63.7546997070312 64.0542831420898 64.0496368408203 64.0959243774414 63.6010284423828 63.2182731628418 63.1769027709961 62.9710121154785 62.7276611328125 62.7550315856934 63.1651420593262 63.1358261108398 63.5116844177246 64.037727355957
-9999 -9999 -9999 -9999 -9999 -9999 -9999 -9999 -9999 -9999 -9999 66.5752182006836 66.3359222412109 65.8474426269531 64.6611022949219 63.9112167358398 64.2632598876953 65.2612762451172 65.8525695800781 66.1824264526367 65.588737487793 64.8015670776367 64.5544204711914 63.4241333007812 63.1415939331055 63.1651802062988 63.0005760192871 62.8128280639648 61.7446670532227 61.2348594665527 61.0104370117188 60.9755630493164 62.0833930969238 62.9160995483398 63.0654029846191 63.2203598022461 63.2642021179199 63.262264251709 63.2857475280762 63.0590400695801 62.8153877258301 62.7704811096191 63.1027145385742 62.8188362121582 63.4657249450684 64.0452194213867 64.0137252807617 64.2933044433594
-9999 -9999 -9999 -9999 -9999 -9999 -9999 -9999 -9999 -9999 -9999 66.8438491821289 66.4336547851562 65.1406784057617 64.5256576538086 63.4101638793945 63.2783203125 63.4054565429688 64.5098419189453 64.0744094848633 64.6084060668945 64.2976455688477 63.8801689147949 63.3723220825195 62.8959274291992 62.3647651672363 62.2605209350586 62.128101348877 61.5570678710938 61.0282020568848 60.5323753356934 60.4041595458984 61.4792442321777 62.3939933776855 62.4886131286621 62.9332962036133 62.8918113708496 63.044750213623 62.8498916625977 62.8917579650879 62.8406677246094 62.5517158508301 62.391170501709 62.9931144714355 63.3959732055664 64.0038070678711 64.5672149658203 64.7824401855469
-9999 -9999 -9999 -9999 -9999 -9999 -9999 -9999 -9999 -9999 -9999 -9999 65.5119705200195 65.4807815551758 64.7041244506836 63.8058242797852 63.431037902832 63.2182121276855 63.8328132629395 63.792407989502 63.7782096862793 63.2282905578613 63.1140060424805 62.8605422973633 62.5737800598145 62.1189575195312 61.2891960144043 60.7220764160156 60.5384979248047 60.3206367492676 59.8745193481445 59.9383926391602 59.8755264282227 60.9871406555176 61.6407012939453 62.0816955566406 62.1086349487305 62.4532127380371 62.5501022338867 62.5524978637695 62.5204467773438 62.313777923584 62.4933433532715 62.8786926269531 63.1858062744141 64.047233581543 64.2353515625 64.6950454711914
-9999 -9999 -9999 -9999 -9999 -9999 -9999 -9999 -9999 -9999 -9999 -9999 65.3219909667969 64.9736099243164 64.3850402832031 63.6273155212402 63.3570823669434 63.0882873535156 63.0192909240723 63.4963989257812 63.6789627075195 62.893497467041 62.7267036437988 62.4264259338379 62.0363578796387 61.4273300170898 60.9001159667969 60.1055908203125 59.4308471679688 59.2379570007324 59.2914123535156 59.3061561584473 59.3990707397461 60.1187973022461 60.7787055969238 61.6026954650879 62.0137176513672 62.3011322021484 62.3692321777344 62.3562698364258 62.1546249389648 62.2530555725098 62.1220779418945 62.5143203735352 62.9357948303223 62.9318504333496 63.8155708312988 64.1887435913086
