L_lividipennis/M_variables/Set1/bio_5.asc
NCOLS 82 
NROWS 178 
XLLCORNER -73.9166666666667 
YLLCORNER -43.5416666666667 
CELLSIZE 0.0416666666666667 
NODATA_value -9999 
[rows 110 to 131 of 178, columns 0 to 47 of 82]
-9999 -9999 -9999 -9999 -9999 -9999 -9999 -9999 -9999 -9999 -9999 -9999 18.8999996185303 19.1800003051758 20.0639991760254 20.7840003967285 21.1359996795654 21.3079986572266 21.4799995422363 21.5920009613037 21.7080001831055 21.8279991149902 22.0160007476807 22.1359996795654 22.2639999389648 22.3640003204346 22.4079990386963 22.42799949646 22.507999420166 22.5400009155273 22.4479999542236 22.4479999542236 22.4599990844727 22.6840000152588 23.1440010070801 23.2240009307861 22.3680000305176 21.7280006408691 21.3040008544922 19.6520004272461 19.1079998016357 18.3880004882812 19.4799995422363 19.2759990692139 18.6599998474121 18.7600002288818 18.431999206543 18.4559993743896
-9999 -9999 -9999 -9999 -9999 -9999 -9999 -9999 -9999 -9999 -9999 -9999 19.3320007324219 19.6440010070801 20.2520008087158 20.9400005340576 21.1599998474121 21.3159999847412 21.4400005340576 21.5279998779297 21.6319999694824 21.7520008087158 21.923999786377 22.0599994659424 22.1840000152588 22.2799987792969 22.2880001068115 22.3159999847412 22.3120002746582 22.5440006256104 22.6280002593994 22.7080001831055 22.6719989776611 22.7159996032715 23.1079998016357 23.1000003814697 21.8080005645752 19.8840007781982 20.0319995880127 19.7840003967285 18.8840007781982 17.9079990386963 17.3560009002686 18.1399993896484 18.7719993591309 18.8320007324219 17.9680004119873 17.2999992370605
-9999 -9999 -9999 -9999 -9999 -9999 -9999 -9999 -9999 -9999 -9999 -9999 19.8439998626709 20.3199996948242 20.6720008850098 20.9120006561279 21.0520000457764 21.2799987792969 21.3959999084473 21.496000289917 21.576000213623 21.7240009307861 21.8319988250732 21.931999206543 22.0480003356934 22.1160011291504 22.1079998016357 22.1079998016357 22.0960006713867 22.1800003051758 22.5160007476807 22.6599998474121 22.7399997711182 22.8039989471436 22.9119987487793 23.0359992980957 22.6000003814697 21.3199996948242 19.4680004119873 18.3280010223389 18.5240001678467 18.8279991149902 19.5879993438721 18.07200050354 19.2119998931885 18.6679992675781 18.0960006713867 17.4839992523193
-9999 -9999 -9999 -9999 -9999 -9999 -9999 -9999 -9999 -9999 -9999 -9999 -9999 20.3320007324219 20.6679992675781 20.8039989471436 21.0480003356934 21.2159996032715 21.3279991149902 21.423999786377 21.5279998779297 21.6520004272461 21.7840003967285 21.8239994049072 21.9759998321533 22.0960006713867 22.1280002593994 22.0240001678467 21.9200000762939 21.9640007019043 22.1720008850098 22.2119998931885 22.5440006256104 22.9360008239746 22.5639991760254 22.9360008239746 23.1560001373291 22.923999786377 21.3519992828369 20.8120002746582 22.0639991760254 22.7040004730225 21.4039993286133 18.0319995880127 18.5480003356934 20.1800003051758 18.007999420166 18.0520000457764
-9999 -9999 -9999 -9999 -9999 -9999 -9999 -9999 -9999 -9999 -9999 -9999 -9999 20.007999420166 20.3719997406006 20.7280006408691 20.8840007781982 21.1000003814697 21.1879997253418 21.2639999389648 21.4160003662109 21.5319995880127 21.6480007171631 21.7199993133545 21.8199996948242 21.9440002441406 22.0160007476807 22.1079998016357 22.0839996337891 22.1079998016357 22.1680011749268 22.0839996337891 22.1200008392334 21.4160003662109 21.5399990081787 22.6079998016357 22.42799949646 22.6800003051758 22.5559997558594 22.4759998321533 22.6359996795654 22.2759990692139 21.492000579834 19.5 18.42799949646 19.7759990692139 20.4720001220703 18.0599994659424
-9999 -9999 -9999 -9999 -9999 -9999 -9999 -9999 -9999 -9999 -9999 -9999 -9999 20.1879997253418 20.2479991912842 20.5480003356934 20.7479991912842 20.923999786377 21.0319995880127 21.1919994354248 21.3400001525879 21.435998916626 21.511999130249 21.5599994659424 21.6599998474121 21.7759990692139 21.8439998626709 21.9720001220703 22.0880012512207 22.1840000152588 22.2040004730225 22.2080001831055 21.9720001220703 20.923999786377 20.431999206543 20.3159999847412 21.1800003051758 20.3239994049072 20.1399993896484 19.423999786377 18.3759994506836 18.8400001525879 20.0839996337891 18.9400005340576 18 21.3719997406006 20.5 19.9720001220703
-9999 -9999 -9999 -9999 -9999 -9999 -9999 -9999 -9999 -9999 -9999 -9999 -9999 20.076000213623 20.2399997711182 20.5440006256104 20.7600002288818 20.8680000305176 21.011999130249 21.1680011749268 21.2360000610352 21.3199996948242 21.3999996185303 21.4479999542236 21.7600002288818 21.923999786377 21.8479995727539 21.8279991149902 21.992000579834 22.1200008392334 22.1280002593994 22.0599994659424 21.7719993591309 20.5279998779297 19.3880004882812 20.9120006561279 19.4559993743896 18.6639995574951 17.9519996643066 16.4600009918213 19.2840003967285 20.8199996948242 19.9599990844727 18.3439998626709 19.0599994659424 21.7919998168945 18.2560005187988 17.9599990844727
-9999 -9999 -9999 -9999 -9999 -9999 -9999 -9999 -9999 -9999 -9999 -9999 -9999 20.1000003814697 20.2679996490479 20.4519996643066 20.7040004730225 20.8400001525879 20.923999786377 21.0960006713867 21.1800003051758 21.2040004730225 21.2639999389648 21.4599990844727 21.7399997711182 21.5359992980957 21.568000793457 21.8640003204346 22.1119995117188 22.3319988250732 22.2999992370605 21.8239994049072 20.92799949646 20.1919994354248 19.3199996948242 19.57200050354 18.5559997558594 18.6200008392334 18.2999992370605 20.6480007171631 21.4839992523193 20.7119998931885 21.1240005493164 18.9039993286133 18.1440010070801 22.1720008850098 19.5599994659424 20.2520008087158
-9999 -9999 -9999 -9999 -9999 -9999 -9999 -9999 -9999 -9999 -9999 -9999 -9999 19.9400005340576 20.068000793457 20.2679996490479 20.5839996337891 20.7040004730225 20.8239994049072 20.996000289917 21.0599994659424 21.0920009613037 21.1319999694824 21.507999420166 21.5880012512207 21.3759994506836 21.3759994506836 21.564001083374 21.7880001068115 22.068000793457 22.3199996948242 21.7479991912842 20.0240001678467 18.6879997253418 18.4360008239746 17.8920001983643 20.003999710083 21.2919998168945 21.0960006713867 21.4720001220703 22.9640007019043 23.1040000915527 22.7919998168945 18.996000289917 19.07200050354 23.2639999389648 20.9759998321533 21.5520000457764
-9999 -9999 -9999 -9999 -9999 -9999 -9999 -9999 -9999 -9999 -9999 -9999 -9999 -9999 20.0359992980957 20.1520004272461 20.3479995727539 20.5319995880127 20.6960010528564 20.8680000305176 20.9799995422363 21.07200050354 21.3279991149902 21.3279991149902 21.2240009307861 21.1800003051758 21.2919998168945 21.4680004119873 21.6440010070801 21.8559989929199 22.1639995574951 21.5559997558594 18.9120006561279 15.3319997787476 15.7559995651245 21.1399993896484 23.2560005187988 23.003999710083 22.8559989929199 23.0440006256104 22.7959995269775 21.5160007476807 21.4680004119873 22.5520000457764 23.1119995117188 20.6639995574951 17.9759998321533 18.0480003356934
-9999 -9999 -9999 -9999 -9999 -9999 -9999 -9999 -9999 -9999 -9999 -9999 -9999 -9999 19.8799991607666 20.0359992980957 20.1200008392334 20.3199996948242 20.564001083374 20.7479991912842 20.8400001525879 21.0799999237061 21.0319995880127 20.988000869751 20.935998916626 21.0400009155273 21.2080001831055 21.3839988708496 21.568000793457 21.7439994812012 21.9559993743896 22.1319999694824 20.6359996795654 19.5960006713867 20.9200000762939 22.5240001678467 21.1599998474121 20.2080001831055 20.9559993743896 22.6919994354248 18.0639991760254 18.0879993438721 17.7560005187988 21.4559993743896 21.5799999237061 19.4680004119873 19.3680000305176 14.7959995269775
-9999 -9999 -9999 -9999 -9999 -9999 -9999 -9999 -9999 -9999 -9999 -9999 -9999 -9999 19.7320003509521 19.8519992828369 19.996000289917 20.2200012207031 20.4400005340576 20.6480007171631 20.6960010528564 20.8120002746582 20.7399997711182 20.7360000610352 20.7959995269775 20.9599990844727 21.1319999694824 21.3680000305176 21.6679992675781 21.8159999847412 22 22.2999992370605 22.4759998321533 22.5400009155273 22.8560009002686 19.4640007019043 18.0359992980957 17.6679992675781 18.4160003662109 22.4879989624023 18.3640003204346 17.3239994049072 19.4039993286133 21.0279998779297 17.0319995880127 17.5200004577637 18.1200008392334 16.0520000457764
-9999 -9999 -9999 -9999 -9999 -9999 -9999 -9999 -9999 -9999 -9999 -9999 -9999 -9999 19.6240005493164 19.7240009307861 19.8519992828369 20.1160011291504 20.2240009307861 20.4839992523193 20.6720008850098 20.9200000762939 20.8360004425049 20.6319999694824 20.7040004730225 20.935998916626 21.2759990692139 21.6040000915527 21.5679988861084 20.6760005950928 21.5359992980957 22.3159999847412 22.5879993438721 22.8719997406006 23.1240005493164 21.7119998931885 19.3680000305176 17.6679992675781 18.8040008544922 22.1879997253418 18.6800003051758 17.6040000915527 20.4640007019043 20.7159996032715 20.8920001983643 19.92799949646 19.5960006713867 19
-9999 -9999 -9999 -9999 -9999 -9999 -9999 -9999 -9999 -9999 -9999 -9999 -9999 -9999 19.5799999237061 19.6879997253418 19.7679996490479 19.931999206543 20.1879997253418 20.4599990844727 20.6160011291504 20.8120002746582 20.9640007019043 20.7639999389648 20.7399997711182 21.0440006256104 21.4039993286133 21.3719997406006 20.9519996643066 20.6760005950928 20.4839992523193 20.7560005187988 21.7560005187988 21.9759998321533 22.7679996490479 21.7239990234375 22.0400009155273 18.92799949646 19.0559997558594 21.5200004577637 20.6679992675781 18.2000007629395 21.2399997711182 17.3880004882812 18.8719997406006 21.0279998779297 19.0160007476807 18.1119995117188
-9999 -9999 -9999 -9999 -9999 -9999 -9999 -9999 -9999 -9999 -9999 -9999 -9999 -9999 -9999 19.9119987487793 20.064001083374 20.1560001373291 20.3360004425049 20.42799949646 20.57200050354 20.6440010070801 20.92799949646 20.92799949646 20.935998916626 20.9440002441406 21.0359992980957 20.7999992370605 20.42799949646 19.6280002593994 17.6119995117188 16.8680000305176 19.3519992828369 19.3759994506836 20.3400001525879 21.2639999389648 22.3560009002686 20.2600002288818 18.1840000152588 20.4400005340576 19.5599994659424 21.5279998779297 19.1919994354248 17.6679992675781 18.6599998474121 19.2240009307861 20.5879993438721 18.8880004882812
-9999 -9999 -9999 -9999 -9999 -9999 -9999 -9999 -9999 -9999 -9999 -9999 -9999 -9999 -9999 20.011999130249 20.1000003814697 20.1599998474121 20.3839988708496 20.4599990844727 20.6079998016357 20.6520004272461 20.7080001831055 20.8999996185303 21.0200004577637 21.003999710083 20.996000289917 20.8640003204346 20.4440002441406 19.5279998779297 17.6520004272461 16.9039993286133 18.2600002288818 19.1159992218018 18.9839992523193 18.2959995269775 21.2240009307861 21.7679996490479 21.2159996032715 21.8479995727539 18.5440006256104 17.4799995422363 18.1919994354248 18.7040004730225 17.6280002593994 17.6679992675781 19.0200004577637 18.4440002441406
-9999 -9999 -9999 -9999 -9999 -9999 -9999 -9999 -9999 -9999 -9999 -9999 -9999 -9999 -9999 20.068000793457 20.1480007171631 20.2719993591309 20.3759994506836 20.4479999542236 20.5 20.564001083374 20.7119998931885 20.9119987487793 21.0960006713867 20.992000579834 21.0559997558594 20.8439998626709 20.5799999237061 19.4720001220703 19.7639999389648 20.2239990234375 20.1359996795654 19.42799949646 19.9640007019043 19.0599994659424 17.9160003662109 19.8400001525879 23.3615379333496 21.9136371612549 18.988000869751 17.5559997558594 18.8920001983643 20.7000007629395 19.3120002746582 18.503999710083 17.6359996795654 17.7280006408691
-9999 -9999 -9999 -9999 -9999 -9999 -9999 -9999 -9999 -9999 -9999 -9999 -9999 -9999 -9999 -9999 20.1640014648438 20.2000007629395 20.2280006408691 20.3039989471436 20.3199996948242 20.511999130249 20.7119998931885 20.9079990386963 21.0240001678467 20.9400005340576 21.1079998016357 21.07200050354 21.5120010375977 21.0639991760254 20.5799999237061 20.2840003967285 20.6119995117188 21.1199989318848 20.0960006713867 17.7159996032715 18.3439998626709 20.5279998779297 23.1333332061768 19.783332824707 18.7040004730225 20.1760005950928 18.6280002593994 18.0240001678467 19.4440002441406 18.42799949646 18.7919998168945 18.511999130249
-9999 -9999 -9999 -9999 -9999 -9999 -9999 -9999 -9999 -9999 -9999 -9999 -9999 -9999 -9999 -9999 20.0920009613037 20.1359996795654 20.0920009613037 20.1119995117188 20.3599987030029 20.4680004119873 20.763635635376 21.1166667938232 21.0499992370605 21.2086944580078 21.1124992370605 20.564001083374 20.1440010070801 20.3920001983643 20.4400005340576 18.0919990539551 18.1000003814697 18.7080001831055 20.7719993591309 19.5359992980957 17.6319999694824 20.1720008850098 22.8692302703857 20.7439994812012 20.7000007629395 17.2000007629395 16.6879997253418 18.8320007324219 17.7519989013672 17.7320003509521 18.931999206543 19.6599998474121
-9999 -9999 -9999 -9999 -9999 -9999 -9999 -9999 -9999 -9999 -9999 -9999 -9999 -9999 -9999 -9999 19.9680004119873 19.9200000762939 19.8839988708496 20.1280002593994 20.3719997406006 20.5874996185303 20.7000007629395 -9999 -9999 21.3999996185303 21.2000007629395 21.0062503814697 20.4559993743896 19.3080005645752 19.7399997711182 18.7840003967285 18.4640007019043 17.7320003509521 19.9039993286133 19.5319995880127 18.988000869751 21.1818180084229 22.966667175293 20.5625 19.3999996185303 16.6280002593994 19.503999710083 17.8439998626709 18.8959999084473 17.8479995727539 19.4839992523193 20.2800006866455
-9999 -9999 -9999 -9999 -9999 -9999 -9999 -9999 -9999 -9999 -9999 -9999 -9999 -9999 -9999 -9999 -9999 19.7840003967285 19.8920001983643 20.0920009613037 20.21875 20.1571426391602 20.3928565979004 -9999 -9999 -9999 -9999 21.2000007629395 21.0642852783203 19.8120002746582 19.8479995727539 17.9360008239746 18.2880001068115 17.4600009918213 18.3159999847412 17.4759998321533 17.8519992828369 20.84375 21 18.0839996337891 18.1159992218018 18.0359992980957 20.4839992523193 18.0839996337891 18 17.1280002593994 18.5240001678467 21.6679992675781
-9999 -9999 -9999 -9999 -9999 -9999 -9999 -9999 -9999 -9999 -9999 -9999 -9999 -9999 -9999 -9999 -9999 19.6560001373291 19.7240009307861 20.0043487548828 20.1500015258789 20.1000003814697 20.3500003814697 -9999 -9999 -9999 -9999 -9999 -9999 21.2999992370605 20.7560005187988 19.7719993591309 18.4400005340576 18.9080009460449 17.3519992828369 17.7119998931885 18.2800006866455 21.5166664123535 20.8150005340576 19.42799949646 21.5 20.923999786377 18.3600006103516 18.2040004730225 17.7040004730225 18.1240005493164 17.6960010528564 21.0240001678467
