L_lividipennis/M_variables/Set1/bio_15.asc
NCOLS 82 
NROWS 178 
XLLCORNER -73.9166666666667 
YLLCORNER -43.5416666666667 
CELLSIZE 0.0416666666666667 
NODATA_value -9999 
[rows 66 to 87 of 178, columns 0 to 47 of 82]
-9999 -9999 -9999 -9999 -9999 -9999 -9999 -9999 -9999 -9999 -9999 -9999 -9999 64.6035766601562 64.0197677612305 63.3131294250488 62.7660484313965 62.1671295166016 61.4773483276367 61.8982124328613 62.1842994689941 62.2616233825684 62.0715751647949 62.1040077209473 61.6015205383301 61.205192565918 60.6967468261719 59.5406723022461 59.1424293518066 59.0530624389648 58.6502151489258 58.5270118713379 59.052131652832 60.7731132507324 60.7088813781738 61.7992553710938 62.5432472229004 62.5957489013672 62.7012481689453 62.2518768310547 62.1418418884277 61.8994827270508 62.0251350402832 61.7672424316406 61.8510475158691 62.708179473877 62.0984687805176 61.8654098510742
-9999 -9999 -9999 -9999 -9999 -9999 -9999 -9999 -9999 -9999 -9999 -9999 -9999 63.963077545166 63.5948448181152 62.7635459899902 61.8872222900391 61.6138038635254 61.5824394226074 61.4592552185059 60.7998275756836 61.6676368713379 61.8903045654297 61.5697860717773 61.3295097351074 61.0801239013672 60.622730255127 59.7443389892578 59.0085639953613 58.7189788818359 58.1606979370117 57.6666030883789 58.2271995544434 60.0834197998047 60.4412574768066 61.7199554443359 62.6505355834961 62.7816886901855 62.6396026611328 62.490062713623 62.2698860168457 62.084400177002 61.9385948181152 61.7760467529297 61.6755752563477 61.8206596374512 61.7765502929688 62.0133934020996
-9999 -9999 -9999 -9999 -9999 -9999 -9999 -9999 -9999 -9999 -9999 -9999 -9999 -9999 62.9659423828125 62.5412979125977 61.7892074584961 61.3660583496094 61.5346603393555 61.9598197937012 61.5629425048828 62.0221557617188 61.6563529968262 61.4587936401367 61.111988067627 60.680046081543 60.2845344543457 59.9501304626465 59.1864128112793 58.447151184082 58.2348594665527 57.8980674743652 58.2804336547852 59.5472946166992 60.7309303283691 61.7219314575195 62.4942893981934 62.814697265625 62.610523223877 62.4716339111328 62.2250289916992 62.114501953125 62.1061744689941 62.022762298584 61.6463012695312 61.5542869567871 61.911018371582 63.0156707763672
-9999 -9999 -9999 -9999 -9999 -9999 -9999 -9999 -9999 -9999 -9999 -9999 -9999 -9999 62.5179328918457 62.160774230957 61.5320739746094 61.3207626342773 61.3587760925293 61.5794334411621 61.3695068359375 61.5968971252441 62.4991493225098 61.9640884399414 61.3486022949219 61.0066299438477 60.7189788818359 60.2378616333008 59.5023536682129 59.0716819763184 58.7854232788086 58.5436058044434 59.8696708679199 59.8564872741699 61.3742141723633 62.2903175354004 62.7477149963379 62.9345626831055 62.8455505371094 62.7144927978516 62.8028602600098 62.377197265625 62.2153778076172 62.2174682617188 61.7161674499512 61.8260726928711 62.2850799560547 62.9470329284668
-9999 -9999 -9999 -9999 -9999 -9999 -9999 -9999 -9999 -9999 -9999 -9999 -9999 -9999 62.0173034667969 61.9692497253418 61.5119247436523 61.1738548278809 61.3645935058594 61.2175254821777 60.8244857788086 61.4028701782227 62.7008590698242 62.2404098510742 61.673397064209 61.3060264587402 60.6206970214844 60.1642570495605 60.9395370483398 59.4828491210938 59.6623229980469 60.2800483703613 60.2711563110352 60.6064529418945 61.2826080322266 62.3601608276367 62.6467437744141 62.6773681640625 62.9150695800781 62.8260307312012 62.7202796936035 62.5126304626465 62.3859329223633 62.3003730773926 62.18505859375 62.2175559997559 62.3110580444336 62.6143455505371
-9999 -9999 -9999 -9999 -9999 -9999 -9999 -9999 -9999 -9999 -9999 -9999 -9999 -9999 -9999 62.1096801757812 61.6412315368652 61.3209686279297 60.9296226501465 60.5260620117188 60.846794128418 61.4329376220703 62.7507667541504 62.302562713623 62.1715621948242 61.5124626159668 60.7855529785156 60.0452156066895 60.8319702148438 60.1816635131836 59.8885154724121 60.0200843811035 60.2297515869141 60.9364547729492 61.8020553588867 62.0693168640137 62.6330375671387 62.8984298706055 62.7704086303711 62.8955230712891 62.8020858764648 62.5420989990234 62.2939414978027 62.2337608337402 62.3412094116211 62.3362693786621 62.3489303588867 62.3355255126953
-9999 -9999 -9999 -9999 -9999 -9999 -9999 -9999 -9999 -9999 -9999 -9999 -9999 -9999 -9999 61.8897476196289 61.7312049865723 61.2618675231934 60.7605476379395 61.0777473449707 60.88525390625 61.2314682006836 61.4959831237793 62.0383834838867 62.2760009765625 61.7370529174805 60.9214706420898 60.5342979431152 60.481128692627 61.1813812255859 60.651309967041 60.7117195129395 60.8897171020508 61.4456176757812 61.9927101135254 62.1163024902344 62.7171516418457 62.7029266357422 62.5316123962402 62.2946701049805 62.7098731994629 62.5307464599609 62.3650970458984 61.9933967590332 61.9322853088379 62.3837776184082 62.5173225402832 62.2765426635742
-9999 -9999 -9999 -9999 -9999 -9999 -9999 -9999 -9999 -9999 -9999 -9999 -9999 -9999 -9999 61.8641967773438 61.6264381408691 61.2830619812012 60.7030143737793 60.8190002441406 61.2874336242676 61.410572052002 61.6489639282227 61.551456451416 61.8951416015625 61.8731536865234 61.3905220031738 61.1928596496582 61.4388809204102 61.5694923400879 61.3990097045898 61.6935653686523 61.6682739257812 61.9325981140137 62.1433982849121 62.6354370117188 62.8654861450195 62.763801574707 62.6385650634766 62.3533630371094 62.0382843017578 61.8943328857422 61.9397964477539 61.8853912353516 61.9512138366699 61.9026069641113 62.1130065917969 62.1940116882324
-9999 -9999 -9999 -9999 -9999 -9999 -9999 -9999 -9999 -9999 -9999 -9999 -9999 -9999 -9999 -9999 61.5701026916504 61.4078330993652 61.010383605957 60.5243835449219 61.5539665222168 61.7534942626953 62.2925186157227 61.8877105712891 61.8887367248535 62.1129531860352 61.8692741394043 61.9596786499023 62.1157455444336 62.0065689086914 61.9112815856934 62.4260597229004 62.1701011657715 62.45654296875 62.5435447692871 62.83056640625 62.8807373046875 62.6418914794922 62.6285095214844 62.4730377197266 62.215202331543 61.952278137207 62.0563049316406 62.1077270507812 61.9409065246582 61.5500907897949 61.3709411621094 61.4659614562988
-9999 -9999 -9999 -9999 -9999 -9999 -9999 -9999 -9999 -9999 -9999 -9999 -9999 -9999 -9999 -9999 61.3567543029785 61.139949798584 61.3836860656738 61.0765075683594 61.5581436157227 62.2611122131348 62.442195892334 62.2448883056641 62.2758560180664 62.3384475708008 62.1160163879395 62.3174514770508 62.3481483459473 62.7034034729004 62.4763107299805 62.5612144470215 62.6694221496582 62.9434280395508 63.0390434265137 63.087230682373 63.0374565124512 62.8168411254883 62.8447265625 62.5249137878418 62.3830718994141 62.0946922302246 62.1474952697754 62.1431350708008 61.9553184509277 61.8493995666504 61.7471351623535 61.4856338500977
-9999 -9999 -9999 -9999 -9999 -9999 -9999 -9999 -9999 -9999 -9999 -9999 -9999 -9999 -9999 -9999 61.1543655395508 61.0491409301758 60.875301361084 61.3652687072754 61.7902870178223 62.4044227600098 62.2483177185059 62.0910873413086 62.487663269043 62.625904083252 62.7146797180176 62.7146949768066 62.919189453125 62.8941497802734 63.0709800720215 63.2513961791992 63.4379615783691 63.4700736999512 63.3469085693359 62.8899307250977 62.6789627075195 62.6566505432129 62.124683380127 62.3193321228027 62.3420944213867 62.1988754272461 62.2330894470215 62.1790199279785 62.0167961120605 61.6820068359375 61.3829231262207 61.1376037597656
-9999 -9999 -9999 -9999 -9999 -9999 -9999 -9999 -9999 -9999 -9999 -9999 -9999 -9999 -9999 -9999 61.1812896728516 61.043155670166 60.9651985168457 61.1668014526367 61.9400863647461 62.8834571838379 62.9533004760742 62.5738563537598 63.2563323974609 62.7433242797852 62.7345924377441 63.3171005249023 63.3844604492188 63.0295562744141 63.6331901550293 64.1810607910156 64.2033920288086 63.6577949523926 63.3345642089844 62.737548828125 62.5729904174805 62.5358047485352 62.2154541015625 62.2147331237793 62.2233085632324 62.264820098877 62.1264419555664 61.7629356384277 61.6010360717773 61.1585807800293 61.0368232727051 61.1931076049805
-9999 -9999 -9999 -9999 -9999 -9999 -9999 -9999 -9999 -9999 -9999 -9999 -9999 -9999 -9999 -9999 60.7260284423828 60.9952278137207 61.2236404418945 61.1486854553223 61.4517707824707 63.1054420471191 63.4447746276855 63.5074195861816 62.7047805786133 63.4437408447266 63.9149398803711 64.3020477294922 64.3305511474609 64.7461395263672 64.571662902832 64.7713088989258 64.7350616455078 64.09521484375 63.8913917541504 63.1773452758789 63.0051689147949 62.6851234436035 62.5246734619141 62.2905311584473 61.8424186706543 61.1887283325195 61.162971496582 61.315673828125 61.3345909118652 61.140739440918 64.1057434082031 64.0926742553711
-9999 -9999 -9999 -9999 -9999 -9999 -9999 -9999 -9999 -9999 -9999 -9999 -9999 -9999 -9999 -9999 60.5521430969238 61.2891044616699 62.1712341308594 62.4655418395996 62.7866554260254 63.8303108215332 63.7868156433105 63.5258331298828 62.876091003418 63.628963470459 64.713005065918 65.3888397216797 65.033821105957 63.8571548461914 63.2573509216309 62.8587417602539 63.1476135253906 62.2367820739746 63.2380828857422 63.3411102294922 63.0384712219238 61.8546028137207 61.6638641357422 61.9116821289062 61.9104461669922 61.3031997680664 60.8160972595215 60.6813926696777 60.2390327453613 60.5613708496094 64.0848999023438 60.2870979309082
-9999 -9999 -9999 -9999 -9999 -9999 -9999 -9999 -9999 -9999 -9999 -9999 -9999 -9999 -9999 60.1158638000488 60.5695762634277 61.2437744140625 62.1357192993164 63.6578521728516 64.2353057861328 64.6437835693359 65.133056640625 64.8183441162109 63.9433212280273 63.9585838317871 65.427978515625 65.5701370239258 65.3484039306641 64.3915939331055 63.797248840332 63.7221374511719 63.2184677124023 62.3130073547363 63.0269889831543 62.0503692626953 62.3148155212402 62.2015838623047 61.4368057250977 61.726676940918 61.7028884887695 61.6278915405273 61.5606651306152 60.7178497314453 59.901065826416 59.5483703613281 63.5130577087402 64.9228820800781
-9999 -9999 -9999 -9999 -9999 -9999 -9999 -9999 -9999 -9999 -9999 -9999 -9999 -9999 -9999 59.7658920288086 60.2643051147461 60.7845878601074 61.8640174865723 63.3142623901367 64.6701278686523 65.6952514648438 65.9349899291992 65.8528518676758 65.6553573608398 65.552734375 65.6383361816406 65.2861557006836 65.0891647338867 64.210563659668 64.2445602416992 64.9431838989258 64.6620941162109 64.0187225341797 63.6155700683594 62.8211822509766 62.4544639587402 62.2222671508789 61.818790435791 61.9735641479492 62.1947135925293 62.1801414489746 61.8402557373047 61.072093963623 60.3971252441406 59.0959854125977 58.9901542663574 59.2812271118164
-9999 -9999 -9999 -9999 -9999 -9999 -9999 -9999 -9999 -9999 -9999 -9999 -9999 -9999 -9999 59.7793655395508 60.247142791748 61.8987617492676 64.337272644043 65.3264999389648 65.9247512817383 66.1257019042969 66.1384811401367 66.2981414794922 66.0101547241211 65.6856231689453 65.8990859985352 64.2582321166992 63.236141204834 61.5857696533203 62.9542617797852 63.4408340454102 63.7132263183594 64.0497589111328 64.1390380859375 63.5643196105957 62.7314147949219 62.359489440918 62.133617401123 61.905632019043 61.6452827453613 61.4355773925781 61.567569732666 60.7120971679688 60.3929595947266 60.1816673278809 59.513370513916 59.1948051452637
-9999 -9999 -9999 -9999 -9999 -9999 -9999 -9999 -9999 -9999 -9999 -9999 -9999 -9999 59.0691108703613 59.9886741638184 61.2592315673828 63.0570106506348 65.1831283569336 65.6148986816406 66.1715393066406 66.4430465698242 66.5788345336914 66.0613021850586 65.3461990356445 64.6656265258789 64.6533355712891 64.9526443481445 63.6831512451172 62.6466751098633 62.3218154907227 61.3368759155273 61.4660148620605 62.501636505127 63.1802711486816 63.0614891052246 62.276252746582 62.1487998962402 61.8060760498047 61.6873664855957 61.5624160766602 61.1586418151855 59.6899375915527 58.6920280456543 58.7027397155762 58.6754837036133 59.194652557373 59.054573059082
-9999 -9999 -9999 -9999 -9999 -9999 -9999 -9999 -9999 -9999 -9999 -9999 -9999 58.2525634765625 59.2041702270508 60.7022361755371 62.667064666748 64.4506759643555 65.0322189331055 65.6035537719727 66.2468109130859 66.6046752929688 66.952522277832 66.9040603637695 66.1912002563477 65.9165802001953 65.7113494873047 65.1340179443359 64.8327102661133 63.3300285339355 62.8311614990234 63.3483505249023 63.238395690918 63.3303565979004 62.9084205627441 62.9613151550293 62.542236328125 62.1900100708008 61.879035949707 61.8449897766113 61.7819595336914 60.002326965332 59.4308433532715 59.1980285644531 58.8588714599609 58.6335258483887 58.8034057617188 58.4887161254883
-9999 -9999 -9999 -9999 -9999 -9999 -9999 -9999 -9999 -9999 -9999 -9999 57.2366218566895 58.4445037841797 59.7962799072266 61.5471839904785 63.3216896057129 64.7827835083008 65.1008453369141 65.7910385131836 66.2984848022461 66.9617462158203 67.1604080200195 67.5568237304688 67.8196716308594 67.3271102905273 67.3153381347656 66.3262023925781 65.4485549926758 65.346435546875 65.4024200439453 64.4147567749023 62.697193145752 62.4210433959961 62.3303298950195 62.4698295593262 62.4228935241699 62.3176727294922 62.0834465026855 61.9172134399414 61.5907936096191 58.6832733154297 58.3799896240234 58.3541793823242 58.0864524841309 59.1828536987305 58.106502532959 57.9899940490723
-9999 -9999 -9999 -9999 -9999 -9999 -9999 -9999 -9999 -9999 -9999 -9999 56.7108268737793 58.9392967224121 60.5972747802734 62.0017013549805 63.6647720336914 64.0415420532227 64.6299514770508 65.7052841186523 66.8434448242188 66.9221496582031 67.2408447265625 68.1001892089844 68.2534255981445 68.6349487304688 68.3047256469727 67.3449554443359 66.5729904174805 66.168098449707 65.7709579467773 64.7929229736328 63.7229309082031 63.8637466430664 63.5883369445801 62.9836616516113 62.3977813720703 61.5659942626953 60.9513626098633 60.850414276123 60.8447418212891 59.9407348632812 58.2190132141113 58.0340805053711 57.722110748291 57.5243530273438 57.6293525695801 58.3258972167969
-9999 -9999 -9999 -9999 -9999 -9999 -9999 -9999 -9999 -9999 -9999 -9999 56.6773796081543 58.7396049499512 60.4570007324219 61.9514274597168 62.9949150085449 63.2077445983887 63.3883285522461 65.1921920776367 66.6031188964844 67.6416473388672 68.5200881958008 68.6674728393555 68.1579818725586 68.6456451416016 68.8740081787109 68.2979125976562 67.0394821166992 67.2748107910156 65.9974975585938 64.5436477661133 63.0213584899902 63.0718460083008 62.4883041381836 63.0749435424805 60.0486183166504 58.4349212646484 58.0521926879883 57.860668182373 57.5803909301758 59.1323165893555 60.087085723877 58.705509185791 57.7074699401855 57.6861114501953 58.1613082885742 57.4181213378906
