L_lividipennis/M_variables/Set1/bio_2.asc
NCOLS 82 
NROWS 178 
XLLCORNER -73.9166666666667 
YLLCORNER -43.5416666666667 
CELLSIZE 0.0416666666666667 
NODATA_value -9999 
[rows 44 to 65 of 178, columns 0 to 47 of 82]
-9999 -9999 -9999 -9999 -9999 -9999 -9999 -9999 -9999 -9999 10.2261114120483 10.6346664428711 10.835000038147 10.5193338394165 10.3826665878296 10.8813333511353 10.816333770752 10.4983329772949 10.4213333129883 10.7086668014526 10.9416666030884 11.2446670532227 11.4736671447754 11.7666664123535 11.8116664886475 11.938666343689 11.9416666030884 11.581000328064 11.3626670837402 11.3476667404175 11.3920001983643 11.4516668319702 11.6879997253418 11.9356660842896 11.9503335952759 12.0046663284302 12.0896663665771 12.1566667556763 12.2516660690308 12.3073329925537 12.3406667709351 12.3736667633057 12.3133335113525 12.2886667251587 12.3043336868286 12.2930002212524 12.3529996871948 12.3736667633057
-9999 -9999 -9999 -9999 -9999 -9999 -9999 -9999 -9999 -9999 10.222222328186 10.650333404541 11.0836668014526 10.978666305542 10.5916662216187 10.4829998016357 11.0873336791992 10.5920000076294 10.7399997711182 11.0623331069946 11.5766668319702 11.9010000228882 12.0373334884644 12.0513334274292 11.9409999847412 11.9106664657593 11.9986667633057 12.0156669616699 11.9266662597656 11.8043336868286 11.5646667480469 11.548999786377 11.7566661834717 11.9716663360596 12.1893329620361 12.1759996414185 12.0943336486816 12.1113338470459 12.1269998550415 12.2223339080811 12.3723335266113 12.4456663131714 12.493332862854 12.4340000152588 12.3269996643066 12.2683334350586 12.3196668624878 12.3716669082642
-9999 -9999 -9999 -9999 -9999 -9999 -9999 -9999 -9999 -9999 -9999 10.4222221374512 10.8610000610352 10.3716669082642 10.4993333816528 10.2419996261597 10.2926664352417 10.5139999389648 10.6110000610352 10.8930006027222 11.1786670684814 11.7559995651245 12.1026668548584 12.1983337402344 12.1683330535889 11.9589996337891 11.9119997024536 12.1379995346069 12.1190004348755 12.0089998245239 11.710000038147 11.5033330917358 11.5209999084473 11.5403327941895 11.7799997329712 12.0916662216187 12.271333694458 12.3423337936401 12.2316665649414 12.1440000534058 12.2223339080811 12.3143329620361 12.3249998092651 12.3396663665771 12.3660001754761 12.3459997177124 12.3273334503174 12.4283332824707
-9999 -9999 -9999 -9999 -9999 -9999 -9999 -9999 -9999 -9999 -9999 10.6473684310913 10.835000038147 10.4700002670288 10.4906673431396 10.6636667251587 10.3369998931885 10.6890001296997 10.8263330459595 10.7430000305176 10.8493328094482 11.2449998855591 11.7186670303345 12.0153331756592 12.1353330612183 11.9373331069946 11.8483333587646 12.1176662445068 12.110333442688 12.0043334960938 11.8233337402344 11.6290006637573 11.6973333358765 11.6006669998169 11.5640001296997 11.8159999847412 12.1363334655762 12.2600002288818 12.2889995574951 12.201000213623 12.1096668243408 12.1653337478638 12.2173328399658 12.3520002365112 12.4513330459595 12.4809999465942 12.6053333282471 12.7089996337891
-9999 -9999 -9999 -9999 -9999 -9999 -9999 -9999 -9999 -9999 -9999 10.7875003814697 10.8556671142578 10.5763339996338 10.4773330688477 10.5113334655762 10.7159996032715 10.8169994354248 10.7069997787476 10.6630001068115 10.804666519165 11.0229997634888 11.3286666870117 11.6820001602173 11.925666809082 11.7873334884644 11.7130002975464 11.9160003662109 12.0069999694824 12.0323333740234 11.9353332519531 11.8773336410522 11.8489999771118 11.6553335189819 11.5236663818359 11.5859994888306 11.8249998092651 12.0936670303345 12.3669996261597 12.4379997253418 12.3226671218872 12.239333152771 12.1753330230713 12.2410001754761 12.3979997634888 12.5216665267944 12.6586666107178 12.7063331604004
-9999 -9999 -9999 -9999 -9999 -9999 -9999 -9999 -9999 -9999 -9999 10.1003332138062 10.6770000457764 10.492000579834 10.3473329544067 10.4949998855591 10.5100002288818 10.6569995880127 10.4329996109009 10.4953336715698 10.643666267395 10.9659996032715 11.2916669845581 11.4010000228882 11.6153335571289 11.6719999313354 11.6546669006348 11.7383337020874 11.8866672515869 12.0723333358765 12.0096664428711 11.8920001983643 11.7123336791992 11.5236663818359 11.6113338470459 11.9216661453247 12.1029996871948 12.2829999923706 12.5053329467773 12.6106662750244 12.539999961853 12.4283332824707 12.3640003204346 12.345666885376 12.5103330612183 12.5806665420532 12.6526660919189 12.7163333892822
-9999 -9999 -9999 -9999 -9999 -9999 -9999 -9999 -9999 -9999 9.49270820617676 9.90433311462402 10.2406663894653 10.2170000076294 10.2430000305176 10.442666053772 10.6826667785645 10.3940000534058 10.4443330764771 10.7013330459595 10.6753330230713 10.8493328094482 11.171667098999 11.2683334350586 11.4383335113525 11.6176662445068 11.7463331222534 11.760666847229 11.9056663513184 12.0510005950928 12.0423336029053 11.9946660995483 11.768666267395 11.5966663360596 11.9716663360596 12.4406661987305 12.5780000686646 12.6339998245239 12.7056665420532 12.6946668624878 12.5826663970947 12.4546661376953 12.4610004425049 12.5916662216187 12.7163333892822 12.7399997711182 12.6949996948242 12.6759996414185
-9999 -9999 -9999 -9999 -9999 -9999 -9999 -9999 -9999 9.13518524169922 9.46500015258789 9.85299968719482 10.0100002288818 10.0346670150757 10.2383327484131 10.3039999008179 10.466667175293 10.6093339920044 10.6843328475952 10.5740003585815 10.6296663284302 10.7790002822876 11.0416669845581 11.3430004119873 11.4519996643066 11.6106662750244 11.7173337936401 11.6643333435059 11.798999786377 12.0310001373291 12.0780000686646 12.1456661224365 12.1153335571289 12.1326665878296 12.4436664581299 12.699333190918 12.783332824707 12.8236675262451 12.8530006408691 12.798999786377 12.7056665420532 12.6173334121704 12.5873336791992 12.6949996948242 12.7530002593994 12.7866668701172 12.739333152771 12.8003330230713
-9999 -9999 -9999 -9999 -9999 -9999 -9999 -9999 -9999 9.13749980926514 9.49400043487549 9.8730001449585 10.0323333740234 10.1236667633057 10.1070003509521 10.2620000839233 10.4613332748413 10.4879999160767 10.639666557312 10.6406669616699 10.7290000915527 10.8246660232544 11.0373334884644 11.2510004043579 11.4829998016357 11.6239995956421 11.7073335647583 11.6536664962769 11.6633338928223 11.9489994049072 12.0303335189819 12.1456661224365 12.271333694458 12.4476671218872 12.6129999160767 12.6963329315186 12.7650003433228 12.8073329925537 12.8240003585815 12.7796669006348 12.7276668548584 12.7226667404175 12.7220001220703 12.8356666564941 12.8893337249756 12.9656667709351 12.9506664276123 13.0249996185303
-9999 -9999 -9999 -9999 -9999 -9999 -9999 -9999 -9999 9.09375 9.50104141235352 9.87866687774658 9.98266696929932 10.0303335189819 10.154333114624 10.2716665267944 10.378999710083 10.2186670303345 10.3093338012695 10.4613332748413 10.768666267395 10.860333442688 11.1443328857422 11.2690000534058 11.3836669921875 11.5826663970947 11.71399974823 11.6623334884644 11.6240005493164 11.8146667480469 11.9163331985474 12.0539999008179 12.1843338012695 12.3430004119873 12.5136671066284 12.6283330917358 12.7036666870117 12.7449998855591 12.7399997711182 12.6859998703003 12.6286668777466 12.6340007781982 12.7076663970947 12.9276666641235 12.9876670837402 13.0109996795654 13.0649995803833 13.1589994430542
-9999 -9999 -9999 -9999 -9999 -9999 -9999 -9999 -9999 9.05260467529297 9.44066715240479 9.78899955749512 9.93599987030029 9.97799968719482 10.0093336105347 10.1546669006348 10.3833332061768 10.3573331832886 10.4446668624878 10.5290002822876 10.7150001525879 10.9549999237061 11.1359996795654 11.1753330230713 11.2373332977295 11.5566663742065 11.8016662597656 11.7703332901001 11.6840000152588 11.7003326416016 11.841667175293 11.9370002746582 12.1069993972778 12.2680006027222 12.4436664581299 12.5819997787476 12.6486673355103 12.7019996643066 12.7236661911011 12.6726665496826 12.6230001449585 12.6260004043579 12.6783332824707 12.8823337554932 12.9263334274292 12.8620004653931 12.9656667709351 13.1776666641235
-9999 -9999 -9999 -9999 -9999 -9999 -9999 -9999 -9999 9.01888847351074 9.34466648101807 9.60500049591064 9.72000026702881 9.87566661834717 10.0746660232544 10.0566663742065 10.2159996032715 10.1869993209839 10.3269996643066 10.393666267395 10.4329996109009 10.6976671218872 10.9730005264282 10.9949998855591 11.2116670608521 11.4980001449585 11.756667137146 11.8923330307007 11.824333190918 11.635666847229 11.6176671981812 11.8059997558594 12.1173334121704 12.3159999847412 12.4423332214355 12.5273332595825 12.5799999237061 12.6306667327881 12.684666633606 12.6929998397827 12.6700000762939 12.7126665115356 12.8216667175293 12.9423332214355 13.0126667022705 13.0599994659424 13.0793333053589 13.195333480835
-9999 -9999 -9999 -9999 -9999 -9999 -9999 -9999 -9999 8.87196922302246 9.15766716003418 9.37533378601074 9.4796667098999 9.73600006103516 10.0036668777466 10.0183334350586 10.1000003814697 10.1900005340576 10.1816663742065 10.3140001296997 10.566333770752 10.7026662826538 10.783332824707 11.0233335494995 11.3326663970947 11.4923334121704 11.5966663360596 11.8176670074463 11.8810005187988 11.6820001602173 11.4020004272461 11.7639999389648 12.1976671218872 12.3610000610352 12.429666519165 12.4816665649414 12.5113334655762 12.5600004196167 12.6290006637573 12.7406663894653 12.7789993286133 12.7846670150757 12.9106664657593 12.9320001602173 12.9700002670288 13.0059995651245 13.0710000991821 13.1020002365112
-9999 -9999 -9999 -9999 -9999 -9999 -9999 -9999 -9999 8.80729198455811 9.05833339691162 9.34799957275391 9.49666690826416 9.625 9.77966690063477 9.87066650390625 10.0463333129883 10.16100025177 10.2390003204346 10.3229999542236 10.3916664123535 10.525333404541 10.603666305542 10.8906669616699 11.3280000686646 11.565333366394 11.6536664962769 11.7740001678467 11.7976665496826 11.6353340148926 11.2543334960938 11.4236669540405 11.9543333053589 12.2323331832886 12.3033332824707 12.3890008926392 12.3966665267944 12.4573335647583 12.5786666870117 12.6876668930054 12.7439994812012 12.7423334121704 12.7636671066284 12.7536668777466 12.7726669311523 12.654333114624 12.66100025177 12.631667137146
-9999 -9999 -9999 -9999 -9999 -9999 -9999 -9999 -9999 8.94999980926514 9.03933334350586 9.37333297729492 9.58466625213623 9.62466621398926 9.70100021362305 9.77133369445801 9.91399955749512 10.1976671218872 10.2806663513184 10.3579998016357 10.41100025177 10.5069999694824 10.6616668701172 11.0150003433228 11.4259996414185 11.5353336334229 11.5863332748413 11.7440004348755 11.6776666641235 11.4803333282471 11.1326665878296 11.1750001907349 11.6603336334229 11.9603338241577 11.9586668014526 12.0976667404175 12.1700000762939 12.2609996795654 12.408332824707 12.558666229248 12.6366672515869 12.6553335189819 12.7233333587646 12.768666267395 12.7363328933716 12.5199995040894 12.4206666946411 12.4700002670288
-9999 -9999 -9999 -9999 -9999 -9999 -9999 -9999 -9999 -9999 8.98297119140625 9.29899978637695 9.63666725158691 9.78366661071777 9.83333301544189 9.95766639709473 10.1086664199829 10.3129997253418 10.3809995651245 10.5740003585815 10.6470003128052 10.6500005722046 10.8526668548584 11.1963329315186 11.470666885376 11.5923328399658 11.6453332901001 11.7373332977295 11.815333366394 11.6949996948242 11.3066663742065 11.121000289917 11.3666667938232 11.8599996566772 12.0076665878296 12.0799999237061 12.2316665649414 12.4066667556763 12.5363330841064 12.6563329696655 12.7533330917358 12.7293329238892 12.654333114624 12.6736660003662 12.6766672134399 12.6470003128052 12.591667175293 12.5326662063599
-9999 -9999 -9999 -9999 -9999 -9999 -9999 -9999 -9999 -9999 8.96500015258789 9.24600028991699 9.57266712188721 9.79199981689453 10.076000213623 10.2796669006348 10.3466663360596 10.4026670455933 10.418999671936 10.5693330764771 10.6663331985474 10.764666557312 10.9796667098999 11.2623338699341 11.4883337020874 11.5830001831055 11.6033334732056 11.7186660766602 11.9243335723877 11.9123334884644 11.621000289917 11.2536668777466 11.2329998016357 11.7919998168945 12.1613330841064 12.2676668167114 12.3676662445068 12.4823331832886 12.5780000686646 12.6816663742065 12.7810001373291 12.8143329620361 12.8289995193481 12.9020004272461 12.8629999160767 12.835000038147 12.7840003967285 12.7309999465942
-9999 -9999 -9999 -9999 -9999 -9999 -9999 -9999 -9999 -9999 8.92129611968994 9.22700023651123 9.63733291625977 9.89966678619385 10.1423330307007 10.2876663208008 10.353666305542 10.4716663360596 10.5896663665771 10.7133331298828 10.8596668243408 11.0666666030884 11.2696666717529 11.3470001220703 11.3803329467773 11.5323333740234 11.690333366394 11.7813329696655 11.9396667480469 12.0073328018188 11.9076662063599 11.6809997558594 11.4966669082642 11.8343334197998 12.1523332595825 12.3140001296997 12.4436664581299 12.5469999313354 12.6096668243408 12.6990003585815 12.8063335418701 12.8453330993652 12.8339996337891 12.8503332138062 12.8513336181641 12.9370002746582 12.9770002365112 12.9243335723877
-9999 -9999 -9999 -9999 -9999 -9999 -9999 -9999 -9999 -9999 -9999 9.27941226959229 9.65999984741211 9.95800018310547 10.2049999237061 10.3513336181641 10.407000541687 10.429666519165 10.5153331756592 10.7783336639404 10.9840002059937 11.1020002365112 11.2083339691162 11.3159999847412 11.3400001525879 11.4899997711182 11.7449998855591 11.8870000839233 11.9406671524048 11.9986667633057 12.046667098999 11.9996662139893 11.8326663970947 11.9996671676636 12.1766672134399 12.3026666641235 12.4243335723877 12.539999961853 12.6053333282471 12.6373329162598 12.6616668701172 12.654333114624 12.6723337173462 12.7209997177124 12.6446666717529 12.5306663513184 12.6070003509521 12.7623329162598
-9999 -9999 -9999 -9999 -9999 -9999 -9999 -9999 -9999 -9999 -9999 9.44166660308838 9.66309547424316 9.93233299255371 10.0936670303345 10.2536668777466 10.3366670608521 10.3273334503174 10.4379997253418 10.7573337554932 11.0170001983643 11.1136665344238 11.2243328094482 11.3380002975464 11.4359998703003 11.5436668395996 11.6986665725708 11.8233327865601 11.8863334655762 11.9420003890991 12.006667137146 12.0356664657593 11.8813333511353 11.9036664962769 12.0773334503174 12.2103338241577 12.2683334350586 12.3556671142578 12.4750003814697 12.5756664276123 12.5683336257935 12.4506664276123 12.3806667327881 12.3133335113525 12.2890005111694 12.2189998626709 12.1706666946411 12.3253335952759
-9999 -9999 -9999 -9999 -9999 -9999 -9999 -9999 -9999 -9999 -9999 -9999 9.55222225189209 9.7519998550415 9.85200023651123 10.0369997024536 10.2336664199829 10.3269996643066 10.4783334732056 10.683666229248 10.8736667633057 11.0616664886475 11.2323331832886 11.3503332138062 11.4219999313354 11.5396671295166 11.6700000762939 11.742000579834 11.8106670379639 11.871000289917 11.9336671829224 11.9606666564941 11.9093332290649 11.8179998397827 11.8073329925537 11.9860000610352 12.1836671829224 12.2806663513184 12.335000038147 12.4276666641235 12.4593334197998 12.3313331604004 12.1719999313354 12.0656661987305 12.0776662826538 12.1090002059937 12.0590000152588 12.157000541687
-9999 -9999 -9999 -9999 -9999 -9999 -9999 -9999 -9999 -9999 -9999 -9999 9.43888854980469 9.4573335647583 9.37400054931641 9.64099979400635 10.1466665267944 10.3576669692993 10.4689998626709 10.5780000686646 10.703332901001 10.9703330993652 11.1619997024536 11.3183336257935 11.4303331375122 11.5480003356934 11.6680002212524 11.7270002365112 11.8036670684814 11.8673334121704 11.9193334579468 11.9446668624878 11.9739999771118 11.9766664505005 11.9396667480469 12.0966672897339 12.2829999923706 12.3596668243408 12.3363332748413 12.3489999771118 12.3793334960938 12.3149995803833 12.1890001296997 12.0533332824707 12.0590000152588 12.1189994812012 12.0903329849243 12.168999671936
