L_lividipennis/M_variables/Set1/bio_2.asc
NCOLS 82 
NROWS 178 
XLLCORNER -73.9166666666667 
YLLCORNER -43.5416666666667 
CELLSIZE 0.0416666666666667 
NODATA_value -9999 
[rows 66 to 87 of 178, columns 0 to 47 of 82]
-9999 -9999 -9999 -9999 -9999 -9999 -9999 -9999 -9999 -9999 -9999 -9999 -9999 9.30833339691162 9.29866695404053 9.56433296203613 10.1230001449585 10.298999786377 10.3546667098999 10.4573335647583 10.5600004196167 10.7213335037231 10.9139995574951 11.1623334884644 11.3889999389648 11.5380001068115 11.628999710083 11.702000617981 11.7683334350586 11.8289995193481 11.9033336639404 11.9673328399658 11.9580001831055 11.9503335952759 12.0623331069946 12.2119998931885 12.3036670684814 12.3889999389648 12.42799949646 12.4133329391479 12.4276666641235 12.4726667404175 12.4549999237061 12.3809995651245 12.438666343689 12.5316667556763 12.5600004196167 12.5609998703003
-9999 -9999 -9999 -9999 -9999 -9999 -9999 -9999 -9999 -9999 -9999 -9999 -9999 9.43333339691162 9.64799976348877 9.90900039672852 10.173999786377 10.2473335266113 10.3009996414185 10.4556665420532 10.581000328064 10.6153335571289 10.7940006256104 11.0723333358765 11.3106670379639 11.4606666564941 11.5553331375122 11.6253337860107 11.7136669158936 11.7596664428711 11.8330001831055 11.938666343689 11.9200000762939 11.8940000534058 12.0433330535889 12.1830005645752 12.2296667098999 12.3306665420532 12.4173336029053 12.4393339157104 12.4586668014526 12.5456666946411 12.657000541687 12.7829999923706 12.8623332977295 12.9439992904663 12.8686666488647 12.683666229248
-9999 -9999 -9999 -9999 -9999 -9999 -9999 -9999 -9999 -9999 -9999 -9999 -9999 -9999 9.79429817199707 10.1079998016357 10.2083330154419 10.1973333358765 10.3366661071777 10.5533332824707 10.7373332977295 10.7013330459595 10.8459997177124 11.0866661071777 11.260666847229 11.3773336410522 11.4483337402344 11.5443334579468 11.654333114624 11.7080001831055 11.8000001907349 11.875 11.8886661529541 11.9689998626709 12.1226663589478 12.2049999237061 12.2173328399658 12.2203330993652 12.2729997634888 12.3666667938232 12.4073333740234 12.4259996414185 12.5646667480469 12.7526664733887 12.8579998016357 12.7566661834717 12.5120000839233 12.1546669006348
-9999 -9999 -9999 -9999 -9999 -9999 -9999 -9999 -9999 -9999 -9999 -9999 -9999 -9999 9.83749961853027 10.0623331069946 10.2423334121704 10.1630001068115 10.3323335647583 10.4919996261597 10.6273326873779 10.4566669464111 10.5626668930054 10.9589996337891 11.2076663970947 11.2630004882812 11.2959995269775 11.3406667709351 11.4073333740234 11.576000213623 11.6979999542236 11.7550001144409 11.7390003204346 11.7880001068115 11.9896659851074 12.1206665039062 12.1483335494995 12.0733327865601 12.1206665039062 12.293999671936 12.3793334960938 12.3613338470459 12.3956661224365 12.4870004653931 12.5290002822876 12.2390003204346 12.061333656311 11.9949998855591
-9999 -9999 -9999 -9999 -9999 -9999 -9999 -9999 -9999 -9999 -9999 -9999 -9999 -9999 9.84166622161865 9.97951412200928 10.3403329849243 10.449333190918 10.4236669540405 10.349666595459 10.4726667404175 10.3340005874634 10.4689998626709 10.8956670761108 11.1879997253418 11.2056665420532 11.1056661605835 11.0073337554932 11.0356664657593 11.3326663970947 11.4926671981812 11.5356664657593 11.7056665420532 11.908332824707 12.0346660614014 12.1346664428711 12.1303329467773 12.0973329544067 12.0830001831055 12.1626672744751 12.2320003509521 12.2366666793823 12.2869997024536 12.3296670913696 12.0746669769287 11.6389999389648 11.7076663970947 11.8923330307007
-9999 -9999 -9999 -9999 -9999 -9999 -9999 -9999 -9999 -9999 -9999 -9999 -9999 -9999 -9999 9.88186264038086 10.2373332977295 10.4049997329712 10.4409999847412 10.4309997558594 10.4930000305176 10.3116664886475 10.3106670379639 10.4603338241577 10.6433334350586 10.8046674728394 10.8556671142578 10.8730001449585 10.9383335113525 11.1676664352417 11.5463333129883 11.6936664581299 11.8506669998169 11.9270000457764 11.989333152771 12.125 12.1859998703003 12.1709995269775 12.1523332595825 12.1586666107178 12.1346664428711 12.0380001068115 11.9616670608521 11.9390001296997 11.9063329696655 11.6560001373291 11.5866670608521 11.6216669082642
-9999 -9999 -9999 -9999 -9999 -9999 -9999 -9999 -9999 -9999 -9999 -9999 -9999 -9999 -9999 9.78645896911621 10.0203332901001 10.2553329467773 10.3583335876465 10.4283332824707 10.4899997711182 10.2880001068115 10.1669998168945 10.1353340148926 10.2040004730225 10.4650001525879 10.7530002593994 10.8570003509521 10.8726663589478 11.0380001068115 11.4363327026367 11.6296663284302 11.746000289917 11.7636671066284 11.7656669616699 11.9750003814697 12.1306667327881 12.1726665496826 12.207332611084 12.1126661300659 11.8843336105347 11.7226667404175 11.7620000839233 11.949333190918 11.8003330230713 11.6420001983643 11.6166667938232 11.699333190918
-9999 -9999 -9999 -9999 -9999 -9999 -9999 -9999 -9999 -9999 -9999 -9999 -9999 -9999 -9999 9.64999961853027 9.72881889343262 10.0159997940063 10.1510000228882 10.0319995880127 10.1223335266113 10.1666669845581 10.1266660690308 10.125 10.1616668701172 10.2950000762939 10.5349998474121 10.6619997024536 10.7186670303345 10.9016666412354 11.2283334732056 11.3276662826538 11.5926666259766 11.6006669998169 11.6876668930054 11.8426666259766 12.0313329696655 12.1330003738403 12.1500005722046 12.1593332290649 12.0666666030884 11.9006671905518 11.8893337249756 11.9359998703003 11.7553339004517 11.6209993362427 11.5466661453247 11.6226663589478
-9999 -9999 -9999 -9999 -9999 -9999 -9999 -9999 -9999 -9999 -9999 -9999 -9999 -9999 -9999 -9999 9.58137226104736 9.89999961853027 9.98866653442383 9.84266662597656 9.78033351898193 9.83500003814697 9.87833309173584 10 10.188666343689 10.3439998626709 10.4876670837402 10.58899974823 10.6490001678467 10.8943338394165 11.0520000457764 11.0316667556763 11.4273328781128 11.4819993972778 11.6016664505005 11.7543334960938 11.9293336868286 12.074333190918 12.1243333816528 12.1126670837402 11.835000038147 11.2716665267944 11.0126667022705 11.0553331375122 11.0723333358765 11.2216663360596 11.489333152771 11.6873331069946
-9999 -9999 -9999 -9999 -9999 -9999 -9999 -9999 -9999 -9999 -9999 -9999 -9999 -9999 -9999 -9999 9.66166687011719 9.85866641998291 9.79399967193604 9.7723331451416 9.83633327484131 9.83500003814697 9.86033344268799 9.99766635894775 10.1283330917358 10.3123331069946 10.4626665115356 10.478666305542 10.5623340606689 10.8193330764771 10.9566669464111 10.9023332595825 11.2276668548584 11.5346670150757 11.710000038147 11.8520002365112 11.9809999465942 12.0550003051758 12.1049995422363 12.03600025177 11.5796670913696 10.9563331604004 10.7976665496826 10.8246669769287 10.8713331222534 11.0396661758423 11.5686664581299 12.0559997558594
-9999 -9999 -9999 -9999 -9999 -9999 -9999 -9999 -9999 -9999 -9999 -9999 -9999 -9999 -9999 -9999 9.47583389282227 9.70166683197021 9.65533351898193 9.6879997253418 9.87533283233643 9.8430004119873 9.76733303070068 9.8546667098999 9.98099994659424 10.2016668319702 10.3973331451416 10.4200000762939 10.4306669235229 10.5493335723877 10.7019996643066 10.8106660842896 11.099666595459 11.5006666183472 11.6766662597656 11.7613334655762 11.8293333053589 11.816333770752 11.7600002288818 11.8733329772949 11.9373331069946 11.82200050354 11.7766666412354 11.6920003890991 11.6456661224365 11.8380002975464 12.0876665115356 12.2376670837402
-9999 -9999 -9999 -9999 -9999 -9999 -9999 -9999 -9999 -9999 -9999 -9999 -9999 -9999 -9999 -9999 9.43333339691162 9.57699966430664 9.57433319091797 9.58666706085205 9.6986665725708 9.72733306884766 9.74166679382324 9.77200031280518 9.8866662979126 10.0726661682129 10.2366666793823 10.3626670837402 10.4503335952759 10.5233335494995 10.7030000686646 11.0223331451416 11.2973337173462 11.521333694458 11.6216669082642 11.6730003356934 11.7209997177124 11.7600002288818 11.7573328018188 11.8699998855591 12.0910005569458 12.2233333587646 12.2936668395996 12.2276668548584 12.1326665878296 12.1716661453247 12.0973339080811 12.0006666183472
-9999 -9999 -9999 -9999 -9999 -9999 -9999 -9999 -9999 -9999 -9999 -9999 -9999 -9999 -9999 -9999 9.1966667175293 9.4909725189209 9.54399967193604 9.51933288574219 9.49633312225342 9.58033275604248 9.72266674041748 9.84133338928223 9.94033336639404 10.0923328399658 10.3020000457764 10.4603338241577 10.5839996337891 10.7546663284302 10.9130001068115 11.1129999160767 11.3326663970947 11.3836660385132 11.449333190918 11.5459995269775 11.6189994812012 11.7323331832886 11.824333190918 11.8976669311523 11.8853330612183 11.7926664352417 11.8590002059937 12.007999420166 12.0386667251587 12.0199995040894 12.0319995880127 12.1486663818359
-9999 -9999 -9999 -9999 -9999 -9999 -9999 -9999 -9999 -9999 -9999 -9999 -9999 -9999 -9999 -9999 9.20916652679443 9.40362358093262 9.43766689300537 9.49966716766357 9.52933311462402 9.67666625976562 9.94166660308838 10.0706663131714 10.0533332824707 10.1700000762939 10.436333656311 10.6300001144409 10.7593336105347 10.8546667098999 10.8793334960938 10.9806661605835 11.0900001525879 10.9720001220703 11.0906667709351 11.1296672821045 11.2379999160767 11.4429998397827 11.5813331604004 11.6723327636719 11.6459999084473 11.5136671066284 11.6003332138062 11.8070001602173 11.871000289917 11.7686672210693 11.8833332061768 12.0343332290649
-9999 -9999 -9999 -9999 -9999 -9999 -9999 -9999 -9999 -9999 -9999 -9999 -9999 -9999 -9999 9.00416660308838 9.22166633605957 9.25633335113525 9.2703332901001 9.39966678619385 9.56500053405762 9.88733291625977 10.2230005264282 10.2729997634888 10.2679996490479 10.3843336105347 10.4870004653931 10.582667350769 10.6586666107178 10.6633338928223 10.6929998397827 10.9313335418701 11.0780000686646 11.0163335800171 11.1196670532227 11.1443338394165 11.203332901001 11.4023332595825 11.4580001831055 11.2946662902832 11.0753335952759 11.0373334884644 11.1856670379639 11.4700002670288 11.7799997329712 11.688666343689 11.6976661682129 11.8676662445068
-9999 -9999 -9999 -9999 -9999 -9999 -9999 -9999 -9999 -9999 -9999 -9999 -9999 -9999 -9999 9.07499980926514 9.16300010681152 9.13399982452393 9.20866680145264 9.44966697692871 9.7006664276123 10.0769996643066 10.375 10.4093332290649 10.4309997558594 10.4910001754761 10.4309997558594 10.3529996871948 10.3306665420532 10.3723335266113 10.5240001678467 10.8156671524048 11.0593338012695 11.2069997787476 11.3826665878296 11.5069999694824 11.5336666107178 11.6126661300659 11.646333694458 11.1823329925537 10.7150001525879 10.7903327941895 10.9443330764771 11.2326669692993 11.5369997024536 11.6656665802002 11.7153329849243 11.6616668701172
-9999 -9999 -9999 -9999 -9999 -9999 -9999 -9999 -9999 -9999 -9999 -9999 -9999 -9999 -9999 8.93134880065918 9.04133319854736 9.09833335876465 9.32599925994873 9.75100040435791 10.0830001831055 10.3219995498657 10.4553337097168 10.4063329696655 10.2779998779297 10.21399974823 10.2080001831055 10.2110004425049 10.1576671600342 10.1459999084473 10.2670001983643 10.4300003051758 10.6296663284302 10.8736667633057 11.2506666183472 11.4683332443237 11.4989995956421 11.621000289917 11.7559995651245 11.5096664428711 11.2693328857422 11.3923330307007 11.4376668930054 11.4636669158936 11.3156671524048 11.4460000991821 11.7266664505005 11.6736669540405
-9999 -9999 -9999 -9999 -9999 -9999 -9999 -9999 -9999 -9999 -9999 -9999 -9999 -9999 8.71481513977051 8.8659725189209 8.98366641998291 9.12800025939941 9.45866680145264 9.95100021362305 10.2586660385132 10.4323329925537 10.4696664810181 10.3543329238892 10.1063327789307 10.0170001983643 10.1119995117188 10.1449995040894 10.1036672592163 10.1090002059937 10.1929998397827 10.2563333511353 10.3893337249756 10.7369995117188 11.1496667861938 11.3859996795654 11.4523334503174 11.6173334121704 11.7186670303345 11.5869998931885 11.5473327636719 11.6483335494995 11.485333442688 11.3263330459595 11.2366666793823 11.324333190918 11.4866666793823 11.5069999694824
-9999 -9999 -9999 -9999 -9999 -9999 -9999 -9999 -9999 -9999 -9999 -9999 -9999 8.58333301544189 8.68007278442383 8.84566688537598 9.09166717529297 9.24300003051758 9.55466651916504 9.97700023651123 10.2193336486816 10.3906669616699 10.4856672286987 10.5006666183472 10.2779998779297 10.0979995727539 10.1186666488647 10.1569995880127 10.1513338088989 10.2209997177124 10.3573331832886 10.3726663589478 10.4726667404175 10.9113330841064 11.2036666870117 11.4093332290649 11.5683336257935 11.6246671676636 11.4883337020874 11.0846662521362 11.0186672210693 11.4063329696655 11.3009996414185 11.1599998474121 11.0876665115356 11.1116666793823 11.1713333129883 11.3660001754761
-9999 -9999 -9999 -9999 -9999 -9999 -9999 -9999 -9999 -9999 -9999 -9999 8.61041641235352 8.65476131439209 8.69966697692871 8.83500003814697 9.05533313751221 9.13966655731201 9.47666645050049 9.84099960327148 10.0739994049072 10.2296667098999 10.2770004272461 10.3920001983643 10.4203329086304 10.2636661529541 10.1590003967285 10.2600002288818 10.3636665344238 10.4936666488647 10.7519998550415 10.7466669082642 10.5869998931885 10.7583332061768 11.0683336257935 11.3100004196167 11.4663333892822 11.4359998703003 11.2039995193481 10.775333404541 10.650333404541 10.9006671905518 10.918999671936 11.0076665878296 11.0319995880127 11.063666343689 11.2366666793823 11.3559999465942
-9999 -9999 -9999 -9999 -9999 -9999 -9999 -9999 -9999 -9999 -9999 -9999 8.6366662979126 8.67599964141846 8.62733364105225 8.74466705322266 8.97200012207031 9.11900043487549 9.36766624450684 9.71766662597656 9.91133308410645 9.94900035858154 10.0159997940063 10.2243337631226 10.313666343689 10.2659997940063 10.2323331832886 10.2573337554932 10.4226665496826 10.6656665802002 10.9029998779297 10.8523330688477 10.7493333816528 10.809666633606 11 11.1603336334229 11.2569999694824 11.1716661453247 11.0366668701172 10.8066663742065 10.6386661529541 10.7266664505005 10.7993335723877 10.9400005340576 11.0676670074463 11.061333656311 11.2133331298828 11.4226665496826
-9999 -9999 -9999 -9999 -9999 -9999 -9999 -9999 -9999 -9999 -9999 -9999 8.65166664123535 8.71966648101807 8.72733306884766 8.868332862854 9.19366645812988 9.27466678619385 9.256667137146 9.42166614532471 9.62433338165283 9.74733352661133 9.97599983215332 10.2363338470459 10.2096672058105 10.0783338546753 10.0789995193481 10.1479997634888 10.3850002288818 10.7363338470459 10.8599996566772 10.7119998931885 10.5573329925537 10.6800003051758 10.679666519165 10.7516670227051 10.6783332824707 10.6383333206177 10.6946668624878 10.690333366394 10.6253337860107 10.6573333740234 10.7913331985474 11.0863332748413 11.0433330535889 11.121000289917 11.231333732605 11.3493328094482
