L_lividipennis/M_variables/Set1/bio_2.asc
NCOLS 82 
NROWS 178 
XLLCORNER -73.9166666666667 
YLLCORNER -43.5416666666667 
CELLSIZE 0.0416666666666667 
NODATA_value -9999 
[rows 22 to 43 of 178, columns 0 to 47 of 82]
-9999 -9999 -9999 -9999 -9999 -9999 -9999 -9999 -9999 8.7787036895752 -9999 -9999 -9999 -9999 -9999 -9999 -9999 -9999 9.93511962890625 9.94900035858154 9.84500026702881 9.91833305358887 9.99433326721191 10.2560005187988 10.453332901001 10.4973335266113 10.5833330154419 10.7676668167114 10.9566669464111 11.1536664962769 11.2416667938232 11.4209995269775 11.6553335189819 11.8526668548584 11.8770008087158 11.9019994735718 12.0203332901001 12.1160001754761 12.0786666870117 12.1050004959106 12.1883335113525 12.199333190918 12.2596664428711 12.3433332443237 12.6223335266113 12.9723329544067 13.0970001220703 13.118332862854
-9999 -9999 -9999 -9999 -9999 -9999 -9999 -9999 -9999 -9999 -9999 -9999 -9999 -9999 -9999 -9999 -9999 9.64999961853027 9.81136322021484 9.81466674804688 9.8256664276123 9.91399955749512 9.95599937438965 10.3863334655762 10.6193332672119 10.5769996643066 10.6386671066284 10.8013334274292 10.9700002670288 11.1276664733887 11.2306671142578 11.4756669998169 11.7153329849243 11.828332901001 11.8703336715698 11.868332862854 11.9609994888306 12.0423336029053 12.0823335647583 12.1450004577637 12.2013339996338 12.3043336868286 12.4636669158936 12.4689998626709 12.5526666641235 12.8870000839233 13.1040000915527 13.1966667175293
-9999 -9999 -9999 -9999 -9999 -9999 -9999 8.77833366394043 8.83749961853027 -9999 -9999 -9999 -9999 -9999 -9999 -9999 -9999 9.96979141235352 9.87166690826416 9.82866668701172 9.89333343505859 10.0056667327881 10.2046661376953 10.6003332138062 10.6409997940063 10.6090002059937 10.71399974823 10.8036670684814 10.9996662139893 11.143666267395 11.3549995422363 11.5590000152588 11.6433334350586 11.6736669540405 11.7083330154419 11.7449998855591 11.8986663818359 12.0310001373291 12.0799999237061 12.1256666183472 12.2213335037231 12.3743333816528 12.5739994049072 12.5983333587646 12.6546669006348 12.8009996414185 13.0586671829224 13.1890001296997
-9999 -9999 -9999 -9999 -9999 -9999 8.52916622161865 8.74507522583008 8.91249942779541 -9999 -9999 -9999 -9999 -9999 -9999 -9999 10.2666664123535 10.1739130020142 9.88466644287109 9.86166667938232 9.97233295440674 10.1590003967285 10.4330005645752 10.635666847229 10.5693330764771 10.6403331756592 10.7796669006348 10.7789993286133 10.9200000762939 11.0656661987305 11.3780002593994 11.5176668167114 11.5393333435059 11.576000213623 11.614333152771 11.6646661758423 11.8516664505005 12.0173330307007 12.0226669311523 12.0833330154419 12.201000213623 12.3170003890991 12.5583333969116 12.7436666488647 12.8486671447754 12.842999458313 12.9943332672119 13.1943330764771
-9999 -9999 -9999 -9999 -9999 -9999 8.56225490570068 8.7616662979126 8.97100067138672 9.25699996948242 9.58020877838135 9.70069408416748 9.74499988555908 9.8866662979126 10.0388889312744 10.2270832061768 10.3559999465942 10.1583337783813 9.86866664886475 9.96666717529297 10.1413335800171 10.2983331680298 10.4063329696655 10.5416669845581 10.6563339233398 10.8293333053589 10.9250001907349 10.8516664505005 10.9076671600342 11.1319999694824 11.3743333816528 11.3979997634888 11.4833335876465 11.5476665496826 11.5749998092651 11.6643333435059 11.808666229248 11.9573335647583 11.9823331832886 12.0296669006348 12.1293334960938 12.2653331756592 12.5406665802002 12.8196659088135 12.9816665649414 13.0083332061768 13.0220003128052 13.253999710083
-9999 -9999 -9999 -9999 -9999 -9999 8.57007598876953 8.80033302307129 8.97799968719482 9.15633296966553 9.51166725158691 9.74305534362793 9.80900001525879 9.92399978637695 10.0453329086304 10.1923332214355 10.2690000534058 10.1173334121704 9.97666645050049 10.0376663208008 10.2959995269775 10.3940000534058 10.4449996948242 10.6496667861938 10.8693332672119 11.0323333740234 11.095666885376 11.0329999923706 11.059666633606 11.3400001525879 11.5316667556763 11.4473333358765 11.4446668624878 11.4086666107178 11.4860000610352 11.6429996490479 11.7443332672119 11.8986663818359 11.9656667709351 12.0200004577637 12.1893329620361 12.3573331832886 12.5346670150757 12.7453336715698 12.9259996414185 13.066333770752 13.0909996032715 13.1350002288818
-9999 -9999 -9999 -9999 -9999 8.40000057220459 8.62210178375244 8.9146671295166 9.11033344268799 9.24633312225342 9.57333278656006 9.8120002746582 9.88033390045166 9.95966720581055 10.0393333435059 10.1196670532227 10.1386661529541 10.0093336105347 9.93900012969971 9.99533367156982 10.2273330688477 10.4023332595825 10.4499998092651 10.7173337936401 10.9206666946411 11.025333404541 11.0609998703003 11.0526666641235 11.1066665649414 11.2983331680298 11.5410003662109 11.4576663970947 11.3613328933716 11.3269996643066 11.4849996566772 11.6470003128052 11.6856660842896 11.8286666870117 11.925666809082 12.0686664581299 12.2946672439575 12.4376668930054 12.5900001525879 12.7630004882812 12.896333694458 12.9623336791992 13.0126667022705 13.0069999694824
-9999 -9999 -9999 -9999 -9999 8.375 8.7314395904541 9.18766689300537 9.37766647338867 9.40733337402344 9.52666664123535 9.71433353424072 9.86733341217041 9.97166633605957 10.0423336029053 10.0699996948242 10.0403337478638 9.92700004577637 9.89200019836426 10.0640001296997 10.2276668548584 10.371000289917 10.4203338623047 10.7309999465942 10.9626665115356 11.0353336334229 11.0339994430542 11.0550003051758 11.0606670379639 11.1373338699341 11.3430004119873 11.2600002288818 11.309666633606 11.5416669845581 11.6866664886475 11.6996669769287 11.657000541687 11.7329998016357 11.8166666030884 12.0310001373291 12.2916669845581 12.3999996185303 12.5543336868286 12.657000541687 12.7293329238892 12.6950006484985 12.8159999847412 12.9819993972778
-9999 -9999 -9999 -9999 -9999 8.44166660308838 8.94166660308838 9.22875022888184 9.48666667938232 9.64100074768066 9.6386661529541 9.71666622161865 9.91033363342285 10.0799999237061 10.1459999084473 10.1226663589478 10.1416664123535 10.184666633606 10.1803331375122 10.3466663360596 10.5233325958252 10.6180000305176 10.7283334732056 10.8543338775635 10.8906669616699 11.0076665878296 11.1643333435059 11.0913333892822 10.9143333435059 11.048999786377 11.33899974823 11.4916667938232 11.5166664123535 11.6370000839233 11.6909999847412 11.764666557312 11.7736663818359 11.8316669464111 11.9543333053589 12.1486663818359 12.3506669998169 12.4723339080811 12.5723333358765 12.6156663894653 12.5713329315186 12.6183338165283 12.9320001602173 13.1840000152588
-9999 -9999 -9999 -9999 -9999 -9999 -9999 9.08611106872559 9.46866703033447 9.7926664352417 9.7810001373291 9.79799938201904 9.9593334197998 10.1266670227051 10.1976671218872 10.1990003585815 10.1946668624878 10.3756666183472 10.3576669692993 10.4206666946411 10.5523338317871 10.5963335037231 10.6383333206177 10.71266746521 10.800666809082 11.0316667556763 11.2490005493164 11.1563329696655 10.9533338546753 11.0729999542236 11.2819995880127 11.6256666183472 11.7443332672119 11.7360000610352 11.7706670761108 11.889666557312 11.9460000991821 11.9713335037231 12.0909996032715 12.231333732605 12.3483333587646 12.460000038147 12.5503339767456 12.5856666564941 12.4703330993652 12.5520000457764 12.8756666183472 13.1680002212524
-9999 -9999 -9999 -9999 -9999 -9999 -9999 8.92638874053955 9.28333282470703 9.59899997711182 9.7006664276123 9.81433296203613 9.98099994659424 10.1630001068115 10.2550001144409 10.2290000915527 10.1979999542236 10.3889999389648 10.4196662902832 10.381667137146 10.4856662750244 10.5803337097168 10.6016664505005 10.7413330078125 10.8923330307007 11.1056661605835 11.1446666717529 10.9949998855591 11.0363330841064 11.2626667022705 11.3570003509521 11.5310001373291 11.7379999160767 11.7723331451416 11.8190002441406 11.8879995346069 11.9626665115356 12.0443334579468 12.1506662368774 12.2650003433228 12.3626670837402 12.3926668167114 12.3736667633057 12.5566663742065 12.7133331298828 12.7926664352417 12.978666305542 12.9919996261597
-9999 -9999 -9999 -9999 -9999 -9999 -9999 9.01759243011475 9.28366661071777 9.52200031280518 9.67666625976562 9.89166641235352 10.0463333129883 10.1116666793823 10.1966667175293 10.1413335800171 10.1733331680298 10.1786670684814 10.3776664733887 10.2453336715698 10.4163331985474 10.6013336181641 10.6556663513184 10.7563333511353 10.8520002365112 11.0726661682129 11.2040004730225 11.0286664962769 10.9963331222534 11.4063329696655 11.5873336791992 11.5539999008179 11.6339998245239 11.7473335266113 11.8256664276123 11.8663330078125 11.9283332824707 11.9939994812012 12.1020002365112 12.2093334197998 12.293999671936 12.3253335952759 12.2936668395996 12.4590005874634 12.5860004425049 12.7663335800171 12.9119997024536 13.0310001373291
-9999 -9999 -9999 -9999 -9999 -9999 8.85833358764648 9.06433296203613 9.38266658782959 9.59133338928223 9.7189998626709 9.99866676330566 10.1546669006348 10.1166667938232 10.1233339309692 9.98999977111816 9.90566635131836 10.110333442688 10.436333656311 10.5063333511353 10.4440002441406 10.6003332138062 10.7413330078125 10.78600025177 10.8880004882812 10.9953336715698 11.0503330230713 11.058666229248 11.0739994049072 11.2253332138062 11.5010004043579 11.7086668014526 11.6853332519531 11.731333732605 11.7883329391479 11.789999961853 11.8379993438721 11.8833332061768 12.0089998245239 12.1113328933716 12.1683330535889 12.2840003967285 12.4183330535889 12.4799995422363 12.510666847229 12.6586666107178 12.8103332519531 12.9836664199829
-9999 -9999 -9999 -9999 -9999 8.74583339691162 8.9951753616333 9.17700004577637 9.47200012207031 9.7703332901001 9.8633337020874 10.0626668930054 10.2066669464111 10.1313333511353 10.1519994735718 10.076000213623 10.1470003128052 10.1293334960938 10.356333732605 10.5163335800171 10.4209995269775 10.6366662979126 10.7546663284302 10.7866668701172 10.8966665267944 11.0376663208008 11.1106662750244 11.0876665115356 11.1506662368774 11.1630001068115 11.3793334960938 11.7953338623047 11.7826671600342 11.7436666488647 11.7819995880127 11.8333330154419 11.8283338546753 11.7856674194336 11.8823337554932 11.9873332977295 12.0953330993652 12.3100004196167 12.4086666107178 12.4029998779297 12.4026660919189 12.5260000228882 12.7430000305176 12.9576663970947
-9999 -9999 -9999 -9999 -9999 8.72083377838135 8.98263931274414 9.21066665649414 9.51200008392334 9.76900005340576 9.86299991607666 10.1036672592163 10.2586669921875 10.1366662979126 10.1300001144409 10.076000213623 10.0203332901001 9.9913330078125 10.2209997177124 10.3833332061768 10.3839998245239 10.6560001373291 10.8170003890991 10.8959999084473 10.9736661911011 11.1346664428711 11.201000213623 11.1226663589478 11.1793336868286 11.1920003890991 11.4243335723877 11.7113332748413 11.7823333740234 11.7600002288818 11.7610006332397 11.8053331375122 11.8409996032715 11.9300003051758 12.0190000534058 12.0156669616699 12.0943336486816 12.3489999771118 12.4843330383301 12.5129995346069 12.5240001678467 12.5736665725708 12.7346668243408 12.914999961853
-9999 -9999 -9999 -9999 -9999 -9999 9.11302089691162 9.33033275604248 9.51733303070068 9.71433353424072 9.87199974060059 10.1343336105347 10.3433332443237 10.2943334579468 10.1770000457764 10.1626663208008 10.0229997634888 9.91866683959961 10.0366668701172 10.1393327713013 10.324333190918 10.578332901001 10.7819995880127 10.8690004348755 10.8479995727539 11.0380001068115 11.1673336029053 11.063666343689 11.0790004730225 11.0823335647583 11.4356670379639 11.7166662216187 11.8026666641235 11.7746667861938 11.7643337249756 11.8079996109009 11.9553337097168 12.1280002593994 12.1783332824707 12.1230001449585 12.1593332290649 12.3583335876465 12.5416669845581 12.6140003204346 12.6490001678467 12.7163333892822 12.7536668777466 12.9283332824707
-9999 -9999 -9999 -9999 -9999 -9999 9.24487209320068 9.50666618347168 9.73266696929932 9.89933300018311 10.1100006103516 10.3970003128052 10.5823335647583 10.4086666107178 10.1476669311523 10.1623334884644 10.0003337860107 10.0600004196167 10.1459999084473 10.1546669006348 10.3376665115356 10.3976669311523 10.4806661605835 10.7103338241577 10.8940000534058 11.0600004196167 11.0606670379639 10.9393329620361 11.1653337478638 11.3163328170776 11.5609998703003 11.8333330154419 11.8986663818359 11.8363332748413 11.7566661834717 11.7313327789307 11.8426666259766 11.9879999160767 12.0863332748413 12.1129999160767 12.1549997329712 12.3263330459595 12.5136661529541 12.561333656311 12.581000328064 12.7436666488647 12.8336668014526 12.9293336868286
-9999 -9999 -9999 -9999 -9999 -9999 -9999 9.63137245178223 9.90100002288818 10.1983337402344 10.4436664581299 10.6946668624878 10.8846664428711 10.7620000839233 10.4180002212524 10.1523332595825 10.1636667251587 10.4526672363281 10.4576663970947 10.3093328475952 10.2016668319702 10.2740001678467 10.4843330383301 10.8280000686646 11.1183338165283 11.117000579834 10.9686670303345 11.0150003433228 11.4456663131714 11.7740001678467 11.8063335418701 11.8653335571289 11.8866672515869 11.8689994812012 11.7530002593994 11.7243337631226 11.7666664123535 11.8733339309692 11.9316663742065 12.0279998779297 12.1640005111694 12.298999786377 12.4750003814697 12.5066661834717 12.4543333053589 12.566333770752 12.6613330841064 12.6933336257935
-9999 -9999 -9999 -9999 -9999 -9999 -9999 9.60416698455811 9.84659099578857 10.313666343689 10.621000289917 10.7846670150757 10.9226665496826 10.9183330535889 10.735333442688 10.7273330688477 10.6093330383301 10.4546670913696 10.4429998397827 10.3020000457764 10.1403331756592 10.1859998703003 10.4383335113525 10.8330001831055 11.2123336791992 11.1743335723877 10.9436664581299 11.1099996566772 11.4983329772949 11.8786668777466 11.9116668701172 11.7916669845581 11.7643327713013 11.789999961853 11.7726669311523 11.83899974823 11.9230003356934 11.9670000076294 11.9123334884644 11.9943332672119 12.1636667251587 12.2166662216187 12.3723335266113 12.4193334579468 12.3690004348755 12.4206666946411 12.4200000762939 12.4813327789307
-9999 -9999 -9999 -9999 -9999 -9999 -9999 -9999 9.96666717529297 10.2213335037231 10.5729999542236 10.8059997558594 10.7866668701172 10.5243330001831 10.3559999465942 10.3263330459595 10.179666519165 10.268666267395 10.4390001296997 10.4253330230713 10.2849998474121 10.5783338546753 10.8430004119873 11.0790004730225 11.2109994888306 11.1286668777466 11.046667098999 11.1743335723877 11.4089994430542 11.7489995956421 11.8936672210693 11.8020000457764 11.7803335189819 11.7696666717529 11.820333480835 11.8483333587646 11.889666557312 11.9216661453247 11.9300003051758 12.0303335189819 12.1066665649414 12.0970001220703 12.2113332748413 12.2676668167114 12.3483333587646 12.4006671905518 12.4726667404175 12.5166664123535
-9999 -9999 -9999 -9999 -9999 -9999 -9999 -9999 -9999 10.0651044845581 10.3876667022705 10.7349996566772 10.7680006027222 10.5830001831055 10.5176668167114 10.3386669158936 10.3736667633057 10.3393335342407 10.2779998779297 10.5143337249756 10.7863330841064 11.1686668395996 11.2963333129883 11.2636671066284 11.4193334579468 11.4333333969116 11.4856662750244 11.4879999160767 11.532000541687 11.7299995422363 11.8506669998169 11.8543329238892 11.9016666412354 11.8876667022705 11.8993330001831 11.9313335418701 11.9259996414185 11.8993330001831 11.9516668319702 12.1563329696655 12.2093334197998 12.0863332748413 12.1666669845581 12.2303333282471 12.2959995269775 12.393666267395 12.5426664352417 12.5206670761108
-9999 -9999 -9999 -9999 -9999 -9999 -9999 -9999 -9999 10.0812501907349 10.3126659393311 10.671667098999 10.6286668777466 10.1646661758423 10.3929996490479 10.6413335800171 10.9433336257935 10.5316667556763 10.4029998779297 10.5643329620361 11.0679998397827 11.1353330612183 11.2026662826538 11.2803335189819 11.3996667861938 11.4373331069946 11.5396671295166 11.4499998092651 11.4756669998169 11.5583333969116 11.5756664276123 11.5659999847412 11.7703332901001 11.9046669006348 11.921667098999 12.0550003051758 12.1099996566772 12.0406665802002 12.0543327331543 12.1963329315186 12.2610006332397 12.1493330001831 12.106333732605 12.2593336105347 12.4053335189819 12.4216661453247 12.4543333053589 12.4646663665771
