L_edwardsianus/M_variables/Set1/bio11_.asc
NCOLS 77 
NROWS 221 
XLLCORNER -74.2083333333333 
YLLCORNER -46.25 
CELLSIZE 0.0416666666666666 
NODATA_value -9999 
[rows 44 to 65 of 221, columns 0 to 49 of 77]
-9999 -9999 -9999 -9999 -9999 -9999 -9999 -9999 -9999 -9999 -9999 -9999 -9999 -9999 -9999 -9999 -9999 -9999 -9999 -9999 9.29298210144043 9.30399990081787 9.256667137146 8.93733310699463 8.66333293914795 7.84066677093506 7.39733362197876 7.68400001525879 7.91733360290527 7.94199991226196 8.2946662902832 8.22799968719482 8.16533374786377 8.12933349609375 8.0493335723877 7.96733331680298 7.90666675567627 7.83533334732056 7.78800010681152 7.62066650390625 7.29199981689453 7.59466648101807 7.47599983215332 7.31333303451538 7.14200019836426 6.99866676330566 6.93533325195312 6.84000015258789 6.42066669464111 6.21466684341431
-9999 -9999 -9999 -9999 -9999 -9999 -9999 -9999 -9999 -9999 -9999 -9999 -9999 -9999 -9999 -9999 -9999 -9999 -9999 -9999 9.19285678863525 9.20199966430664 9.11400032043457 8.63266658782959 8.09200000762939 7.7993335723877 8.42399978637695 8.2073335647583 7.97133350372314 8.34799957275391 8.32133293151855 8.21399974822998 8.15933322906494 8.08333301544189 8.02000045776367 7.92933320999146 7.8600001335144 7.80600023269653 7.75400018692017 7.64066648483276 7.31866645812988 7.51333332061768 7.43800020217896 7.26599979400635 7.08666658401489 6.87733364105225 6.71066665649414 6.63933324813843 6.76533317565918 6.72800016403198
-9999 -9999 -9999 -9999 -9999 -9999 -9999 -9999 -9999 -9999 -9999 -9999 -9999 -9999 -9999 -9999 -9999 -9999 -9999 -9999 -9999 9.06754398345947 8.92799949645996 8.80399990081787 8.58133316040039 8.48333358764648 8.65866661071777 8.58133316040039 8.34666633605957 8.4466667175293 8.35133361816406 8.27333354949951 8.17466640472412 8.09266662597656 8.04600048065186 7.98066663742065 7.91266632080078 7.82999992370605 7.80000019073486 7.72866678237915 7.60066652297974 7.51533317565918 7.44599962234497 7.32733345031738 7.14466667175293 6.93733310699463 6.87799978256226 6.8600001335144 6.73866701126099 6.50799989700317
-9999 -9999 -9999 -9999 -9999 -9999 -9999 -9999 -9999 -9999 -9999 -9999 -9999 -9999 -9999 -9999 -9999 -9999 -9999 -9999 -9999 9.125 9.04666709899902 8.82066631317139 8.47866630554199 8.63466644287109 8.7519998550415 8.66533374786377 8.01866626739502 8.40733337402344 8.39466667175293 8.30866622924805 8.23400020599365 8.16600036621094 8.08333301544189 7.96799993515015 7.86533355712891 7.76933336257935 7.72666645050049 7.50133323669434 7.61466646194458 7.49333333969116 7.35066652297974 7.23066663742065 7.11666679382324 7.13866662979126 7.10000038146973 7.00266647338867 6.69266700744629 6.27533340454102
-9999 -9999 -9999 -9999 -9999 -9999 -9999 -9999 -9999 -9999 -9999 -9999 -9999 -9999 -9999 -9999 -9999 -9999 -9999 -9999 -9999 9.09999942779541 9.01111125946045 8.90466690063477 8.87399959564209 8.83199977874756 8.53866672515869 8.41133308410645 7.73000001907349 8.26133346557617 8.30799961090088 8.23533344268799 8.12333297729492 8.00266647338867 7.66466665267944 7.11666679382324 7.80999994277954 7.56400012969971 7.3493332862854 7.42266654968262 7.52799987792969 7.4946665763855 7.24466705322266 7.01866626739502 6.6933331489563 6.74333333969116 6.64333295822144 6.57133340835571 6.39666652679443 6.41333341598511
-9999 -9999 -9999 -9999 -9999 -9999 -9999 -9999 -9999 -9999 -9999 -9999 -9999 -9999 -9999 -9999 -9999 -9999 -9999 -9999 -9999 -9999 9.01568603515625 8.93266677856445 8.91133308410645 8.82466697692871 8.31999969482422 8.40799999237061 7.68266677856445 7.91933345794678 7.65799999237061 8.11733341217041 7.80200004577637 7.91400003433228 7.68533325195312 7.03066635131836 7.65999984741211 7.71400022506714 7.66733312606812 7.57399988174438 7.46933364868164 7.33933305740356 7.32733345031738 7.26599979400635 7.02866649627686 6.71933317184448 6.36533355712891 6.33400011062622 6.1486668586731 5.88333320617676
-9999 -9999 -9999 -9999 -9999 -9999 -9999 -9999 -9999 -9999 -9999 -9999 -9999 -9999 -9999 -9999 -9999 -9999 -9999 -9999 -9999 -9999 8.99166679382324 8.9553337097168 8.92199993133545 8.83800029754639 8.7180004119873 8.48666667938232 7.61399984359741 7.18866682052612 6.5406665802002 7.33199977874756 7.51799964904785 7.87400007247925 7.69466686248779 7.43266677856445 7.22733306884766 7.72933340072632 7.65933322906494 7.57599973678589 7.32933330535889 7.23733329772949 7.23733329772949 7.06866693496704 7.05266666412354 7.06400012969971 6.38266658782959 5.74266672134399 5.80533361434937 6.18133354187012
-9999 -9999 -9999 -9999 -9999 -9999 -9999 -9999 -9999 -9999 -9999 -9999 -9999 -9999 -9999 -9999 -9999 -9999 -9999 -9999 -9999 -9999 9 8.97430515289307 8.93599987030029 8.79866695404053 7.83066654205322 8.26200008392334 7.78200006484985 7.6526665687561 7.92000007629395 7.24200010299683 7.78399991989136 7.49933338165283 7.41866683959961 7.13199996948242 7.16733360290527 7.5 7.30599975585938 7.51133298873901 7.1986665725708 7.11066627502441 6.96000003814697 6.96666669845581 6.69466686248779 6.99333333969116 6.85199975967407 6.6986665725708 6.54866695404053 6.43800020217896
-9999 -9999 -9999 -9999 -9999 -9999 -9999 -9999 -9999 -9999 -9999 -9999 -9999 -9999 -9999 -9999 -9999 -9999 -9999 -9999 -9999 -9999 -9999 8.92647075653076 8.89200019836426 8.80000019073486 7.63733291625977 7.26799964904785 6.36866664886475 6.48199987411499 7.47533321380615 7.70066690444946 7.41266679763794 7.31933307647705 7.0973334312439 6.71600008010864 7.52066659927368 6.99200010299683 6.53800010681152 7.3600001335144 6.94999980926514 6.87733316421509 6.67199993133545 6.67066669464111 6.61933326721191 6.85066652297974 6.8546667098999 6.62400007247925 7.01733303070068 7.26999998092651
-9999 -9999 -9999 -9999 -9999 -9999 -9999 -9999 -9999 -9999 -9999 -9999 -9999 -9999 -9999 -9999 -9999 -9999 -9999 -9999 -9999 -9999 -9999 8.81833362579346 8.70866680145264 8.33933353424072 8.4466667175293 7.7519998550415 6.88466691970825 7.10799980163574 7.09000015258789 6.60200023651123 6.7480001449585 7.48466682434082 7.00466680526733 6.93533325195312 7.02600002288818 7.0973334312439 6.56333351135254 7.02466678619385 7.10599994659424 6.94200038909912 6.87200021743774 6.74933338165283 6.63399982452393 6.68133306503296 6.7553334236145 6.88133335113525 7.23600006103516 7.32933330535889
-9999 -9999 -9999 -9999 -9999 -9999 -9999 -9999 -9999 -9999 -9999 -9999 -9999 -9999 -9999 -9999 -9999 -9999 -9999 -9999 -9999 -9999 -9999 8.63166618347168 8.46133327484131 7.26800012588501 7.73066663742065 7.86999988555908 6.82999992370605 6.0053334236145 5.46933364868164 6.58733320236206 6.56800031661987 7.10066699981689 6.75733327865601 6.41866683959961 6.34000015258789 6.60533332824707 6.93066692352295 6.92599964141846 6.96199989318848 6.8526668548584 6.78133344650269 6.50466632843018 6.14266681671143 5.44999980926514 5.96266651153564 6.53999996185303 6.47000026702881 6.63533353805542
-9999 -9999 -9999 -9999 -9999 -9999 -9999 -9999 -9999 -9999 -9999 -9999 -9999 -9999 -9999 -9999 -9999 -9999 -9999 -9999 -9999 -9999 -9999 8.68333339691162 8.45333290100098 7.39466667175293 6.52066659927368 6.16666698455811 7.00600004196167 7.09800004959106 6.49266672134399 6.96533346176147 6.73666667938232 6.61533308029175 6.96000003814697 6.87666654586792 6.60933303833008 7.11666679382324 7.25266647338867 7.21933317184448 7.08533334732056 6.91599988937378 6.77799987792969 6.59533309936523 6.50866651535034 6.17133331298828 6.36066675186157 6.33066654205322 6.00733327865601 6.08733320236206
-9999 -9999 -9999 -9999 -9999 -9999 -9999 -9999 -9999 -9999 -9999 -9999 -9999 -9999 -9999 -9999 -9999 -9999 -9999 -9999 -9999 -9999 -9999 8.10666656494141 8.02291679382324 7.27133321762085 6.68866682052612 5.88133335113525 7.17600011825562 7.25800037384033 7.4433331489563 6.41599988937378 7.11933326721191 7.260666847229 7.14200019836426 7.04333353042603 7.34866666793823 7.30266666412354 7.16333341598511 7.10666656494141 6.68866634368896 6.94999980926514 6.72599983215332 6.34666681289673 6.31666660308838 6.3526668548584 6.18800020217896 5.86733341217041 4.91466665267944 4.48333311080933
-9999 -9999 -9999 -9999 -9999 -9999 -9999 -9999 -9999 -9999 -9999 -9999 -9999 -9999 -9999 -9999 -9999 -9999 -9999 -9999 -9999 -9999 -9999 8.15499973297119 7.77753639221191 7.70466661453247 7.41866683959961 7.15466642379761 7.57066679000854 7.48799991607666 7.36533355712891 6.52666664123535 6.93200016021729 7.21333360671997 7.52133321762085 7.32200002670288 6.50133323669434 6.00999975204468 5.75066661834717 5.9593334197998 5.2093334197998 6.25933361053467 6.64133358001709 6.45599985122681 5.18466663360596 5.19799995422363 5.62733316421509 5.97133350372314 5.81266689300537 5.24933338165283
-9999 -9999 -9999 -9999 -9999 -9999 -9999 -9999 -9999 -9999 -9999 -9999 -9999 -9999 -9999 -9999 -9999 -9999 -9999 -9999 -9999 -9999 8.24166679382324 7.78333330154419 7.33599996566772 6.68599987030029 7.52400016784668 7.58599996566772 7.73199987411499 7.87400007247925 7.62666654586792 7.25999975204468 6.99066686630249 7.41533327102661 7.28399991989136 7.34533309936523 7.03399991989136 6.69533348083496 6.73799991607666 6.58933305740356 5.75400018692017 6.30933332443237 5.43400001525879 5.71399974822998 5.91866683959961 5.12866687774658 5.78533315658569 5.90666675567627 6.19066667556763 6.61999988555908
-9999 -9999 -9999 -9999 -9999 -9999 -9999 -9999 -9999 -9999 -9999 -9999 -9999 -9999 -9999 -9999 -9999 -9999 -9999 -9999 -9999 -9999 8.39999961853027 7.75133323669434 6.32600021362305 6.28733348846436 7.20333337783813 7.51600027084351 7.88066673278809 7.84000015258789 7.74933338165283 7.739333152771 7.59266662597656 7.5479998588562 7.04333305358887 6.77466678619385 6.38866662979126 6.50400018692017 6.90666675567627 7.0406665802002 6.93266677856445 6.84266662597656 6.59266662597656 6.42399978637695 6.31866645812988 6.19133329391479 6.79533338546753 7.08933353424072 7.07800006866455 6.98133325576782
-9999 -9999 -9999 -9999 -9999 -9999 -9999 -9999 -9999 -9999 -9999 -9999 -9999 -9999 -9999 -9999 -9999 -9999 -9999 -9999 -9999 -9999 7.61428546905518 6.8033332824707 6.45666694641113 7.65199995040894 7.88600015640259 7.89266633987427 7.83799982070923 7.81533336639404 7.76333332061768 7.62933349609375 7.260666847229 7.33799982070923 6.59666681289673 5.94266653060913 4.92066669464111 5.74599981307983 6.12133312225342 6.09600019454956 6.49733352661133 6.79333353042603 6.78999996185303 6.65133333206177 6.47333335876465 6.49733352661133 6.64333343505859 6.60599994659424 6.45799970626831 6.44066667556763
-9999 -9999 -9999 -9999 -9999 -9999 -9999 -9999 -9999 -9999 -9999 -9999 -9999 -9999 -9999 -9999 -9999 -9999 -9999 -9999 -9999 7.46666669845581 6.44583320617676 6.57533311843872 7.34466648101807 7.93533325195312 7.86666679382324 7.78533363342285 7.74066638946533 7.70333337783813 7.53666639328003 7.1506667137146 6.79400014877319 6.64333343505859 6.82466650009155 6.44933366775513 6.0019998550415 5.73600006103516 5.11066675186157 5.25266647338867 5.89266681671143 6.30533313751221 6.43133354187012 6.16400003433228 6.46199989318848 6.46133327484131 6.70266675949097 6.75933313369751 6.38666677474976 5.23000001907349
-9999 -9999 -9999 -9999 -9999 -9999 -9999 -9999 -9999 -9999 -9999 -9999 -9999 -9999 -9999 -9999 -9999 -9999 -9999 -9999 7.51428556442261 6.63550758361816 6.34800004959106 7.59066677093506 7.89200019836426 7.88000011444092 7.79400014877319 7.74066686630249 7.71666669845581 7.7039999961853 7.65666675567627 7.29466676712036 7.07599973678589 7.02066659927368 6.73066663742065 6.7413330078125 6.22066688537598 6.04800033569336 6.27466678619385 6.21799993515015 6.29333305358887 6.17266654968262 6.2979998588562 6.31799983978271 6.46533346176147 6.89933347702026 7.07200002670288 7.08800029754639 5.26533317565918 4.67466688156128
-9999 -9999 -9999 -9999 -9999 -9999 -9999 -9999 -9999 -9999 -9999 -9999 -9999 -9999 -9999 -9999 -9999 -9999 -9999 7.69374990463257 6.97777795791626 5.88399982452393 7.07066679000854 7.75600004196167 7.87999963760376 7.79400014877319 7.76933336257935 7.73733329772949 7.72599983215332 7.60799980163574 7.63266658782959 7.57133340835571 7.32200002670288 7.2553334236145 6.97333335876465 6.73133325576782 6.76666641235352 6.94533348083496 6.59466648101807 5.91533327102661 5.95799970626831 5.93866634368896 6.0513334274292 6.12599992752075 6.56599998474121 7.00600004196167 7.25133323669434 7.08733320236206 3.8953332901001 3.20866656303406
-9999 -9999 -9999 -9999 -9999 -9999 -9999 -9999 -9999 -9999 -9999 -9999 -9999 -9999 -9999 -9999 -9999 -9999 -9999 7.85222244262695 6.88733339309692 7.01866674423218 7.63866662979126 7.82800006866455 7.60199975967407 7.59266662597656 7.63933324813843 7.65799999237061 7.46133327484131 7.29133319854736 7.50466680526733 7.42666673660278 7.45133352279663 7.33599996566772 7.16866636276245 6.94933319091797 6.97866678237915 6.97466659545898 6.71466636657715 6.4006667137146 6.61333322525024 6.58933353424072 6.23533344268799 5.94199991226196 5.95133352279663 5.93733358383179 6.16333341598511 6.65133333206177 5.85333347320557 3.25999999046326
-9999 -9999 -9999 -9999 -9999 -9999 -9999 -9999 -9999 -9999 -9999 -9999 -9999 -9999 -9999 -9999 -9999 -9999 -9999 7.55166673660278 6.83799982070923 7.07800006866455 7.66733312606812 7.77933359146118 7.42866659164429 6.88333320617676 7.3013334274292 7.41066646575928 7.45466661453247 7.53933334350586 7.43066644668579 7.1399998664856 7.17533349990845 7.15933322906494 7.07599973678589 6.87666654586792 7.16533374786377 6.89799976348877 6.5479998588562 6.01200008392334 6.21266651153564 6.05866670608521 6.63199996948242 5.35133361816406 4.36599969863892 3.82800006866455 3.73866677284241 3.65533328056335 5.8513331413269 6.88133335113525
