L_edwardsianus/M_variables/Set1/bio13_.asc
NCOLS 77 
NROWS 221 
XLLCORNER -74.2083333333333 
YLLCORNER -46.25 
CELLSIZE 0.0416666666666666 
NODATA_value -9999 
[rows 90 to 134 of 221, columns 0 to 76 of 77]
-9999 -9999 -9999 -9999 -9999 -9999 -9999 -9999 280 279 277 276 274 271 267 262 258 253 248 242 243 244 241 239 236 235 232 229 227 227 226 231 237 248 259 269 277 285 294 303 314 324 340 360 365 336 317 320 331 341 311 324 316 301 271 278 289 291 303 287 294 273 264 227 207 202 190 185 196 193 183 175 172 159 151 146 -9999
-9999 -9999 -9999 -9999 -9999 -9999 -9999 277 280 279 277 277 275 272 268 262 257 252 248 243 245 245 242 242 240 238 235 232 229 227 227 231 236 247 257 268 277 288 298 310 319 337 348 359 375 371 366 384 404 388 314 318 344 296 287 268 266 290 280 250 269 279 262 253 234 199 199 187 190 188 184 179 174 160 150 150 -9999
-9999 -9999 -9999 -9999 -9999 -9999 -9999 274 277 279 279 278 276 273 263 257 254 253 250 250 247 246 245 245 243 240 234 228 225 226 227 233 239 246 257 267 278 290 298 315 334 343 358 374 390 397 404 411 411 397 345 322 341 346 288 279 268 280 248 259 230 242 264 240 240 215 189 183 189 188 182 176 171 162 152 141 -9999
-9999 -9999 -9999 -9999 -9999 -9999 -9999 280 280 280 279 277 272 266 262 261 256 255 250 250 248 246 246 246 246 241 235 228 225 225 228 233 237 247 258 266 276 289 299 313 332 342 354 375 368 370 356 339 340 355 324 304 386 360 344 318 275 258 253 234 218 226 248 246 238 219 207 190 175 176 176 168 157 147 139 134 -9999
-9999 -9999 -9999 -9999 -9999 -9999 284 285 283 281 280 277 271 268 265 260 258 255 251 248 246 246 246 244 241 237 232 227 227 228 230 223 230 240 254 263 273 286 299 318 331 333 363 347 339 340 306 353 377 356 322 336 400 302 294 268 268 270 256 234 223 225 229 252 236 222 195 176 177 165 156 150 140 136 137 128 -9999
-9999 -9999 -9999 -9999 -9999 -9999 286 287 285 283 282 277 273 271 266 260 257 256 253 252 250 247 244 242 241 237 231 226 226 227 224 221 230 238 247 255 266 279 300 322 335 337 348 331 334 327 382 404 377 397 326 306 413 325 338 313 270 305 294 286 285 259 253 251 241 227 208 191 175 159 153 148 141 142 134 131 125
-9999 -9999 -9999 -9999 -9999 -9999 286 285 285 284 284 278 276 275 268 260 259 258 255 254 252 247 246 243 239 237 232 228 226 225 219 224 230 239 248 255 265 277 293 323 329 335 335 363 392 396 414 466 468 449 331 327 432 366 384 351 310 295 254 242 228 209 237 241 230 219 211 199 182 167 154 144 138 130 128 129 118
-9999 -9999 -9999 -9999 -9999 -9999 286 286 286 284 279 280 281 278 270 262 257 257 256 255 252 250 247 244 241 237 234 232 227 219 219 225 231 239 247 256 266 276 290 312 291 304 370 393 422 455 477 476 433 421 442 449 370 284 291 299 288 286 247 238 233 248 224 205 214 214 204 194 184 171 158 147 140 127 122 123 112
-9999 -9999 -9999 -9999 -9999 -9999 -9999 287 284 280 276 276 284 283 272 266 259 257 256 255 252 251 247 243 239 236 233 230 226 222 222 229 235 240 247 255 265 274 282 295 320 337 364 365 370 419 482 329 334 316 417 412 335 325 223 191 225 248 233 254 252 228 198 201 207 197 200 184 174 170 158 146 142 136 124 115 111
-9999 -9999 -9999 -9999 -9999 -9999 -9999 283 282 277 279 279 285 284 277 271 264 260 258 255 252 250 246 244 239 237 232 230 228 227 226 231 236 242 247 254 262 271 281 290 306 330 322 313 310 324 479 328 312 347 395 274 281 280 229 190 208 231 231 217 198 193 183 182 191 189 197 185 173 168 161 149 141 130 129 121 118
-9999 -9999 -9999 -9999 -9999 -9999 -9999 -9999 283 281 286 286 280 273 270 264 263 259 257 256 253 249 247 243 239 238 234 230 228 230 232 234 238 245 252 265 289 284 283 294 310 332 342 334 309 339 480 314 303 383 385 380 327 312 287 254 241 245 256 235 219 210 186 178 188 190 194 180 177 175 168 151 138 130 132 128 126
-9999 -9999 -9999 -9999 -9999 -9999 -9999 -9999 287 286 282 283 276 270 268 263 263 260 257 255 251 247 244 243 239 235 232 232 232 233 236 239 244 250 260 276 289 303 313 318 327 340 354 369 330 334 434 387 315 410 295 314 361 299 272 259 248 238 211 227 218 230 217 180 205 196 185 175 168 167 160 147 141 140 143 136 129
-9999 -9999 -9999 -9999 -9999 -9999 -9999 -9999 290 289 284 278 276 276 274 267 266 264 262 256 253 248 245 240 235 234 231 231 234 238 242 245 252 257 266 282 300 305 311 327 325 338 366 382 362 309 379 353 416 343 308 317 305 335 284 251 257 254 248 223 209 199 205 209 206 193 183 181 176 168 162 156 157 155 144 132 -9999
-9999 -9999 -9999 -9999 -9999 -9999 -9999 -9999 298 293 288 281 278 279 276 274 269 269 265 260 255 251 247 242 237 233 229 230 234 238 244 249 252 259 268 282 295 298 303 313 323 324 318 363 377 378 395 312 309 325 328 296 276 294 279 245 249 254 255 259 234 231 216 216 207 187 185 180 173 174 166 163 162 159 151 143 -9999
-9999 -9999 -9999 -9999 -9999 -9999 -9999 -9999 303 298 294 289 283 280 282 279 274 272 266 264 258 254 250 244 240 237 234 232 233 238 244 251 254 257 269 282 296 302 308 314 315 331 330 324 355 399 382 325 308 339 369 322 290 265 261 273 243 260 239 240 222 188 188 208 182 191 184 175 166 164 161 158 162 156 151 134 -9999
-9999 -9999 -9999 -9999 -9999 -9999 -9999 -9999 301 298 295 292 286 285 282 279 274 273 270 265 262 255 249 247 243 240 237 236 238 242 246 251 255 259 268 274 286 299 312 322 340 329 326 337 362 392 339 323 353 324 307 325 286 284 266 287 249 244 236 242 219 220 200 193 172 193 177 177 171 163 165 161 158 152 151 138 -9999
-9999 -9999 -9999 -9999 -9999 -9999 -9999 -9999 303 302 300 297 291 289 286 280 276 273 271 267 264 262 256 251 247 243 242 239 240 241 245 251 257 263 273 285 294 302 298 303 312 338 326 312 347 387 343 348 292 288 328 299 278 282 291 253 273 224 217 241 226 226 184 196 177 182 179 172 167 162 158 156 152 149 149 139 -9999
-9999 -9999 -9999 -9999 -9999 -9999 -9999 -9999 -9999 302 302 298 296 293 290 284 279 276 276 272 265 263 259 256 251 248 246 245 241 243 -9999 -9999 260 271 275 281 297 306 300 306 302 327 321 319 356 375 343 329 284 329 297 309 277 291 287 278 295 286 219 211 239 238 224 220 213 172 175 174 168 163 157 147 149 144 145 140 -9999
-9999 -9999 -9999 -9999 -9999 -9999 -9999 -9999 -9999 309 303 302 297 294 291 286 280 278 278 274 270 266 262 259 254 250 248 251 254 255 -9999 -9999 -9999 -9999 279 287 292 299 292 305 306 310 295 299 341 344 298 305 305 339 293 282 265 268 317 244 234 240 274 209 211 217 197 188 212 183 172 166 160 152 149 142 136 133 137 140 -9999
-9999 -9999 -9999 -9999 -9999 -9999 -9999 -9999 -9999 -9999 -9999 -9999 297 297 293 290 287 282 279 278 276 272 267 262 258 255 254 255 257 256 -9999 -9999 -9999 -9999 -9999 -9999 297 301 305 298 308 298 297 299 343 330 308 339 336 294 292 275 268 249 292 234 228 253 282 278 273 258 247 224 206 184 169 153 148 148 147 141 135 131 132 135 -9999
-9999 -9999 -9999 -9999 -9999 -9999 -9999 -9999 -9999 -9999 -9999 -9999 306 300 298 293 290 287 283 283 281 277 271 266 263 258 259 260 -9999 266 268 -9999 -9999 -9999 -9999 -9999 -9999 291 289 291 290 302 311 320 345 348 352 329 337 324 290 267 273 284 300 250 238 258 225 205 200 211 236 199 186 180 156 155 149 151 145 140 135 127 125 134 -9999
-9999 -9999 -9999 -9999 -9999 -9999 -9999 -9999 316 -9999 -9999 -9999 311 306 301 295 291 287 286 284 282 278 272 268 264 263 261 262 263 267 271 273 -9999 -9999 -9999 -9999 -9999 301 288 293 315 324 329 336 340 343 326 301 310 340 319 272 283 298 260 260 232 225 209 217 215 204 200 214 194 178 167 160 159 151 145 144 135 121 125 130 -9999
-9999 -9999 -9999 -9999 -9999 -9999 -9999 -9999 -9999 334 328 323 315 309 303 297 292 288 286 286 283 277 270 266 262 263 264 266 -9999 268 270 -9999 -9999 -9999 -9999 -9999 296 303 308 312 307 320 309 300 324 313 331 306 305 298 325 314 313 296 274 264 232 215 213 215 195 182 184 188 190 179 167 144 148 148 138 133 130 120 122 124 -9999
-9999 -9999 -9999 -9999 -9999 -9999 -9999 336 -9999 -9999 -9999 -9999 -9999 308 304 301 292 288 285 282 280 277 273 270 268 268 265 269 272 -9999 -9999 -9999 -9999 -9999 -9999 -9999 300 291 289 304 287 297 288 266 306 302 309 311 297 289 293 321 317 280 246 270 223 223 207 204 192 186 164 174 173 168 163 148 135 144 142 131 124 115 112 113 -9999
-9999 -9999 -9999 -9999 -9999 -9999 -9999 348 353 -9999 -9999 -9999 330 323 313 305 299 287 -9999 281 281 282 -9999 270 269 272 274 274 275 278 -9999 -9999 -9999 -9999 294 296 294 289 289 293 293 291 299 289 287 298 295 289 292 288 275 295 292 297 244 223 237 224 208 205 208 195 182 179 178 164 154 139 132 127 133 133 122 115 106 104 -9999
-9999 -9999 -9999 -9999 -9999 -9999 -9999 348 352 358 360 347 336 327 319 309 301 295 -9999 -9999 -9999 -9999 -9999 -9999 276 274 276 276 275 277 282 283 -9999 292 293 296 290 287 293 290 282 286 293 294 283 280 281 295 292 291 289 291 270 300 280 236 224 198 201 202 199 199 186 184 176 160 157 153 138 128 130 127 117 110 106 101 -9999
-9999 -9999 -9999 -9999 -9999 -9999 -9999 345 339 351 357 350 340 330 322 312 306 301 -9999 -9999 -9999 -9999 -9999 -9999 -9999 281 282 277 -9999 -9999 283 285 288 292 293 293 290 285 289 293 289 286 287 299 286 286 273 251 250 301 282 259 274 275 290 271 237 204 193 192 187 179 170 181 176 163 159 152 131 130 129 118 111 110 107 102 -9999
-9999 -9999 -9999 -9999 -9999 -9999 -9999 329 348 353 352 351 341 331 322 314 308 -9999 -9999 -9999 -9999 -9999 -9999 -9999 -9999 -9999 -9999 -9999 -9999 -9999 -9999 -9999 288 290 290 290 293 287 287 288 289 303 309 294 292 286 293 238 247 260 255 248 250 248 291 274 263 219 195 191 178 177 170 179 172 153 157 141 125 120 117 107 113 112 108 102 -9999
-9999 -9999 -9999 -9999 -9999 -9999 -9999 -9999 348 351 350 345 336 326 320 317 315 -9999 -9999 -9999 -9999 -9999 -9999 -9999 -9999 -9999 -9999 -9999 -9999 -9999 -9999 -9999 -9999 290 291 292 296 287 281 296 290 308 305 285 279 272 277 269 229 273 239 242 256 238 269 273 260 225 193 193 192 174 176 184 173 148 143 148 135 126 114 110 112 111 105 104 -9999
-9999 -9999 -9999 -9999 -9999 -9999 -9999 -9999 342 342 339 335 331 324 317 318 316 315 -9999 -9999 -9999 -9999 -9999 -9999 -9999 -9999 -9999 -9999 -9999 -9999 -9999 -9999 -9999 -9999 -9999 298 296 298 297 287 288 296 296 285 265 264 281 259 256 279 281 284 279 275 272 255 249 239 196 185 182 181 192 182 167 150 135 130 130 130 126 114 113 110 110 118 -9999
-9999 -9999 -9999 -9999 -9999 -9999 -9999 -9999 335 332 332 328 326 321 317 317 316 316 314 -9999 -9999 -9999 -9999 -9999 -9999 -9999 -9999 -9999 -9999 -9999 -9999 -9999 -9999 -9999 -9999 -9999 -9999 298 300 302 299 300 279 281 279 257 263 263 286 256 268 239 222 240 232 240 254 240 198 184 179 172 194 178 181 160 136 129 129 122 117 113 117 114 121 118 -9999
-9999 -9999 -9999 -9999 -9999 -9999 -9999 -9999 330 326 323 324 323 316 313 311 310 312 313 310 -9999 -9999 -9999 -9999 -9999 -9999 -9999 -9999 -9999 -9999 -9999 -9999 -9999 -9999 -9999 -9999 -9999 -9999 301 296 293 298 287 284 279 300 247 242 259 237 252 202 209 217 223 237 225 234 224 210 208 206 191 180 179 170 160 135 134 132 123 114 116 122 125 -9999 -9999
-9999 -9999 -9999 -9999 -9999 -9999 -9999 -9999 326 323 319 314 311 309 308 309 308 311 312 308 307 -9999 -9999 -9999 -9999 -9999 -9999 -9999 -9999 -9999 -9999 -9999 -9999 -9999 -9999 -9999 -9999 -9999 300 294 279 293 274 281 282 283 268 250 224 223 220 200 208 215 220 218 196 207 195 198 196 212 191 171 173 159 165 155 142 127 116 118 118 118 115 -9999 -9999
-9999 -9999 -9999 -9999 -9999 -9999 -9999 -9999 -9999 320 313 311 305 303 304 306 306 307 307 305 304 -9999 -9999 -9999 -9999 -9999 -9999 -9999 -9999 -9999 -9999 -9999 -9999 -9999 -9999 -9999 -9999 -9999 291 293 -9999 -9999 280 277 283 275 273 266 256 230 240 247 226 229 226 218 215 205 195 189 192 205 185 175 171 157 154 148 135 125 117 115 113 116 111 -9999 -9999
-9999 -9999 -9999 -9999 -9999 -9999 -9999 -9999 -9999 313 313 309 305 301 302 306 305 304 302 305 306 -9999 -9999 -9999 305 -9999 -9999 -9999 -9999 -9999 -9999 -9999 -9999 -9999 302 304 301 291 277 280 292 -9999 283 275 288 277 275 278 260 237 241 231 241 209 210 218 212 207 199 198 204 189 174 174 162 171 161 152 141 132 121 113 109 110 108 -9999 -9999
-9999 -9999 -9999 -9999 -9999 -9999 -9999 -9999 -9999 300 305 305 302 301 299 299 299 302 301 301 304 -9999 308 308 305 305 303 302 -9999 -9999 -9999 -9999 -9999 304 302 303 298 280 273 277 288 294 284 282 274 277 260 256 239 221 238 238 239 238 231 225 223 200 193 208 191 176 175 169 164 162 156 145 133 125 120 114 111 106 108 -9999 -9999
-9999 -9999 -9999 -9999 -9999 -9999 -9999 -9999 -9999 292 298 301 301 300 297 295 294 295 296 298 301 303 307 305 304 304 302 302 -9999 -9999 -9999 -9999 300 302 298 294 297 281 269 274 286 291 265 279 277 282 262 248 268 232 221 223 224 204 214 220 207 209 209 189 186 177 172 163 162 158 149 138 126 116 113 112 109 107 106 -9999 -9999
-9999 -9999 -9999 -9999 -9999 -9999 -9999 -9999 -9999 292 295 297 297 296 295 296 297 294 301 -9999 301 -9999 -9999 303 -9999 303 303 -9999 -9999 -9999 -9999 -9999 -9999 -9999 295 286 281 289 281 274 285 296 284 282 278 279 274 254 253 222 217 229 209 208 205 193 185 184 171 165 173 172 169 163 154 148 136 126 123 118 116 112 105 103 103 -9999 -9999
-9999 -9999 -9999 -9999 -9999 -9999 -9999 -9999 -9999 -9999 293 293 296 294 295 296 294 -9999 299 -9999 -9999 303 302 -9999 -9999 307 308 -9999 -9999 -9999 -9999 -9999 -9999 -9999 299 293 286 287 283 284 277 280 295 271 265 263 271 264 252 222 206 200 190 199 177 173 186 181 163 162 168 169 165 161 149 137 134 130 122 119 113 111 122 117 102 -9999 -9999
-9999 -9999 -9999 -9999 -9999 -9999 -9999 -9999 -9999 -9999 291 294 294 295 294 293 292 297 296 -9999 301 301 302 -9999 -9999 -9999 -9999 -9999 -9999 -9999 -9999 -9999 -9999 -9999 -9999 -9999 285 269 274 272 270 276 296 264 287 274 266 267 249 239 221 201 190 211 193 189 177 179 181 178 166 165 166 166 149 137 139 132 129 121 117 126 123 116 96 -9999 -9999
-9999 -9999 -9999 -9999 -9999 -9999 -9999 -9999 -9999 -9999 290 291 290 293 297 296 296 300 300 301 302 302 304 304 -9999 -9999 -9999 -9999 -9999 -9999 -9999 -9999 -9999 -9999 -9999 -9999 297 278 277 266 263 268 288 290 286 285 269 250 262 257 241 211 199 208 209 197 189 190 175 172 167 162 164 162 153 145 142 132 129 125 130 129 121 112 99 -9999 -9999
-9999 -9999 -9999 -9999 -9999 -9999 -9999 -9999 -9999 -9999 288 291 291 293 293 -9999 299 299 300 301 -9999 -9999 302 -9999 -9999 -9999 -9999 -9999 -9999 -9999 -9999 -9999 -9999 304 297 291 295 299 279 273 267 285 268 269 268 260 269 246 227 257 237 219 206 209 196 190 181 169 161 164 150 149 161 165 158 152 144 132 133 137 131 126 121 107 98 -9999 -9999
-9999 -9999 -9999 -9999 -9999 -9999 -9999 -9999 -9999 -9999 290 290 290 293 295 -9999 298 297 305 303 -9999 -9999 -9999 306 -9999 -9999 -9999 -9999 -9999 -9999 -9999 -9999 -9999 304 292 277 280 282 294 294 293 271 259 256 258 269 271 255 232 232 227 219 205 205 181 183 170 167 160 153 152 166 167 157 151 148 141 142 139 135 132 126 120 104 96 -9999 -9999
-9999 -9999 -9999 -9999 -9999 -9999 -9999 -9999 -9999 -9999 -9999 291 294 295 295 295 301 302 303 -9999 -9999 307 306 307 307 -9999 -9999 309 309 -9999 -9999 -9999 308 306 296 289 279 280 286 277 288 294 283 255 256 262 252 254 240 217 198 199 205 203 213 202 175 172 168 163 164 165 147 148 143 144 144 140 138 128 127 121 114 108 94 -9999 -9999
-9999 -9999 -9999 -9999 -9999 -9999 -9999 -9999 -9999 -9999 -9999 293 293 296 296 295 300 302 302 -9999 304 305 307 305 -9999 -9999 310 309 310 -9999 -9999 -9999 308 308 298 291 286 275 282 276 278 296 274 270 264 252 249 240 217 211 205 190 179 190 166 195 189 171 177 164 177 143 137 140 132 137 140 130 120 116 124 122 115 110 98 -9999 -9999
