L_edwardsianus/M_variables/Set1/bio1_.asc
NCOLS 77 
NROWS 221 
XLLCORNER -74.2083333333333 
YLLCORNER -46.25 
CELLSIZE 0.0416666666666666 
NODATA_value -9999 
[rows 110 to 131 of 221, columns 0 to 50 of 77]
-9999 -9999 -9999 -9999 -9999 -9999 -9999 -9999 -9999 -9999 -9999 -9999 10.8255205154419 10.9222221374512 10.8984375 10.9286766052246 10.9347829818726 10.8701667785645 10.7869997024536 10.7163333892822 10.6700000762939 10.6145000457764 10.5696668624878 10.484167098999 10.4591665267944 10.5791664123535 10.7523336410522 10.8844699859619 -9999 11.2312498092651 11.2583332061768 -9999 -9999 -9999 -9999 -9999 -9999 9.02316665649414 7.21433353424072 7.21816682815552 7.35833358764648 8.3241662979126 8.89933300018311 9.93769836425781 11.5027780532837 11.4795637130737 11.4104995727539 9.64883327484131 9.71483325958252 9.051833152771 7.22033357620239
-9999 -9999 -9999 -9999 -9999 -9999 -9999 -9999 11.0625 -9999 -9999 -9999 10.9294872283936 10.8999996185303 10.8356666564941 10.809666633606 10.8318328857422 10.7771663665771 10.7620000839233 10.724666595459 10.625 10.5290002822876 10.4833335876465 10.4788331985474 10.4181671142578 10.6326665878296 10.7860507965088 10.8176584243774 11.2083330154419 11.022159576416 11.0848484039307 11.2295837402344 -9999 -9999 -9999 -9999 -9999 10.0679483413696 8.24283313751221 8.85649967193604 10.3673248291016 10.8661108016968 11.2718753814697 11.3296298980713 11.4121379852295 11.0966663360596 9.5818338394165 6.9210000038147 7.29549980163574 10.7108335494995 10.0520000457764
-9999 -9999 -9999 -9999 -9999 -9999 -9999 -9999 -9999 10.6680555343628 10.8708333969116 10.8604164123535 10.896014213562 10.8319997787476 10.7536668777466 10.7361669540405 10.6983327865601 10.6573333740234 10.5965003967285 10.6094999313354 10.5933332443237 10.6248331069946 10.7208337783813 10.8402080535889 10.6951084136963 10.7604169845581 10.7901964187622 11.1009616851807 -9999 10.9898815155029 11.1916666030884 -9999 -9999 -9999 -9999 -9999 11.4916667938232 10.72678565979 10.3468751907349 11.0666666030884 9.45705127716064 10.3544273376465 8.5898551940918 7.18716669082642 9.32583332061768 8.57433319091797 9.47366619110107 6.4776668548584 6.77833318710327 7.53649997711182 10.5323333740234
-9999 -9999 -9999 -9999 -9999 -9999 -9999 10.7408332824707 -9999 -9999 -9999 -9999 -9999 10.8625001907349 10.8141670227051 10.7575759887695 10.7083330154419 10.6773338317871 10.6994314193726 10.7958335876465 10.7430553436279 10.7569446563721 10.8408727645874 10.9458332061768 10.9728174209595 11.0226564407349 11.1805553436279 11.0132246017456 11.0375003814697 -9999 -9999 -9999 -9999 -9999 -9999 -9999 10.6367425918579 8.82750034332275 7.55966663360596 9.42450046539307 7.36366653442383 8.10816669464111 6.62849998474121 3.81116676330566 6.29466676712036 6.63266658782959 8.52383327484131 8.16116619110107 6.49716663360596 6.23233318328857 7.25333309173584
-9999 -9999 -9999 -9999 -9999 -9999 -9999 10.6629905700684 10.7124996185303 -9999 -9999 -9999 10.7927083969116 10.8136901855469 10.7890625 10.7137498855591 10.8125 10.8944444656372 -9999 10.9250001907349 10.9499998092651 11.0687503814697 -9999 11.0270833969116 11.127082824707 11.125 11.1483974456787 11.1100873947144 10.962061882019 10.9604167938232 -9999 -9999 -9999 -9999 11.1966667175293 11.0366230010986 9.86699962615967 8.5644998550415 8.18299961090088 8.47799968719482 8.2098331451416 6.92366647720337 6.27516651153564 5.98816680908203 5.08850002288818 6.98999977111816 7.34466695785522 5.92150020599365 6.16433334350586 6.55516672134399 6.72116661071777
-9999 -9999 -9999 -9999 -9999 -9999 -9999 10.6802082061768 10.7291669845581 10.6687498092651 10.8166666030884 10.7802629470825 10.7583332061768 10.7228336334229 10.7196664810181 10.6818332672119 10.8315477371216 10.9066667556763 -9999 -9999 -9999 -9999 -9999 -9999 11.1833333969116 11.2124996185303 11.1791667938232 11.1700000762939 11.0287284851074 11.0625 11.0979166030884 11.2208337783813 -9999 11.3218746185303 11.0574998855591 10.627833366394 9.30550003051758 7.87666654586792 8.31766700744629 7.77600002288818 7.20816659927368 7.44316673278809 7.88600015640259 8.114333152771 6.99433326721191 6.07100009918213 5.4544997215271 6.77699995040894 7.00066661834717 7.53983354568481 8.77216625213623
-9999 -9999 -9999 -9999 -9999 -9999 -9999 10.2204999923706 9.98750019073486 10.3620004653931 10.6285257339478 10.7315216064453 10.7255001068115 10.6893329620361 10.6458330154419 10.683666229248 10.8773441314697 10.9826383590698 -9999 -9999 -9999 -9999 -9999 -9999 -9999 11.1958332061768 11.2572917938232 11.158332824707 -9999 -9999 10.9958333969116 11.0777778625488 11.2482147216797 11.1384468078613 10.8090000152588 10.7491664886475 9.79183292388916 8.14233303070068 7.27483320236206 8.28883361816406 8.28216648101807 8.2723331451416 7.91683340072632 9.73566627502441 7.11216688156128 5.89233350753784 5.1743335723877 3.89800000190735 3.61633324623108 7.69883346557617 7.35233354568481
-9999 -9999 -9999 -9999 -9999 -9999 -9999 9.56350040435791 10.2898330688477 10.5300722122192 10.5745830535889 10.7050437927246 10.6710004806519 10.5834999084473 10.5240001678467 10.7313594818115 10.8701391220093 -9999 -9999 -9999 -9999 -9999 -9999 -9999 -9999 -9999 -9999 -9999 -9999 -9999 -9999 -9999 11.2513885498047 11.0710935592651 10.8673334121704 10.8406667709351 10.8229999542236 9.60983371734619 8.426833152771 8.42483329772949 8.81550025939941 10.6616668701172 11.2890005111694 9.43416690826416 8.35200023651123 6.76283311843872 7.16400003433228 3.65083336830139 3.86766672134399 4.79699993133545 4.88166666030884
-9999 -9999 -9999 -9999 -9999 -9999 -9999 -9999 10.4680004119873 10.5641670227051 10.5791664123535 10.6861667633057 10.5494995117188 10.4834995269775 10.4411668777466 10.6036233901978 10.8686399459839 -9999 -9999 -9999 -9999 -9999 -9999 -9999 -9999 -9999 -9999 -9999 -9999 -9999 -9999 -9999 -9999 11.2437496185303 11.2188892364502 11.0998334884644 11.1746664047241 10.0056667327881 8.28783321380615 10.1556663513184 8.91684818267822 11.2503471374512 10.8913459777832 6.90033340454102 5.56549978256226 4.85216665267944 5.42449998855591 5.26766681671143 2.79233336448669 5.9801664352417 4.40016651153564
-9999 -9999 -9999 -9999 -9999 -9999 -9999 -9999 10.4731664657593 10.4733333587646 10.4230003356934 10.5683336257935 10.6471662521362 10.5511665344238 10.4458332061768 10.5063333511353 10.6481666564941 10.8785257339478 -9999 -9999 -9999 -9999 -9999 -9999 -9999 -9999 -9999 -9999 -9999 -9999 -9999 -9999 -9999 -9999 -9999 11.3680553436279 11.283332824707 11.3015155792236 10.9362497329712 9.37816619873047 9.45448684692383 10.4238424301147 9.92472171783447 7.15183353424072 4.40316677093506 4.28016662597656 5.71816682815552 4.93349981307983 5.01399993896484 8.04516696929932 9.21500015258789
-9999 -9999 -9999 -9999 -9999 -9999 -9999 -9999 10.3971662521362 10.4040002822876 10.4071664810181 10.4250001907349 10.5465002059937 10.4951667785645 10.3251667022705 10.4113330841064 10.4606666564941 10.7608337402344 10.9214916229248 -9999 -9999 -9999 -9999 -9999 -9999 -9999 -9999 -9999 -9999 -9999 -9999 -9999 -9999 -9999 -9999 -9999 -9999 11.15625 11.466667175293 11.2729167938232 11.0462961196899 11.1599998474121 8.40359878540039 7.42233324050903 6.0149998664856 4.60233306884766 4.95916652679443 5.58500003814697 7.84749984741211 5.90666675567627 7.08200025558472
-9999 -9999 -9999 -9999 -9999 -9999 -9999 -9999 10.4160003662109 10.4005002975464 10.3756666183472 10.4501667022705 10.4531669616699 10.4156665802002 10.2588329315186 10.2836666107178 10.3055000305176 10.6764497756958 10.8326387405396 10.9591665267944 -9999 -9999 -9999 -9999 -9999 -9999 -9999 -9999 -9999 -9999 -9999 -9999 -9999 -9999 -9999 -9999 -9999 -9999 11.2388887405396 10.5601444244385 9.84683322906494 10.9416666030884 9.19433307647705 7.9709997177124 5.90799999237061 8.40133285522461 4.68083333969116 3.94133329391479 5.38466644287109 3.83249998092651 5.87766695022583
-9999 -9999 -9999 -9999 -9999 -9999 -9999 -9999 10.4798336029053 10.377833366394 10.3618335723877 10.316499710083 10.3106670379639 10.2796669006348 10.1870002746582 10.1984996795654 10.3078336715698 10.7877607345581 10.8758335113525 10.8445653915405 10.8966665267944 -9999 -9999 -9999 -9999 -9999 -9999 -9999 -9999 -9999 -9999 -9999 -9999 -9999 -9999 -9999 -9999 -9999 11.1741666793823 10.5090274810791 8.63371181488037 10.4810609817505 8.15151500701904 8.22047138214111 7.78183317184448 7.95283317565918 6.09683322906494 4.6399998664856 2.98116660118103 3.28183341026306 2.9631667137146
-9999 -9999 -9999 -9999 -9999 -9999 -9999 -9999 -9999 10.3865003585815 10.2876663208008 10.2368335723877 10.2248334884644 10.1975002288818 10.1248331069946 10.1671667098999 10.2904996871948 10.5196666717529 10.5636901855469 10.9611110687256 10.9041662216187 -9999 -9999 -9999 -9999 -9999 -9999 -9999 -9999 -9999 -9999 -9999 -9999 -9999 -9999 -9999 -9999 -9999 9.61666679382324 9.68958377838135 -9999 -9999 8.47281742095947 7.79484128952026 8.02973461151123 7.36299991607666 7.19533348083496 6.01283311843872 5.95433330535889 4.13850021362305 4.99100017547607
-9999 -9999 -9999 -9999 -9999 -9999 -9999 -9999 -9999 9.99933338165283 10.4896669387817 10.1883335113525 10.1011667251587 10.1863327026367 10.1426668167114 10.1291666030884 10.3011665344238 10.4151668548584 10.466833114624 10.7008676528931 10.9723958969116 -9999 -9999 -9999 11.3041667938232 -9999 -9999 -9999 -9999 -9999 -9999 -9999 -9999 -9999 11.3833332061768 11.3125 11.0275001525879 9.6991662979126 7.9283332824707 8.27516651153564 10.1976184844971 -9999 8.91833305358887 8.02166652679443 10.0871667861938 8.55300045013428 7.56433343887329 7.81183338165283 6.114333152771 4.38533353805542 5.02150011062622
-9999 -9999 -9999 -9999 -9999 -9999 -9999 -9999 -9999 9.44433307647705 10.2858333587646 10.4171667098999 10.2495002746582 10.260666847229 10.162166595459 10.2489995956421 10.364333152771 10.4490003585815 10.7971668243408 10.7670135498047 10.8864583969116 -9999 11.1175003051758 11.1416664123535 11.1791667938232 11.25 11.0711107254028 10.9453706741333 -9999 -9999 -9999 -9999 -9999 11.2322912216187 11.1973962783813 11.150333404541 10.703332901001 8.38183307647705 7.47866678237915 8.23900032043457 9.88974380493164 11.2124996185303 9.11764717102051 8.47719287872314 8.31433296203613 7.1526665687561 5.63850021362305 5.33099985122681 4.38933324813843 3.34299993515015 4.98666667938232
-9999 -9999 -9999 -9999 -9999 -9999 -9999 -9999 -9999 9.32066631317139 10.1859998703003 10.3000001907349 10.2156667709351 10.1731662750244 10.22350025177 10.3296661376953 10.514666557312 10.5444993972778 10.7630681991577 10.629545211792 10.7850694656372 11.0104169845581 10.9638156890869 11.173397064209 11.2697916030884 11.1591663360596 11.0051584243774 11.142707824707 -9999 -9999 -9999 -9999 11.375 11.2289352416992 10.5395832061768 9.42266654968262 10.3121662139893 8.68383312225342 7.1399998664856 7.71233320236206 9.35196113586426 10.6266670227051 7.61016654968262 8.27483367919922 6.75699996948242 7.91249990463257 5.81316661834717 4.94299983978271 6.7664999961853 4.46683359146118 3.68899989128113
-9999 -9999 -9999 -9999 -9999 -9999 -9999 -9999 -9999 9.83766651153564 10.146333694458 10.03600025177 10.2666664123535 10.2781248092651 10.4866666793823 10.7250003814697 10.8999996185303 10.6604166030884 10.8819446563721 -9999 11.0791664123535 -9999 -9999 11.2666664123535 -9999 11.0916662216187 11.1208333969116 -9999 -9999 -9999 -9999 -9999 -9999 -9999 10.5258331298828 8.65516662597656 7.90933322906494 8.84049987792969 7.86100006103516 6.80749988555908 8.46177577972412 10.8291664123535 9.85122585296631 9.80433368682861 8.52299976348877 7.84866666793823 6.73283338546753 6.1085000038147 6.30216646194458 4.44316673278809 4.34766674041748
-9999 -9999 -9999 -9999 -9999 -9999 -9999 -9999 -9999 -9999 10.1563329696655 10.2963333129883 10.6298608779907 10.7003784179688 10.4695177078247 10.5405559539795 10.5973958969116 -9999 10.9934024810791 -9999 -9999 11.0283336639404 11.1347227096558 -9999 -9999 11.2452383041382 11.2361116409302 -9999 -9999 -9999 -9999 -9999 -9999 -9999 11.2520837783813 10.5238885879517 9.03072929382324 8.68683338165283 7.74683332443237 6.95866680145264 7.10116672515869 9.03211784362793 10.9822912216187 7.11316633224487 5.67766666412354 6.00266647338867 7.510666847229 7.19549989700317 6.63233327865601 4.68300008773804 3.54949998855591
-9999 -9999 -9999 -9999 -9999 -9999 -9999 -9999 -9999 -9999 10.599479675293 10.7435188293457 10.4393329620361 10.684027671814 10.7123012542725 10.4596662521362 10.5320510864258 10.9583330154419 10.90625 -9999 11.0958337783813 11.1428031921387 11.2166662216187 -9999 -9999 -9999 -9999 -9999 -9999 -9999 -9999 -9999 -9999 -9999 -9999 -9999 8.99270820617676 6.76716661453247 7.36199998855591 6.56083345413208 6.86500024795532 8.63850021362305 10.9312496185303 6.37116670608521 7.9321665763855 7.69899988174438 8.24699974060059 8.87033367156982 7.08300018310547 5.92066669464111 5.00566673278809
-9999 -9999 -9999 -9999 -9999 -9999 -9999 -9999 -9999 -9999 10.5662279129028 10.6119441986084 10.6160411834717 10.7608337402344 10.8677082061768 10.7236108779907 10.6358337402344 10.7854166030884 10.8138885498047 11.0749998092651 11.0356254577637 11.1220836639404 11.0982637405396 11.1750001907349 -9999 -9999 -9999 -9999 -9999 -9999 -9999 -9999 -9999 -9999 -9999 -9999 10.097222328186 8.59053039550781 8.32933330535889 6.72983312606812 6.62083339691162 7.80483341217041 9.98999977111816 9.77083301544189 10.1586666107178 10.5966663360596 9.2631664276123 7.54300022125244 8.51633358001709 8.25233364105225 6.76733350753784
-9999 -9999 -9999 -9999 -9999 -9999 -9999 -9999 -9999 -9999 10.4648809432983 10.4206523895264 10.231333732605 10.5263891220093 10.7435607910156 -9999 10.7791662216187 10.6695833206177 10.8518943786621 10.9624996185303 -9999 -9999 11.1270837783813 -9999 -9999 -9999 -9999 -9999 -9999 -9999 -9999 -9999 -9999 10.9743585586548 9.97187519073486 9.05722236633301 9.59924221038818 10.4107141494751 8.72598075866699 7.77898550033569 7.70283317565918 10.1216669082642 7.44933319091797 6.67016649246216 7.05616664886475 6.21999979019165 8.46000003814697 6.77600002288818 4.90299987792969 8.31066703796387 6.57800006866455
