L_edwardsianus/M_variables/Set1/bio14_.asc
NCOLS 77 
NROWS 221 
XLLCORNER -74.2083333333333 
YLLCORNER -46.25 
CELLSIZE 0.0416666666666666 
NODATA_value -9999 
[rows 51 to 101 of 221, columns 0 to 76 of 77]
-9999 -9999 -9999 -9999 -9999 -9999 -9999 -9999 -9999 -9999 -9999 -9999 -9999 -9999 -9999 -9999 -9999 -9999 -9999 -9999 -9999 -9999 44 45 46 46 47 46 47 47 46 48 46 48 49 51 52 51 54 54 57 59 61 62 65 65 68 70 72 73 73 70 57 49 51 49 51 60 58 48 47 36 -9999 -9999 -9999 -9999 -9999 -9999 -9999 -9999 -9999 -9999 -9999 -9999 -9999 -9999 -9999
-9999 -9999 -9999 -9999 -9999 -9999 -9999 -9999 -9999 -9999 -9999 -9999 -9999 -9999 -9999 -9999 -9999 -9999 -9999 -9999 -9999 -9999 -9999 47 48 47 50 50 50 50 49 48 50 51 52 54 52 55 58 56 59 61 63 65 67 67 69 71 70 70 70 70 70 69 59 48 62 61 56 55 47 43 -9999 -9999 -9999 -9999 -9999 -9999 -9999 -9999 -9999 -9999 -9999 -9999 -9999 -9999 -9999
-9999 -9999 -9999 -9999 -9999 -9999 -9999 -9999 -9999 -9999 -9999 -9999 -9999 -9999 -9999 -9999 -9999 -9999 -9999 -9999 -9999 -9999 -9999 48 49 49 49 50 51 51 52 51 52 51 54 55 55 56 59 59 60 62 63 65 67 68 70 70 69 70 70 70 69 69 69 66 64 63 60 38 37 33 -9999 -9999 -9999 -9999 -9999 -9999 -9999 -9999 -9999 -9999 -9999 -9999 -9999 -9999 -9999
-9999 -9999 -9999 -9999 -9999 -9999 -9999 -9999 -9999 -9999 -9999 -9999 -9999 -9999 -9999 -9999 -9999 -9999 -9999 -9999 -9999 -9999 -9999 49 50 54 52 51 53 52 51 53 54 55 55 56 57 59 59 61 62 63 65 67 68 67 70 71 72 72 72 72 72 70 68 66 64 61 60 56 46 38 46 -9999 -9999 -9999 -9999 -9999 -9999 -9999 -9999 -9999 -9999 -9999 -9999 -9999 -9999
-9999 -9999 -9999 -9999 -9999 -9999 -9999 -9999 -9999 -9999 -9999 -9999 -9999 -9999 -9999 -9999 -9999 -9999 -9999 -9999 -9999 -9999 -9999 49 50 54 53 53 54 54 53 54 55 55 56 57 58 59 59 61 63 64 66 67 68 70 71 71 71 72 73 71 64 57 50 51 58 57 59 58 56 54 50 -9999 -9999 -9999 -9999 -9999 -9999 -9999 -9999 -9999 -9999 -9999 -9999 -9999 -9999
-9999 -9999 -9999 -9999 -9999 -9999 -9999 -9999 -9999 -9999 -9999 -9999 -9999 -9999 -9999 -9999 -9999 -9999 -9999 -9999 -9999 -9999 -9999 53 53 55 54 52 54 54 54 54 56 56 56 58 58 60 61 62 64 65 67 68 69 71 72 72 65 61 65 64 54 42 36 39 38 42 47 41 54 49 42 -9999 -9999 -9999 -9999 -9999 -9999 -9999 -9999 -9999 -9999 -9999 -9999 -9999 -9999
-9999 -9999 -9999 -9999 -9999 -9999 -9999 -9999 -9999 -9999 -9999 -9999 -9999 -9999 -9999 -9999 -9999 -9999 -9999 -9999 -9999 -9999 -9999 53 54 53 55 54 53 54 55 55 56 56 56 58 58 58 59 61 60 65 67 68 63 65 70 73 73 69 68 61 52 38 35 33 33 41 43 37 40 48 38 46 -9999 -9999 -9999 -9999 -9999 -9999 -9999 -9999 -9999 -9999 -9999 -9999 -9999
-9999 -9999 -9999 -9999 -9999 -9999 -9999 -9999 -9999 -9999 -9999 -9999 -9999 -9999 -9999 -9999 -9999 -9999 -9999 -9999 -9999 -9999 54 55 56 54 54 54 53 52 54 55 56 56 56 58 59 60 61 62 62 65 63 65 68 65 70 70 72 74 73 70 53 40 36 35 39 35 35 29 30 38 32 42 -9999 -9999 -9999 -9999 -9999 -9999 -9999 -9999 -9999 -9999 -9999 -9999 -9999
-9999 -9999 -9999 -9999 -9999 -9999 -9999 -9999 -9999 -9999 -9999 -9999 -9999 -9999 -9999 -9999 -9999 -9999 -9999 -9999 -9999 -9999 53 56 55 54 55 54 51 52 53 54 56 57 57 57 58 59 61 63 64 66 67 68 69 70 72 71 71 72 72 72 65 55 52 49 44 40 32 27 28 29 29 37 30 -9999 -9999 -9999 -9999 -9999 -9999 -9999 -9999 -9999 -9999 -9999 -9999
-9999 -9999 -9999 -9999 -9999 -9999 -9999 -9999 -9999 -9999 -9999 -9999 -9999 -9999 -9999 -9999 -9999 -9999 -9999 -9999 -9999 -9999 58 57 55 54 51 51 51 52 53 55 56 57 57 57 56 58 60 61 63 65 66 68 69 71 72 72 72 73 72 71 70 67 60 50 42 39 33 30 27 28 30 32 29 -9999 -9999 -9999 -9999 -9999 -9999 -9999 -9999 -9999 -9999 -9999 -9999
-9999 -9999 -9999 -9999 -9999 -9999 -9999 -9999 -9999 -9999 -9999 -9999 -9999 -9999 -9999 -9999 -9999 -9999 -9999 -9999 -9999 60 56 56 56 52 51 50 51 52 54 54 55 56 57 58 59 60 59 60 63 65 66 66 69 70 72 73 73 67 60 53 56 67 68 55 48 47 38 37 31 28 29 27 24 -9999 -9999 -9999 -9999 -9999 -9999 -9999 -9999 -9999 -9999 -9999 -9999
-9999 -9999 -9999 -9999 -9999 -9999 -9999 -9999 -9999 -9999 -9999 -9999 -9999 -9999 -9999 -9999 -9999 -9999 -9999 -9999 62 58 56 58 54 53 52 51 52 53 54 54 54 55 56 58 59 60 62 62 63 64 65 67 68 70 71 71 67 62 61 54 49 47 62 54 57 46 43 35 34 34 30 26 20 19 -9999 -9999 -9999 -9999 -9999 -9999 -9999 -9999 -9999 -9999 -9999
-9999 -9999 -9999 -9999 -9999 -9999 -9999 -9999 -9999 -9999 -9999 -9999 -9999 -9999 -9999 -9999 -9999 -9999 -9999 62 60 55 58 58 55 55 54 53 53 53 53 53 53 54 56 57 59 60 61 61 62 63 64 65 67 69 70 71 56 51 55 51 47 57 58 66 59 37 46 38 30 31 36 29 25 22 -9999 -9999 -9999 -9999 -9999 -9999 -9999 -9999 -9999 -9999 -9999
-9999 -9999 -9999 -9999 -9999 -9999 -9999 -9999 -9999 -9999 -9999 -9999 -9999 -9999 -9999 -9999 -9999 -9999 -9999 63 59 59 60 59 57 57 55 54 53 52 52 52 52 53 54 56 58 59 60 61 63 63 63 63 64 65 67 69 65 51 54 59 50 60 65 52 64 48 48 34 31 34 38 33 35 29 -9999 -9999 -9999 -9999 -9999 -9999 -9999 -9999 -9999 -9999 -9999
-9999 -9999 -9999 -9999 -9999 -9999 -9999 -9999 -9999 -9999 -9999 -9999 -9999 -9999 -9999 -9999 -9999 -9999 -9999 62 58 59 60 59 57 55 55 54 53 52 51 51 51 51 53 55 57 58 59 60 62 62 63 60 58 55 55 55 66 69 67 55 58 67 52 45 53 55 48 38 34 36 29 29 34 34 33 -9999 -9999 -9999 -9999 -9999 -9999 -9999 -9999 -9999 -9999
-9999 -9999 -9999 -9999 -9999 -9999 -9999 -9999 -9999 -9999 -9999 -9999 -9999 -9999 -9999 -9999 -9999 -9999 -9999 61 62 61 61 61 58 55 53 53 52 51 50 50 49 50 52 53 55 57 59 60 62 60 63 66 67 65 58 49 57 71 70 66 64 68 57 48 42 37 47 38 33 36 36 36 30 25 23 -9999 -9999 -9999 -9999 -9999 -9999 -9999 -9999 -9999 -9999
-9999 -9999 -9999 -9999 -9999 -9999 -9999 -9999 -9999 -9999 -9999 -9999 -9999 -9999 -9999 -9999 -9999 64 64 62 61 61 61 61 58 54 53 51 51 50 49 49 49 49 50 52 54 56 58 60 61 61 62 61 59 67 69 59 52 63 69 63 60 61 59 49 43 36 43 34 34 30 32 30 28 29 27 22 -9999 -9999 -9999 -9999 -9999 -9999 -9999 -9999 -9999
-9999 -9999 -9999 -9999 -9999 -9999 -9999 -9999 -9999 -9999 -9999 -9999 -9999 -9999 -9999 -9999 65 61 60 63 62 60 60 59 58 57 54 51 50 49 49 51 50 48 49 51 53 55 58 60 60 59 59 55 53 52 62 71 70 71 64 44 41 45 52 53 50 45 42 33 35 30 27 27 25 24 25 27 -9999 -9999 -9999 -9999 -9999 -9999 -9999 -9999 -9999
-9999 -9999 -9999 -9999 -9999 -9999 -9999 -9999 -9999 -9999 -9999 -9999 -9999 -9999 64 65 61 57 59 63 60 61 58 57 55 56 54 51 49 49 50 50 48 47 49 50 52 55 58 60 61 60 57 53 52 51 51 51 59 61 49 40 38 40 48 53 47 45 48 36 40 29 27 27 29 24 22 20 -9999 -9999 -9999 -9999 -9999 -9999 -9999 -9999 -9999
-9999 -9999 -9999 -9999 -9999 -9999 -9999 -9999 -9999 -9999 -9999 -9999 63 63 61 63 64 56 54 58 57 57 56 52 51 54 52 50 49 48 49 48 45 45 49 50 52 54 57 60 62 61 59 58 52 51 49 48 48 48 48 39 40 45 50 46 41 37 39 48 41 30 30 28 31 31 22 21 21 -9999 -9999 -9999 -9999 -9999 -9999 -9999 -9999
-9999 -9999 -9999 -9999 -9999 -9999 -9999 -9999 -9999 -9999 -9999 -9999 64 64 64 60 57 57 55 52 52 53 54 51 52 53 51 49 47 47 46 45 44 45 47 50 52 55 57 60 62 61 60 57 54 51 48 48 53 58 44 45 46 50 52 42 44 34 38 53 37 33 33 31 30 33 32 29 29 -9999 -9999 -9999 -9999 -9999 -9999 -9999 -9999
-9999 -9999 -9999 -9999 -9999 -9999 -9999 -9999 -9999 -9999 -9999 -9999 -9999 63 61 57 54 53 52 53 51 50 50 50 49 49 48 47 46 45 44 44 44 47 47 49 52 54 57 60 63 64 65 64 57 51 46 51 59 54 45 48 40 60 39 45 41 33 37 46 36 32 29 30 29 24 25 23 27 -9999 -9999 -9999 -9999 -9999 -9999 -9999 -9999
-9999 -9999 -9999 -9999 -9999 -9999 -9999 -9999 -9999 -9999 -9999 -9999 -9999 63 58 53 51 50 51 51 51 50 49 49 49 48 46 45 45 44 44 44 44 45 47 49 52 55 58 61 64 66 70 72 75 64 49 57 70 61 53 45 44 63 40 51 35 32 33 39 46 37 27 29 33 28 28 25 26 28 -9999 -9999 -9999 -9999 -9999 -9999 -9999
-9999 -9999 -9999 -9999 -9999 -9999 -9999 -9999 -9999 -9999 -9999 -9999 62 62 60 56 51 50 50 50 50 50 49 48 48 46 45 44 46 45 43 43 44 45 47 50 53 55 59 61 64 67 68 70 72 75 76 70 51 45 50 53 61 64 47 56 39 34 33 38 39 47 41 39 36 37 38 35 33 33 -9999 -9999 -9999 -9999 -9999 -9999 -9999
-9999 -9999 -9999 -9999 -9999 -9999 -9999 -9999 -9999 -9999 -9999 62 62 60 58 55 51 50 49 50 50 49 48 48 46 45 44 43 43 42 42 42 43 45 47 50 53 56 60 63 65 65 68 70 71 73 75 68 62 63 77 77 78 69 64 39 35 32 31 40 33 41 37 40 40 34 36 33 31 26 20 -9999 -9999 -9999 -9999 -9999 -9999
-9999 -9999 -9999 -9999 -9999 -9999 -9999 -9999 -9999 -9999 -9999 61 61 59 57 52 51 51 50 50 49 49 47 46 45 44 43 42 41 40 40 41 43 45 47 50 53 57 61 64 64 66 68 70 72 73 75 80 74 78 75 72 79 71 61 42 41 32 35 37 31 36 28 30 31 32 26 24 24 20 19 -9999 -9999 -9999 -9999 -9999 -9999
-9999 -9999 -9999 -9999 -9999 -9999 -9999 -9999 -9999 -9999 -9999 58 59 58 55 55 54 53 52 49 49 49 47 45 44 43 41 41 40 39 39 40 42 45 48 51 55 58 61 64 65 67 69 70 73 76 79 79 81 77 80 79 78 64 43 49 46 38 34 31 30 32 35 26 28 25 23 26 21 23 18 -9999 -9999 -9999 -9999 -9999 -9999
-9999 -9999 -9999 -9999 -9999 -9999 -9999 -9999 -9999 -9999 -9999 57 53 54 55 54 53 52 53 50 50 49 47 45 43 42 41 41 40 39 39 39 42 46 49 53 56 59 62 66 66 68 72 75 77 77 79 81 83 84 78 71 82 81 77 64 57 49 36 34 33 30 28 29 28 26 28 30 27 25 19 17 -9999 -9999 -9999 -9999 -9999
-9999 -9999 -9999 -9999 -9999 -9999 -9999 -9999 -9999 -9999 60 59 55 53 52 53 53 53 53 50 50 48 47 45 43 42 41 40 40 39 38 39 42 46 50 54 58 61 63 67 69 70 67 66 65 62 70 71 86 81 85 80 81 76 63 43 50 52 53 43 34 31 31 31 32 30 28 22 24 28 24 20 -9999 -9999 -9999 -9999 -9999
-9999 -9999 -9999 -9999 -9999 -9999 -9999 -9999 -9999 -9999 60 59 55 53 52 52 52 51 52 49 49 48 46 44 43 42 41 40 41 40 40 42 44 48 51 55 59 62 65 68 69 69 67 62 58 60 57 73 75 66 78 71 71 68 49 48 38 38 38 40 31 32 28 27 29 30 23 22 21 22 25 24 -9999 -9999 -9999 -9999 -9999
-9999 -9999 -9999 -9999 -9999 -9999 -9999 -9999 -9999 -9999 60 59 56 54 54 52 51 52 51 50 49 48 47 44 44 42 42 41 42 42 43 44 46 49 53 57 61 64 67 70 71 70 65 62 59 48 55 49 53 66 75 63 68 72 52 43 44 38 34 32 33 32 34 34 33 24 22 22 22 20 21 25 18 -9999 -9999 -9999 -9999
-9999 -9999 -9999 -9999 -9999 -9999 -9999 -9999 -9999 -9999 60 58 57 56 55 54 52 52 52 49 48 47 47 45 44 43 43 43 43 44 45 47 49 52 55 59 63 66 70 72 73 73 68 62 59 47 46 43 43 49 64 48 55 57 49 46 38 44 39 31 36 35 35 28 27 30 29 28 26 26 25 26 22 -9999 -9999 -9999 -9999
-9999 -9999 -9999 -9999 -9999 -9999 -9999 -9999 -9999 -9999 -9999 59 57 56 55 52 52 52 51 51 49 47 47 46 45 44 44 44 45 46 47 49 52 55 58 61 65 68 71 74 76 76 74 68 62 58 50 45 42 44 49 41 43 45 45 44 39 41 48 33 31 34 28 37 28 24 23 23 22 21 21 22 25 22 -9999 -9999 -9999
-9999 -9999 -9999 -9999 -9999 -9999 -9999 -9999 -9999 -9999 -9999 59 58 56 54 54 53 51 52 50 48 47 47 46 47 46 46 46 46 48 49 51 54 56 59 63 66 70 73 76 79 81 79 70 63 64 68 51 44 41 38 43 48 48 43 40 40 45 52 38 34 34 27 24 33 31 22 22 20 18 19 21 20 20 -9999 -9999 -9999
-9999 -9999 -9999 -9999 -9999 -9999 -9999 -9999 -9999 -9999 59 60 57 56 54 53 53 52 50 49 48 48 47 46 47 47 47 48 49 50 51 52 55 57 60 63 67 71 75 78 81 84 86 82 77 66 53 57 55 44 39 51 62 48 49 39 35 36 50 47 43 38 34 34 36 37 28 24 24 21 18 18 19 20 -9999 -9999 -9999
-9999 -9999 -9999 -9999 -9999 -9999 -9999 -9999 -9999 61 59 58 56 55 54 53 53 52 50 49 49 48 47 48 47 47 48 48 49 50 51 53 55 58 61 65 69 73 76 78 81 84 87 91 94 90 93 95 90 82 78 77 63 62 46 39 39 43 45 50 45 39 29 26 28 28 32 34 32 28 26 23 20 22 17 -9999 -9999
-9999 -9999 -9999 -9999 -9999 -9999 -9999 -9999 -9999 61 60 57 56 54 54 53 54 52 50 49 49 48 47 48 48 47 47 48 49 50 52 54 56 59 62 66 70 74 76 80 82 85 89 92 97 100 75 64 67 84 75 72 51 51 40 39 36 41 46 48 45 40 28 26 25 23 22 22 24 26 28 27 25 25 19 -9999 -9999
-9999 -9999 -9999 -9999 -9999 -9999 -9999 -9999 62 60 60 60 58 56 54 53 53 52 50 50 49 48 49 47 47 47 48 48 49 51 52 55 58 60 64 68 72 77 81 84 88 89 94 95 93 90 69 61 51 58 55 47 47 43 40 45 45 50 52 48 48 39 28 27 24 24 24 24 23 22 21 19 20 23 23 -9999 -9999
-9999 -9999 -9999 -9999 -9999 -9999 -9999 -9999 62 61 61 58 56 56 55 54 53 52 51 50 50 50 49 48 47 47 48 49 50 51 53 55 58 62 65 70 71 73 76 81 86 88 95 93 74 77 72 58 47 42 44 47 46 40 36 38 39 35 37 50 51 46 37 27 25 23 21 21 20 19 19 21 23 22 24 18 -9999
-9999 -9999 -9999 -9999 -9999 -9999 -9999 -9999 62 59 60 59 56 56 55 54 53 53 52 52 52 50 49 48 48 48 48 49 50 52 54 56 59 63 67 70 73 74 77 80 83 87 92 103 92 71 58 57 57 65 48 54 49 42 37 37 41 43 49 46 50 45 43 34 28 25 22 20 20 21 21 21 18 22 24 20 -9999
-9999 -9999 -9999 -9999 -9999 -9999 -9999 65 62 60 58 58 57 56 55 54 54 54 54 53 52 51 50 49 48 48 49 50 51 53 55 57 60 63 68 72 77 81 86 87 86 94 95 99 106 96 90 103 113 95 51 52 67 43 41 36 35 44 41 32 40 46 43 40 36 26 25 21 19 19 20 17 17 19 23 22 -9999
-9999 -9999 -9999 -9999 -9999 -9999 -9999 64 65 63 60 58 57 57 56 56 55 54 53 52 52 52 51 50 48 48 49 51 52 54 57 59 62 65 69 72 77 83 89 92 91 95 103 107 112 112 111 112 108 98 66 52 66 70 44 40 36 40 32 35 28 33 42 37 36 32 25 20 19 18 18 17 16 17 17 21 -9999
-9999 -9999 -9999 -9999 -9999 -9999 -9999 66 65 62 59 59 59 58 57 58 56 55 54 54 54 53 52 51 50 50 51 52 54 56 59 62 64 68 71 75 79 83 89 95 90 87 87 98 88 85 71 56 59 74 60 49 90 75 65 54 39 36 35 32 29 31 39 39 35 33 32 28 24 19 18 18 18 18 19 22 -9999
-9999 -9999 -9999 -9999 -9999 -9999 69 65 64 62 60 59 59 60 61 59 57 56 56 55 55 54 54 53 53 52 53 55 57 60 62 61 59 63 72 76 80 86 92 95 88 78 94 78 68 60 48 68 86 77 55 61 97 49 44 39 40 40 37 32 29 30 33 40 37 34 28 23 25 22 21 20 20 20 22 22 -9999
-9999 -9999 -9999 -9999 -9999 -9999 67 65 63 61 61 62 62 62 62 59 58 58 58 58 57 56 55 55 55 55 55 57 60 63 63 60 61 63 66 70 74 82 93 91 86 77 80 67 67 62 90 102 89 96 62 51 106 64 67 58 40 49 46 46 46 40 40 41 38 36 33 30 27 24 23 23 23 24 21 18 18
-9999 -9999 -9999 -9999 -9999 -9999 71 67 65 63 63 64 63 65 63 61 59 59 59 59 58 57 56 57 57 57 58 60 62 64 64 63 63 65 67 70 74 80 95 85 72 68 60 83 102 102 107 130 132 125 66 64 121 85 89 74 55 47 36 35 31 28 36 38 37 35 34 32 30 28 26 25 25 23 19 18 19
-9999 -9999 -9999 -9999 -9999 -9999 73 70 66 63 63 65 67 67 64 63 61 60 60 61 60 60 59 59 59 60 61 62 64 65 64 65 66 67 69 71 75 79 94 76 50 51 87 117 122 128 133 131 108 104 120 126 84 46 48 52 49 47 36 34 34 40 33 25 31 33 33 32 30 29 27 25 24 22 20 19 19
-9999 -9999 -9999 -9999 -9999 -9999 -9999 73 68 65 64 65 68 68 66 65 63 63 62 62 61 61 61 61 62 63 64 65 68 68 67 68 69 70 71 73 76 79 85 88 77 88 105 93 88 107 136 62 59 53 105 101 67 62 36 30 37 40 33 38 41 33 26 26 25 25 29 28 26 27 26 23 23 22 21 19 18
-9999 -9999 -9999 -9999 -9999 -9999 -9999 75 72 67 68 68 69 68 67 67 66 65 64 63 63 63 63 63 64 66 67 68 70 71 70 71 72 73 73 75 78 81 84 89 97 104 76 62 60 68 132 63 51 70 97 44 46 48 40 32 34 37 35 30 28 27 25 24 22 21 26 29 25 24 22 22 20 20 21 20 18
-9999 -9999 -9999 -9999 -9999 -9999 -9999 -9999 74 70 71 71 69 67 67 68 67 67 66 65 65 65 65 66 67 68 70 72 73 72 73 74 75 75 76 81 85 89 88 91 94 100 102 79 61 74 127 65 54 90 90 88 68 62 51 38 34 40 44 39 33 32 26 24 23 24 31 22 19 20 18 21 19 19 18 18 17
-9999 -9999 -9999 -9999 -9999 -9999 -9999 -9999 77 75 71 71 69 68 68 69 69 69 69 68 68 68 68 68 69 72 74 75 77 77 76 77 79 80 82 85 85 87 90 97 102 104 105 109 77 75 115 96 60 101 49 61 83 57 46 39 36 36 31 37 34 39 36 25 32 28 22 19 19 18 19 20 20 18 18 17 16
