L_edwardsianus/M_variables/Set1/bio11_.asc
NCOLS 77 
NROWS 221 
XLLCORNER -74.2083333333333 
YLLCORNER -46.25 
CELLSIZE 0.0416666666666666 
NODATA_value -9999 
[rows 154 to 175 of 221, columns 0 to 49 of 77]
-9999 -9999 -9999 -9999 -9999 -9999 -9999 -9999 -9999 -9999 -9999 -9999 -9999 -9999 -9999 -9999 -9999 -9999 -9999 -9999 -9999 -9999 -9999 -9999 -9999 -9999 7.05000019073486 6.29736852645874 4.22533321380615 5.94466638565063 5.0019998550415 4.41666650772095 2.6800000667572 -0.490666657686234 0.0846666917204857 0.0286666546016932 1.38133335113525 1.26999998092651 2.88000011444092 2.88266682624817 -0.359333336353302 -0.331333309412003 1.42133331298828 1.14733326435089 4.44799995422363 1.47466671466827 -0.45866671204567 -0.86599999666214 0.365999966859818 3.84866666793823
-9999 -9999 -9999 -9999 -9999 -9999 -9999 -9999 -9999 -9999 -9999 -9999 -9999 -9999 -9999 -9999 -9999 -9999 -9999 -9999 -9999 -9999 -9999 -9999 -9999 -9999 -9999 6.07333326339722 6.09420299530029 5.9506664276123 5.84800004959106 4.32466650009155 1.19133329391479 0.187333345413208 3.16866660118103 4.36399984359741 3.75133347511292 1.14200007915497 -0.253333330154419 0.927999973297119 0.501333296298981 -0.768666684627533 -0.659999966621399 0.759333312511444 4.22666645050049 1.55133330821991 -0.231333360075951 -0.787333309650421 0.143999978899956 1.71466672420502
-9999 -9999 -9999 -9999 -9999 -9999 -9999 -9999 -9999 -9999 -9999 -9999 -9999 -9999 -9999 -9999 -9999 -9999 -9999 -9999 -9999 -9999 -9999 -9999 -9999 -9999 -9999 -9999 6.66666698455811 5.55733346939087 6.16933345794678 4.56266689300537 5.05266666412354 5.29133319854736 5.07933330535889 4.1879997253418 1.21733331680298 1.07666671276093 -0.712666690349579 0.24399995803833 1.43666672706604 0.477333396673203 -0.774666666984558 0.508000016212463 3.80466675758362 2.35066676139832 -0.661333322525024 -0.700666666030884 -0.494666665792465 0.657333374023438
-9999 -9999 -9999 -9999 -9999 -9999 -9999 -9999 -9999 -9999 -9999 -9999 -9999 -9999 -9999 -9999 -9999 -9999 -9999 -9999 -9999 -9999 -9999 -9999 -9999 -9999 -9999 -9999 6.91666650772095 6.60714292526245 6.50606060028076 6.49102544784546 5.27466678619385 5.68600034713745 5.85333347320557 4.72000026702881 3.25933337211609 1.52066671848297 2.07599997520447 1.27799999713898 -0.0166666302829981 2.29866671562195 0.579333364963531 -0.335999995470047 3.12199997901917 3.61733341217041 -0.143333360552788 -0.966666638851166 -0.120000027120113 2.11866664886475
-9999 -9999 -9999 -9999 -9999 -9999 -9999 -9999 -9999 -9999 -9999 -9999 -9999 -9999 -9999 -9999 -9999 -9999 -9999 -9999 -9999 -9999 -9999 -9999 -9999 -9999 -9999 -9999 6.75714302062988 6.76666641235352 6.14705896377563 5.80999994277954 5.92666673660278 5.12866640090942 5.3973331451416 5.58333301544189 4.53800010681152 3.03799986839294 2.48466658592224 1.621333360672 0.382000058889389 1.01999998092651 2.80800008773804 3.3513331413269 4.77066659927368 4.25733327865601 -0.0840000286698341 -0.44666662812233 1.63800001144409 3.27400016784668
-9999 -9999 -9999 -9999 -9999 -9999 -9999 -9999 -9999 -9999 -9999 -9999 -9999 -9999 -9999 -9999 -9999 -9999 -9999 -9999 -9999 -9999 -9999 -9999 -9999 -9999 -9999 -9999 5.78333330154419 5.10972213745117 4.00133323669434 3.39733338356018 5.02600002288818 4.71666669845581 4.50799989700317 4.85333299636841 4.55999994277954 3.60733342170715 2.08866667747498 1.45999991893768 0.687999963760376 -1.01999998092651 0.615333318710327 0.664666652679443 3.65866661071777 4.80733346939087 1.74266672134399 0.300000041723251 4.08733320236206 4.37800025939941
-9999 -9999 -9999 -9999 -9999 -9999 -9999 -9999 -9999 -9999 -9999 -9999 -9999 -9999 -9999 -9999 -9999 6.28888893127441 -9999 -9999 -9999 -9999 -9999 -9999 -9999 -9999 -9999 6.47499990463257 5.04824542999268 4.51439380645752 4.08466672897339 4.22866678237915 4.05733346939087 3.89166665077209 3.02466678619385 4.35200023651123 2.31266665458679 2.25466656684875 3.18933343887329 3.57866668701172 1.95133328437805 -0.535333335399628 0.696666717529297 0.657999992370605 4.14266681671143 3.63066649436951 4.40866661071777 3.86400008201599 4.5019998550415 3.10400009155273
-9999 -9999 -9999 -9999 -9999 -9999 -9999 -9999 -9999 -9999 -9999 -9999 -9999 -9999 -9999 -9999 -9999 -9999 -9999 -9999 -9999 -9999 -9999 -9999 -9999 -9999 -9999 6.43333339691162 6.91666650772095 6.33333349227905 6.1369047164917 5.377272605896 4.88636350631714 4.29469680786133 1.76866662502289 3.71866655349731 1.23266673088074 1.14933335781097 0.603999972343445 0.463333338499069 1.34266674518585 0.111333332955837 1.29133331775665 2.84533333778381 4.86066675186157 1.90399992465973 1.15533339977264 0.140000030398369 2.76666665077209 1.57799994945526
-9999 -9999 -9999 -9999 -9999 -9999 -9999 -9999 -9999 -9999 -9999 -9999 -9999 -9999 -9999 -9999 -9999 -9999 -9999 -9999 -9999 -9999 -9999 -9999 -9999 -9999 -9999 -9999 6.41666650772095 5.93240737915039 6.3095235824585 3.97460317611694 3.38550734519958 5.59000015258789 3.96866679191589 4.71133327484131 1.9153333902359 2.44000005722046 0.597999930381775 1.77600002288818 0.567333340644836 -0.35533332824707 0.533999979496002 2.63866662979126 4.80200004577637 1.19200003147125 -0.473333299160004 0.578666687011719 1.39066672325134 2.23399996757507
-9999 -9999 -9999 -9999 -9999 -9999 -9999 -9999 -9999 -9999 -9999 -9999 -9999 -9999 -9999 -9999 -9999 -9999 -9999 -9999 -9999 -9999 -9999 -9999 -9999 -9999 -9999 6.32916688919067 6.28333330154419 5.74866676330566 6.16066646575928 4.60400009155273 3.89266657829285 4.57933330535889 4.03800010681152 4.52933311462402 4.49266672134399 3.60533332824707 3.58866667747498 3.10533332824707 1.31133329868317 -0.00800001621246338 0.868666648864746 3.1966667175293 4.45800018310547 3.17733335494995 -0.27266663312912 0.453333348035812 -0.841333329677582 -0.0873333588242531
-9999 -9999 -9999 -9999 -9999 -9999 -9999 -9999 -9999 -9999 -9999 -9999 -9999 -9999 -9999 -9999 -9999 -9999 -9999 -9999 -9999 -9999 6.16666698455811 5.76111125946045 4.73194456100464 4.44285726547241 5.72222232818604 5.56111097335815 4.51376819610596 5.60333347320557 4.80200004577637 5.10799980163574 5.2960000038147 5.78066635131836 4.91866683959961 2.1340000629425 2.42000007629395 0.872666656970978 1.28600001335144 0.808000028133392 1.04866659641266 1.0313333272934 2.88733315467834 4.68000030517578 3.65400004386902 3.80733346939087 4.40199995040894 2.18066668510437 -1.33933341503143 -0.369999945163727
-9999 -9999 -9999 -9999 -9999 -9999 -9999 -9999 -9999 -9999 -9999 -9999 -9999 -9999 -9999 -9999 -9999 -9999 -9999 -9999 -9999 -9999 5.76666641235352 4.68263912200928 3.74933338165283 4.1933331489563 5.66428565979004 5.19561386108398 5.32361125946045 5.48066663742065 5.24600028991699 3.69533324241638 2.50466656684875 4.1986665725708 5.79933309555054 4.55733346939087 1.85933339595795 0.932000041007996 1.15133333206177 1.48666667938232 2.15533328056335 4.04199981689453 5.51666641235352 5.59133338928223 3.9539999961853 3.55533337593079 4.46933317184448 4.96799993515015 2.46333336830139 -0.305333375930786
-9999 -9999 -9999 -9999 -9999 -9999 -9999 -9999 -9999 -9999 -9999 -9999 -9999 -9999 -9999 -9999 -9999 -9999 6.06666660308838 -9999 -9999 -9999 5.67857122421265 4.98611116409302 4.0493335723877 3.62539672851562 5.30701732635498 4.72333335876465 4.73333358764648 3.67933344841003 5.05200004577637 4.09266662597656 3.47199988365173 3.50600004196167 5.09866666793823 5.21933317184448 4.78466653823853 2.83266663551331 3.34999990463257 4.51533317565918 5.05266666412354 5.02400016784668 5.55533313751221 4.48533344268799 4.42799997329712 4.5959997177124 4.27199983596802 4.4379997253418 3.50133323669434 1.62266659736633
-9999 -9999 -9999 -9999 -9999 -9999 -9999 -9999 -9999 -9999 -9999 -9999 -9999 -9999 -9999 -9999 -9999 -9999 -9999 -9999 -9999 -9999 5.76000022888184 5.26666688919067 4.69999980926514 5.02619075775146 4.6239128112793 3.76933336257935 3.04266667366028 3.72000002861023 3.20600008964539 2.2906665802002 2.59133338928223 3.68466663360596 3.82866668701172 1.68133330345154 3.89866662025452 5.13666677474976 5.39599990844727 5.63600015640259 5.18733310699463 5.03133344650269 5.40333318710327 1.48733329772949 1.17000007629395 4.89799976348877 3.07999992370605 2.73666667938232 0.906666696071625 0.188000038266182
-9999 -9999 -9999 -9999 -9999 -9999 -9999 -9999 -9999 -9999 -9999 -9999 -9999 -9999 -9999 -9999 -9999 -9999 -9999 -9999 -9999 -9999 5.47222185134888 5.72499990463257 3.84027791023254 3.92083334922791 4.72499990463257 2.7553334236145 4.07800006866455 2.48666667938232 0.626666665077209 -2.58266663551331 -2.67266654968262 0.521333336830139 2.24666666984558 2.57666659355164 1.44599997997284 2.17600011825562 3.45533323287964 3.4193332195282 1.58399999141693 2.92933320999146 4.25666666030884 0.825999975204468 1.99133336544037 4.82666683197021 3.47266674041748 4.13266658782959 3.5273334980011 0.83599990606308
-9999 -9999 -9999 -9999 -9999 -9999 -9999 -9999 -9999 -9999 -9999 -9999 -9999 -9999 -9999 -9999 -9999 -9999 5.29444456100464 -9999 -9999 -9999 5.53888893127441 5.62666654586792 4.05000019073486 2.98583340644836 5.41428565979004 5.510666847229 4.5620002746582 3.40199995040894 2.90466666221619 0.539333343505859 -0.298666685819626 0.74866658449173 0.786666631698608 1.0293333530426 1.86866664886475 0.68666672706604 2.38866662979126 1.33600008487701 1.05733335018158 2.96466660499573 2.42733335494995 0.804000020027161 3.92666673660278 3.19133329391479 0.503999948501587 3.52733325958252 4.5019998550415 3.04666662216187
-9999 -9999 -9999 -9999 -9999 -9999 -9999 -9999 -9999 -9999 -9999 -9999 -9999 -9999 -9999 -9999 -9999 -9999 5.21111106872559 -9999 -9999 -9999 5.52976179122925 4.99523830413818 4.84318161010742 4.38333320617676 5.12719297409058 4.99600028991699 3.49600005149841 3.371333360672 3.7793333530426 4.22866678237915 3.77466654777527 3.07933330535889 2.93199992179871 1.22000002861023 -0.00466668605804443 0.694666624069214 1.36199998855591 0.309333324432373 1.1340000629425 4.26999998092651 1.88733327388763 1.63666665554047 4.23333311080933 0.10533332824707 0.974666655063629 2.5699999332428 4.24666690826416 3.53200006484985
-9999 -9999 -9999 -9999 -9999 -9999 -9999 -9999 -9999 -9999 -9999 -9999 -9999 -9999 -9999 -9999 -9999 -9999 -9999 -9999 -9999 -9999 5.45476198196411 5.20784330368042 4.02166652679443 4.16666650772095 4.92976188659668 4.11333322525024 4.20266675949097 2.47533321380615 1.85933327674866 2.85933327674866 1.32466673851013 1.55400002002716 1.99666666984558 2.36399984359741 1.06266665458679 1.46800005435944 1.92533326148987 -0.0646666288375854 1.12466669082642 4.11199998855591 0.63400000333786 0.606666624546051 3.8199999332428 1.96666669845581 2.17333340644836 1.00999999046326 2.71133351325989 0.290000051259995
-9999 -9999 -9999 -9999 -9999 -9999 -9999 -9999 -9999 -9999 -9999 -9999 -9999 -9999 -9999 -9999 -9999 -9999 -9999 -9999 -9999 -9999 -9999 5.46666669845581 4.90625 3.40999984741211 4.3965277671814 4.00378799438477 3.40399980545044 3.4060001373291 2.79333329200745 1.31333327293396 2.13133335113525 1.30933332443237 -0.117333315312862 0.634666621685028 1.60599994659424 2.52066659927368 2.06933331489563 0.771333396434784 2.52466678619385 2.14333343505859 1.50666654109955 -0.00866671372205019 2.04666662216187 3.0993332862854 -0.655333340167999 0.164666697382927 1.48800003528595 0.902666687965393
-9999 -9999 -9999 -9999 -9999 -9999 -9999 -9999 -9999 -9999 -9999 -9999 -9999 -9999 -9999 -9999 -9999 -9999 -9999 -9999 -9999 -9999 -9999 5.33333349227905 5.27500009536743 5.04666662216187 4.16296291351318 5.04166650772095 4.02647066116333 4.25 2.29333329200745 2.56666660308838 4.03866672515869 3.54200005531311 3.16799998283386 3.47000002861023 3.87066674232483 1.89266669750214 1.31733334064484 1.25333333015442 3.51666665077209 0.560666620731354 0.538666665554047 -1.74133348464966 0.554000020027161 2.51066660881042 -0.977333247661591 -1.0053334236145 0.0493333749473095 -0.0593333430588245
-9999 -9999 -9999 -9999 -9999 -9999 -9999 -9999 -9999 -9999 -9999 -9999 -9999 -9999 -9999 -9999 -9999 -9999 -9999 -9999 -9999 -9999 5.19444465637207 4.50370359420776 5.01666641235352 5.13095235824585 5.04166650772095 5.14166641235352 4.05499982833862 5.45866680145264 5.03599977493286 4.8066668510437 3.98266673088074 3.83266663551331 2.80999994277954 0.95933336019516 1.21666669845581 0.546000003814697 2.00133347511292 4.18400001525879 2.15933322906494 0.84799998998642 -0.706666707992554 0.293333321809769 1.98599994182587 -0.0573333092033863 -1.17933332920074 -0.194000005722046 0.12933337688446 0.722000002861023
-9999 -9999 -9999 -9999 -9999 -9999 -9999 -9999 -9999 -9999 -9999 -9999 -9999 -9999 -9999 -9999 -9999 -9999 -9999 -9999 -9999 5.43333339691162 3.37536239624023 3.22200012207031 3.8824999332428 5.25555562973022 4.67368412017822 5.31666660308838 4.82592582702637 5.24333333969116 5.61133337020874 4.61733341217041 2.45600008964539 1.46000003814697 1.61733329296112 1.34333336353302 2.58733320236206 2.35999989509583 4.31599998474121 4.65866661071777 2.64666676521301 0.83733332157135 -0.46999990940094 0.150000020861626 -0.902666687965393 -0.117333352565765 -0.252666682004929 0.113999962806702 -0.803333282470703 -0.189333319664001
