L_edwardsianus/M_variables/Set1/bio14_.asc
NCOLS 77 
NROWS 221 
XLLCORNER -74.2083333333333 
YLLCORNER -46.25 
CELLSIZE 0.0416666666666666 
NODATA_value -9999 
[rows 153 to 203 of 221, columns 0 to 76 of 77]
-9999 -9999 -9999 -9999 -9999 -9999 -9999 -9999 -9999 -9999 -9999 -9999 -9999 -9999 -9999 -9999 -9999 -9999 -9999 -9999 -9999 -9999 -9999 -9999 -9999 -9999 127 126 126 120 119 118 113 99 89 95 93 109 99 86 72 76 86 96 94 69 67 76 86 82 83 56 49 51 45 43 45 44 41 47 50 48 43 41 34 31 30 28 27 23 21 20 -9999 -9999 -9999 -9999 -9999
-9999 -9999 -9999 -9999 -9999 -9999 -9999 -9999 -9999 -9999 -9999 -9999 -9999 -9999 -9999 -9999 -9999 -9999 -9999 -9999 -9999 -9999 -9999 -9999 -9999 -9999 128 126 112 125 118 113 102 82 85 82 88 85 97 97 74 72 81 76 94 74 62 59 63 82 81 65 59 60 48 45 44 51 50 49 41 46 44 41 37 34 32 30 28 26 23 -9999 -9999 -9999 -9999 -9999 -9999
-9999 -9999 -9999 -9999 -9999 -9999 -9999 -9999 -9999 -9999 -9999 -9999 -9999 -9999 -9999 -9999 -9999 -9999 -9999 -9999 -9999 -9999 -9999 -9999 -9999 -9999 -9999 123 124 124 124 114 92 88 103 110 105 85 78 84 78 70 67 73 94 75 63 59 62 69 78 69 53 47 46 48 48 45 39 42 49 50 49 46 43 39 34 31 27 25 24 -9999 -9999 -9999 -9999 -9999 -9999
-9999 -9999 -9999 -9999 -9999 -9999 -9999 -9999 -9999 -9999 -9999 -9999 -9999 -9999 -9999 -9999 -9999 -9999 -9999 -9999 -9999 -9999 -9999 -9999 -9999 -9999 -9999 -9999 127 121 124 114 117 118 114 109 86 85 75 80 85 75 67 72 93 80 60 61 59 60 77 80 69 54 46 39 40 45 55 58 54 46 39 37 38 39 37 28 20 19 20 -9999 -9999 -9999 -9999 -9999 -9999
-9999 -9999 -9999 -9999 -9999 -9999 -9999 -9999 -9999 -9999 -9999 -9999 -9999 -9999 -9999 -9999 -9999 -9999 -9999 -9999 -9999 -9999 -9999 -9999 -9999 -9999 -9999 -9999 128 127 125 124 118 119 118 112 102 86 90 83 74 89 74 67 89 88 62 58 59 71 76 64 77 71 66 55 61 63 60 55 48 40 32 28 26 29 37 33 20 18 18 -9999 -9999 -9999 -9999 -9999 -9999
-9999 -9999 -9999 -9999 -9999 -9999 -9999 -9999 -9999 -9999 -9999 -9999 -9999 -9999 -9999 -9999 -9999 -9999 -9999 -9999 -9999 -9999 -9999 -9999 -9999 -9999 -9999 -9999 129 128 126 124 123 118 117 115 110 98 93 86 76 79 91 92 95 92 63 59 70 78 68 73 76 71 70 68 64 57 46 41 49 35 33 29 26 26 33 33 23 21 19 -9999 -9999 -9999 -9999 -9999 -9999
-9999 -9999 -9999 -9999 -9999 -9999 -9999 -9999 -9999 -9999 -9999 -9999 -9999 -9999 -9999 -9999 -9999 -9999 -9999 -9999 -9999 -9999 -9999 -9999 -9999 -9999 -9999 -9999 129 123 114 110 121 117 114 113 111 103 91 86 79 68 77 72 91 93 76 64 84 82 78 58 49 56 52 50 47 52 41 46 42 31 29 27 26 25 28 31 25 24 21 -9999 -9999 -9999 -9999 -9999 -9999
-9999 -9999 -9999 -9999 -9999 -9999 -9999 -9999 -9999 -9999 -9999 -9999 -9999 -9999 -9999 -9999 -9999 139 -9999 -9999 -9999 -9999 -9999 -9999 -9999 -9999 -9999 132 123 119 116 117 114 112 104 113 97 95 100 102 88 72 76 72 93 88 89 84 85 77 60 65 57 52 45 43 42 56 46 39 40 31 29 27 25 23 22 26 27 24 -9999 -9999 -9999 -9999 -9999 -9999 -9999
-9999 -9999 -9999 -9999 -9999 -9999 -9999 -9999 -9999 -9999 -9999 -9999 -9999 -9999 -9999 -9999 -9999 -9999 -9999 -9999 -9999 -9999 -9999 -9999 -9999 -9999 -9999 132 131 129 128 123 119 115 94 110 90 89 82 82 84 74 80 89 95 78 72 64 78 69 53 54 60 47 49 47 55 54 39 34 39 33 31 26 24 22 21 24 25 23 -9999 -9999 -9999 -9999 -9999 -9999 -9999
-9999 -9999 -9999 -9999 -9999 -9999 -9999 -9999 -9999 -9999 -9999 -9999 -9999 -9999 -9999 -9999 -9999 -9999 -9999 -9999 -9999 -9999 -9999 -9999 -9999 -9999 -9999 -9999 132 129 129 115 109 122 111 115 94 97 81 90 79 72 75 88 95 72 62 68 70 73 64 53 52 48 45 48 53 39 38 36 36 30 31 26 23 21 21 22 23 22 -9999 -9999 -9999 -9999 -9999 -9999 -9999
-9999 -9999 -9999 -9999 -9999 -9999 -9999 -9999 -9999 -9999 -9999 -9999 -9999 -9999 -9999 -9999 -9999 -9999 -9999 -9999 -9999 -9999 -9999 -9999 -9999 -9999 -9999 135 134 130 131 121 115 119 113 115 113 106 104 99 84 74 77 92 94 86 63 67 58 58 65 62 52 45 44 47 40 37 36 34 31 30 28 28 26 23 22 21 21 20 -9999 -9999 -9999 -9999 -9999 -9999 -9999
-9999 -9999 -9999 -9999 -9999 -9999 -9999 -9999 -9999 -9999 -9999 -9999 -9999 -9999 -9999 -9999 -9999 -9999 -9999 -9999 -9999 -9999 141 139 131 128 137 132 124 131 126 126 125 125 119 98 100 86 88 82 83 82 93 98 90 89 89 78 55 60 58 61 54 46 45 41 41 41 35 34 30 28 26 25 25 25 24 23 21 19 -9999 -9999 -9999 -9999 -9999 -9999 -9999
-9999 -9999 -9999 -9999 -9999 -9999 -9999 -9999 -9999 -9999 -9999 -9999 -9999 -9999 -9999 -9999 -9999 -9999 -9999 -9999 -9999 -9999 140 132 125 129 138 133 132 132 130 119 107 119 123 116 95 87 87 87 91 100 103 101 91 87 89 89 77 58 51 52 48 44 42 39 38 39 38 36 34 31 29 27 26 24 22 21 20 18 -9999 -9999 -9999 -9999 -9999 -9999 -9999
-9999 -9999 -9999 -9999 -9999 -9999 -9999 -9999 -9999 -9999 -9999 -9999 -9999 -9999 -9999 -9999 -9999 -9999 145 -9999 -9999 -9999 140 136 130 126 136 131 131 122 130 123 117 115 121 119 115 100 103 107 106 104 103 96 93 91 88 87 81 70 64 62 48 49 46 41 41 35 34 35 32 29 25 24 24 23 22 20 18 -9999 -9999 -9999 -9999 -9999 -9999 -9999 -9999
-9999 -9999 -9999 -9999 -9999 -9999 -9999 -9999 -9999 -9999 -9999 -9999 -9999 -9999 -9999 -9999 -9999 -9999 -9999 -9999 -9999 -9999 142 139 135 137 132 126 119 123 118 110 111 118 116 96 111 114 112 110 107 104 103 79 75 94 84 80 66 60 63 63 66 61 51 45 41 37 35 34 31 28 25 25 24 23 21 19 18 -9999 -9999 -9999 -9999 -9999 -9999 -9999 -9999
-9999 -9999 -9999 -9999 -9999 -9999 -9999 -9999 -9999 -9999 -9999 -9999 -9999 -9999 -9999 -9999 -9999 -9999 -9999 -9999 -9999 -9999 140 142 129 131 134 117 129 113 98 77 76 95 105 106 93 97 105 103 87 96 99 75 82 94 86 86 81 64 56 52 51 46 47 53 47 37 35 33 30 27 28 27 24 22 20 19 17 -9999 -9999 -9999 -9999 -9999 -9999 -9999 -9999
-9999 -9999 -9999 -9999 -9999 -9999 -9999 -9999 -9999 -9999 -9999 -9999 -9999 -9999 -9999 -9999 -9999 -9999 146 -9999 -9999 -9999 143 144 132 123 139 137 131 121 116 98 92 97 92 94 100 86 99 89 84 96 91 76 93 87 66 83 85 77 56 53 51 46 47 53 45 41 36 32 29 28 30 28 27 24 22 19 18 -9999 -9999 -9999 -9999 -9999 -9999 -9999 -9999
-9999 -9999 -9999 -9999 -9999 -9999 -9999 -9999 -9999 -9999 -9999 -9999 -9999 -9999 -9999 -9999 -9999 -9999 146 -9999 -9999 -9999 144 141 140 136 138 136 125 123 124 125 121 114 111 95 86 88 91 82 86 103 87 83 95 67 71 79 85 79 62 51 51 49 48 55 39 37 37 33 32 32 31 28 27 23 22 20 19 -9999 -9999 -9999 -9999 -9999 -9999 -9999 -9999
-9999 -9999 -9999 -9999 -9999 -9999 -9999 -9999 -9999 -9999 -9999 -9999 -9999 -9999 -9999 -9999 -9999 -9999 -9999 -9999 -9999 -9999 144 143 134 135 137 132 131 116 109 117 101 102 104 106 92 94 96 79 87 102 79 77 93 81 80 70 78 61 71 66 63 52 56 57 53 49 44 41 39 36 33 28 26 25 23 21 20 -9999 -9999 -9999 -9999 -9999 -9999 -9999 -9999
-9999 -9999 -9999 -9999 -9999 -9999 -9999 -9999 -9999 -9999 -9999 -9999 -9999 -9999 -9999 -9999 -9999 -9999 -9999 -9999 -9999 -9999 -9999 143 140 127 136 132 126 126 118 103 110 101 88 92 98 103 98 85 97 93 86 74 86 87 63 66 72 65 56 55 53 57 54 58 56 51 47 42 40 37 33 29 27 25 23 21 -9999 -9999 -9999 -9999 -9999 -9999 -9999 -9999 -9999
-9999 -9999 -9999 -9999 -9999 -9999 -9999 -9999 -9999 -9999 -9999 -9999 -9999 -9999 -9999 -9999 -9999 -9999 -9999 -9999 -9999 -9999 -9999 142 142 138 134 137 130 129 113 115 123 118 114 113 114 98 92 90 103 82 81 65 77 85 62 60 61 59 58 58 59 61 60 59 54 46 41 38 34 36 32 28 26 23 21 19 -9999 -9999 -9999 -9999 -9999 -9999 -9999 -9999 -9999
-9999 -9999 -9999 -9999 -9999 -9999 -9999 -9999 -9999 -9999 -9999 -9999 -9999 -9999 -9999 -9999 -9999 -9999 -9999 -9999 -9999 -9999 145 141 142 139 138 137 131 134 130 128 122 120 113 95 96 88 99 109 95 84 72 78 86 70 62 63 62 62 64 66 64 56 58 54 48 38 38 35 31 31 31 29 25 23 21 19 -9999 -9999 -9999 -9999 -9999 -9999 -9999 -9999 -9999
-9999 -9999 -9999 -9999 -9999 -9999 -9999 -9999 -9999 -9999 -9999 -9999 -9999 -9999 -9999 -9999 -9999 -9999 -9999 -9999 -9999 147 134 134 137 141 137 138 134 134 132 127 113 103 103 99 108 104 112 110 99 85 75 78 69 71 66 66 58 58 64 63 52 52 43 47 39 36 37 32 30 27 28 28 25 23 21 19 -9999 -9999 -9999 -9999 -9999 -9999 -9999 -9999 -9999
-9999 -9999 -9999 -9999 -9999 -9999 -9999 -9999 -9999 -9999 -9999 -9999 -9999 -9999 -9999 -9999 -9999 -9999 -9999 -9999 -9999 146 141 141 140 138 139 133 130 130 133 131 128 126 118 111 109 114 115 107 82 70 62 63 67 66 71 67 67 64 68 49 51 51 42 39 39 35 33 31 29 26 25 26 25 23 21 18 -9999 -9999 -9999 -9999 -9999 -9999 -9999 -9999 -9999
-9999 -9999 -9999 -9999 -9999 -9999 -9999 -9999 -9999 -9999 -9999 -9999 -9999 -9999 -9999 -9999 -9999 -9999 -9999 -9999 -9999 146 144 137 129 136 140 137 132 117 127 131 125 127 123 116 113 117 115 98 87 73 73 74 63 60 61 62 73 71 58 51 52 44 44 38 36 34 32 29 28 27 27 26 24 23 21 19 -9999 -9999 -9999 -9999 -9999 -9999 -9999 -9999 -9999
-9999 -9999 -9999 -9999 -9999 -9999 -9999 -9999 -9999 -9999 -9999 -9999 -9999 -9999 -9999 -9999 -9999 -9999 -9999 -9999 -9999 -9999 144 139 132 133 131 129 136 127 130 120 111 110 121 121 112 117 115 110 97 90 80 66 62 68 66 67 70 54 50 50 45 43 40 38 35 34 34 32 30 31 29 25 22 20 19 -9999 -9999 -9999 -9999 -9999 -9999 -9999 -9999 -9999 -9999
-9999 -9999 -9999 -9999 -9999 -9999 -9999 -9999 -9999 -9999 -9999 -9999 -9999 -9999 -9999 -9999 -9999 -9999 -9999 -9999 146 145 -9999 138 132 134 122 125 125 133 133 122 114 111 106 113 120 118 110 106 100 82 73 73 71 61 60 59 67 61 55 52 50 47 44 42 38 37 36 36 34 31 26 23 22 21 22 -9999 -9999 -9999 -9999 -9999 -9999 -9999 -9999 -9999 -9999
-9999 -9999 -9999 -9999 -9999 -9999 -9999 -9999 -9999 -9999 -9999 -9999 -9999 -9999 -9999 -9999 -9999 -9999 -9999 -9999 146 145 145 136 140 139 139 129 115 133 118 113 104 103 112 118 121 112 103 86 93 98 95 91 73 74 73 65 64 55 53 52 48 43 40 38 38 37 34 34 31 28 26 25 25 25 25 -9999 -9999 -9999 -9999 -9999 -9999 -9999 -9999 -9999 -9999
-9999 -9999 -9999 -9999 -9999 -9999 -9999 -9999 -9999 -9999 -9999 -9999 -9999 -9999 -9999 -9999 -9999 -9999 -9999 -9999 147 144 143 139 132 130 139 138 134 135 132 124 114 113 122 124 121 105 92 91 79 75 84 82 75 81 75 65 59 65 52 50 45 42 42 43 39 36 36 35 36 37 35 32 29 26 23 -9999 -9999 -9999 -9999 -9999 -9999 -9999 -9999 -9999 -9999
-9999 -9999 -9999 -9999 -9999 -9999 -9999 -9999 -9999 -9999 -9999 -9999 -9999 -9999 -9999 -9999 -9999 -9999 -9999 -9999 146 139 137 143 142 137 132 127 133 121 128 132 129 128 126 124 121 109 101 89 81 86 92 93 91 86 85 63 56 60 64 53 52 52 51 45 44 45 44 41 39 36 31 27 25 23 21 -9999 -9999 -9999 -9999 -9999 -9999 -9999 -9999 -9999 -9999
-9999 -9999 -9999 -9999 -9999 -9999 -9999 -9999 -9999 -9999 -9999 -9999 -9999 -9999 -9999 -9999 -9999 -9999 -9999 -9999 -9999 143 137 130 139 137 118 106 129 125 112 115 122 128 127 125 118 106 88 99 104 103 88 85 84 85 77 77 69 65 69 62 63 58 53 48 45 41 38 35 32 30 27 25 23 22 21 -9999 -9999 -9999 -9999 -9999 -9999 -9999 -9999 -9999 -9999
-9999 -9999 -9999 -9999 -9999 -9999 -9999 -9999 -9999 -9999 -9999 -9999 -9999 -9999 -9999 -9999 -9999 -9999 -9999 -9999 -9999 141 139 132 139 136 128 117 119 121 116 124 130 129 127 125 122 113 100 105 84 92 82 73 81 76 73 75 77 72 71 57 56 53 51 42 38 35 31 31 29 27 25 24 23 22 -9999 -9999 -9999 -9999 -9999 -9999 -9999 -9999 -9999 -9999 -9999
-9999 -9999 -9999 -9999 -9999 -9999 -9999 -9999 -9999 -9999 -9999 -9999 -9999 -9999 -9999 -9999 -9999 -9999 -9999 -9999 -9999 143 143 131 142 133 135 130 126 125 129 133 132 130 122 113 122 120 111 97 88 83 81 74 70 68 63 76 74 58 65 50 48 47 42 42 39 34 31 29 28 26 25 23 22 21 -9999 -9999 -9999 -9999 -9999 -9999 -9999 -9999 -9999 -9999 -9999
-9999 -9999 -9999 -9999 -9999 -9999 -9999 -9999 -9999 -9999 -9999 -9999 -9999 -9999 -9999 -9999 -9999 -9999 -9999 -9999 -9999 142 141 138 142 140 131 121 122 134 136 134 129 116 97 104 117 117 98 92 89 85 86 80 74 77 64 79 69 56 55 53 51 47 43 40 36 34 31 31 29 27 25 24 22 21 -9999 -9999 -9999 -9999 -9999 -9999 -9999 -9999 -9999 -9999 -9999
-9999 -9999 -9999 -9999 -9999 -9999 -9999 -9999 -9999 -9999 -9999 -9999 -9999 -9999 -9999 -9999 -9999 -9999 -9999 -9999 -9999 136 129 133 133 127 128 121 134 137 135 126 110 99 103 116 116 110 90 91 91 95 82 74 77 80 65 76 68 57 56 50 49 49 46 42 39 37 35 33 32 30 28 26 24 22 -9999 -9999 -9999 -9999 -9999 -9999 -9999 -9999 -9999 -9999 -9999
-9999 -9999 -9999 -9999 -9999 -9999 -9999 -9999 -9999 -9999 -9999 -9999 -9999 -9999 -9999 -9999 -9999 -9999 -9999 -9999 -9999 -9999 138 132 127 135 132 138 128 133 133 107 105 106 109 105 99 104 111 106 108 96 82 79 76 79 67 62 75 60 50 47 43 41 38 41 39 36 33 30 29 27 27 26 25 23 -9999 -9999 -9999 -9999 -9999 -9999 -9999 -9999 -9999 -9999 -9999
-9999 -9999 -9999 -9999 -9999 -9999 -9999 -9999 -9999 -9999 -9999 -9999 -9999 -9999 -9999 -9999 -9999 -9999 -9999 -9999 -9999 -9999 146 142 141 142 140 126 115 135 125 109 103 106 93 106 101 94 93 94 98 102 103 87 75 87 68 72 74 74 62 53 49 45 39 41 35 34 32 28 26 26 24 25 24 23 -9999 -9999 -9999 -9999 -9999 -9999 -9999 -9999 -9999 -9999 -9999
-9999 -9999 -9999 -9999 -9999 -9999 -9999 -9999 -9999 -9999 -9999 -9999 -9999 -9999 -9999 -9999 -9999 -9999 -9999 -9999 -9999 -9999 134 139 134 143 127 112 124 137 125 112 110 98 93 98 98 96 89 90 90 101 90 89 84 86 82 81 79 76 72 62 53 44 46 42 39 35 31 29 26 25 23 23 21 -9999 -9999 -9999 -9999 -9999 -9999 -9999 -9999 -9999 -9999 -9999 -9999
-9999 -9999 -9999 -9999 -9999 -9999 -9999 -9999 -9999 -9999 -9999 -9999 -9999 -9999 -9999 -9999 -9999 -9999 -9999 -9999 -9999 -9999 131 130 138 132 127 115 127 127 122 110 110 94 100 91 96 103 100 99 103 103 81 75 72 73 63 62 77 69 68 56 52 54 52 46 42 38 35 31 28 26 24 22 21 -9999 -9999 -9999 -9999 -9999 -9999 -9999 -9999 -9999 -9999 -9999 -9999
-9999 -9999 -9999 -9999 -9999 -9999 -9999 -9999 -9999 -9999 -9999 -9999 -9999 -9999 -9999 -9999 -9999 -9999 -9999 -9999 -9999 -9999 138 127 129 120 120 118 112 96 116 112 104 102 101 88 86 85 81 84 100 82 81 80 72 68 72 60 67 70 67 59 48 46 44 45 46 42 38 34 31 28 26 24 22 -9999 -9999 -9999 -9999 -9999 -9999 -9999 -9999 -9999 -9999 -9999 -9999
-9999 -9999 -9999 -9999 -9999 -9999 -9999 -9999 -9999 -9999 -9999 -9999 -9999 -9999 -9999 -9999 -9999 -9999 -9999 -9999 -9999 -9999 -9999 122 105 102 113 119 120 118 120 118 110 106 95 95 95 95 87 97 87 77 70 71 75 77 73 77 73 77 66 57 48 43 39 38 41 36 40 33 31 29 26 25 22 -9999 -9999 -9999 -9999 -9999 -9999 -9999 -9999 -9999 -9999 -9999 -9999
-9999 -9999 -9999 -9999 -9999 -9999 -9999 -9999 -9999 -9999 -9999 -9999 -9999 -9999 -9999 -9999 -9999 -9999 -9999 -9999 -9999 -9999 -9999 130 124 97 108 117 123 122 119 111 108 105 98 93 93 88 109 94 75 81 80 74 66 63 62 63 61 75 66 61 55 52 48 49 46 34 37 35 34 32 30 27 25 -9999 -9999 -9999 -9999 -9999 -9999 -9999 -9999 -9999 -9999 -9999 -9999
-9999 -9999 -9999 -9999 -9999 -9999 -9999 -9999 -9999 -9999 -9999 -9999 -9999 -9999 -9999 -9999 -9999 -9999 -9999 -9999 -9999 -9999 -9999 137 128 113 103 113 112 121 112 115 102 100 96 98 85 97 109 77 78 72 69 70 80 72 58 62 75 72 63 57 55 54 53 46 47 44 38 37 36 34 31 29 28 -9999 -9999 -9999 -9999 -9999 -9999 -9999 -9999 -9999 -9999 -9999 -9999
-9999 -9999 -9999 -9999 -9999 -9999 -9999 -9999 -9999 -9999 -9999 -9999 -9999 -9999 -9999 -9999 -9999 -9999 -9999 -9999 -9999 -9999 -9999 142 132 117 116 112 119 116 108 104 114 109 99 94 90 109 87 77 80 71 73 69 66 72 77 77 64 54 53 54 53 51 50 42 41 44 43 40 37 35 33 31 -9999 -9999 -9999 -9999 -9999 -9999 -9999 -9999 -9999 -9999 -9999 -9999 -9999
-9999 -9999 -9999 -9999 -9999 -9999 -9999 -9999 -9999 -9999 -9999 -9999 -9999 -9999 -9999 -9999 -9999 -9999 -9999 -9999 -9999 -9999 -9999 143 140 128 129 114 123 102 103 101 102 112 116 102 98 112 80 79 85 74 70 73 69 77 76 76 70 64 60 51 44 43 40 42 39 37 40 39 38 36 34 31 -9999 -9999 -9999 -9999 -9999 -9999 -9999 -9999 -9999 -9999 -9999 -9999 -9999
-9999 -9999 -9999 -9999 -9999 -9999 -9999 -9999 -9999 -9999 -9999 -9999 -9999 -9999 -9999 -9999 -9999 -9999 -9999 -9999 -9999 -9999 -9999 -9999 132 131 133 122 126 112 112 101 105 95 97 118 115 106 93 84 81 76 86 87 81 69 58 66 54 57 62 62 50 41 38 37 39 40 38 35 33 33 32 30 -9999 -9999 -9999 -9999 -9999 -9999 -9999 -9999 -9999 -9999 -9999 -9999 -9999
-9999 -9999 -9999 -9999 -9999 -9999 -9999 -9999 -9999 -9999 -9999 -9999 -9999 -9999 -9999 -9999 -9999 -9999 -9999 -9999 -9999 -9999 -9999 -9999 120 133 -9999 138 123 112 107 100 102 104 98 110 130 119 115 102 94 98 99 83 71 68 60 60 53 48 51 56 57 51 47 44 41 37 34 30 27 27 28 28 -9999 -9999 -9999 -9999 -9999 -9999 -9999 -9999 -9999 -9999 -9999 -9999 -9999
-9999 -9999 -9999 -9999 -9999 -9999 -9999 -9999 -9999 -9999 -9999 -9999 -9999 -9999 -9999 -9999 -9999 -9999 -9999 -9999 -9999 -9999 -9999 -9999 117 129 136 138 132 117 114 111 124 131 121 118 129 122 119 113 100 106 89 73 67 66 64 60 59 52 49 53 56 51 47 41 37 33 30 29 26 25 24 24 -9999 -9999 -9999 -9999 -9999 -9999 -9999 -9999 -9999 -9999 -9999 -9999 -9999
-9999 -9999 -9999 -9999 -9999 -9999 -9999 -9999 -9999 -9999 -9999 -9999 -9999 -9999 -9999 -9999 -9999 -9999 -9999 -9999 -9999 -9999 -9999 -9999 123 126 134 124 132 135 134 130 130 130 127 124 107 92 112 94 94 98 103 93 77 67 62 69 58 51 51 52 53 48 42 38 35 32 29 29 30 29 28 -9999 -9999 -9999 -9999 -9999 -9999 -9999 -9999 -9999 -9999 -9999 -9999 -9999 -9999
-9999 -9999 -9999 -9999 -9999 -9999 -9999 -9999 -9999 -9999 -9999 -9999 -9999 -9999 -9999 -9999 -9999 -9999 -9999 -9999 -9999 -9999 -9999 -9999 123 134 126 118 124 127 126 120 128 113 107 112 113 111 109 92 87 85 90 79 75 78 76 70 60 58 55 55 52 48 44 41 38 35 34 33 32 30 28 -9999 -9999 -9999 -9999 -9999 -9999 -9999 -9999 -9999 -9999 -9999 -9999 -9999 -9999
-9999 -9999 -9999 -9999 -9999 -9999 -9999 -9999 -9999 -9999 -9999 -9999 -9999 -9999 -9999 -9999 -9999 -9999 -9999 -9999 -9999 -9999 -9999 -9999 -9999 130 124 115 118 125 109 110 107 103 96 115 119 107 105 94 79 73 74 80 70 63 61 59 59 64 61 55 46 43 43 45 40 37 35 33 31 30 28 -9999 -9999 -9999 -9999 -9999 -9999 -9999 -9999 -9999 -9999 -9999 -9999 -9999 -9999
