L_edwardsianus/M_variables/Set1/bio12_.asc
NCOLS 77 
NROWS 221 
XLLCORNER -74.2083333333333 
YLLCORNER -46.25 
CELLSIZE 0.0416666666666666 
NODATA_value -9999 
[rows 160 to 199 of 221, columns 0 to 76 of 77]
-9999 -9999 -9999 -9999 -9999 -9999 -9999 -9999 -9999 -9999 -9999 -9999 -9999 -9999 -9999 -9999 -9999 2866 -9999 -9999 -9999 -9999 -9999 -9999 -9999 -9999 -9999 2663 2531 2466 2404 2399 2352 2304 2196 2320 2107 2077 2122 2128 1946 1690 1791 1694 1983 1882 1950 1850 1866 1711 1447 1494 1371 1287 1168 1149 1126 1307 1149 1045 1031 904 866 816 788 743 735 762 742 673 -9999 -9999 -9999 -9999 -9999 -9999 -9999
-9999 -9999 -9999 -9999 -9999 -9999 -9999 -9999 -9999 -9999 -9999 -9999 -9999 -9999 -9999 -9999 -9999 -9999 -9999 -9999 -9999 -9999 -9999 -9999 -9999 -9999 -9999 2671 2638 2617 2593 2504 2426 2357 2065 2275 2007 1999 1882 1857 1902 1743 1805 1898 2043 1723 1658 1530 1739 1560 1312 1314 1418 1224 1232 1180 1304 1283 1047 964 1028 920 873 806 776 728 698 733 724 671 -9999 -9999 -9999 -9999 -9999 -9999 -9999
-9999 -9999 -9999 -9999 -9999 -9999 -9999 -9999 -9999 -9999 -9999 -9999 -9999 -9999 -9999 -9999 -9999 -9999 -9999 -9999 -9999 -9999 -9999 -9999 -9999 -9999 -9999 -9999 2654 2600 2615 2370 2290 2496 2287 2354 2044 2077 1849 1961 1801 1700 1739 1885 2026 1620 1487 1573 1596 1622 1470 1307 1275 1207 1171 1217 1268 1054 1029 984 966 881 889 809 756 699 683 711 700 669 -9999 -9999 -9999 -9999 -9999 -9999 -9999
-9999 -9999 -9999 -9999 -9999 -9999 -9999 -9999 -9999 -9999 -9999 -9999 -9999 -9999 -9999 -9999 -9999 -9999 -9999 -9999 -9999 -9999 -9999 -9999 -9999 -9999 -9999 2699 2675 2609 2625 2446 2351 2408 2313 2347 2303 2185 2168 2080 1880 1730 1765 1918 1978 1838 1477 1531 1402 1402 1499 1436 1284 1164 1144 1194 1089 1022 993 960 904 885 852 824 764 721 713 695 674 650 -9999 -9999 -9999 -9999 -9999 -9999 -9999
-9999 -9999 -9999 -9999 -9999 -9999 -9999 -9999 -9999 -9999 -9999 -9999 -9999 -9999 -9999 -9999 -9999 -9999 -9999 -9999 -9999 -9999 2823 2810 2675 2619 2749 2650 2525 2625 2521 2541 2518 2534 2431 2091 2113 1938 1958 1866 1861 1829 1961 2054 1884 1877 1912 1666 1332 1406 1377 1410 1317 1168 1160 1095 1079 1034 962 947 882 862 819 778 750 735 700 687 662 634 -9999 -9999 -9999 -9999 -9999 -9999 -9999
-9999 -9999 -9999 -9999 -9999 -9999 -9999 -9999 -9999 -9999 -9999 -9999 -9999 -9999 -9999 -9999 -9999 -9999 -9999 -9999 -9999 -9999 2825 2694 2575 2626 2755 2656 2642 2636 2592 2404 2246 2395 2504 2363 2044 1952 1937 1908 1918 2105 2187 2132 1916 1838 1899 1922 1651 1376 1261 1281 1206 1134 1091 1042 1041 1026 981 941 900 852 810 761 722 697 694 679 660 631 -9999 -9999 -9999 -9999 -9999 -9999 -9999
-9999 -9999 -9999 -9999 -9999 -9999 -9999 -9999 -9999 -9999 -9999 -9999 -9999 -9999 -9999 -9999 -9999 -9999 2940 -9999 -9999 -9999 2799 2742 2636 2562 2716 2622 2611 2456 2598 2453 2350 2321 2456 2426 2348 2095 2111 2194 2209 2183 2194 2042 1992 1952 1881 1868 1745 1546 1456 1413 1197 1200 1165 1097 1094 983 958 950 891 878 812 769 743 741 712 677 651 -9999 -9999 -9999 -9999 -9999 -9999 -9999 -9999
-9999 -9999 -9999 -9999 -9999 -9999 -9999 -9999 -9999 -9999 -9999 -9999 -9999 -9999 -9999 -9999 -9999 -9999 -9999 -9999 -9999 -9999 2812 2766 2701 2700 2634 2537 2423 2468 2387 2281 2289 2367 2342 2077 2279 2351 2325 2299 2227 2187 2194 1761 1697 2013 1772 1696 1486 1410 1447 1445 1489 1383 1241 1142 1075 994 969 946 866 836 799 769 768 739 698 670 649 -9999 -9999 -9999 -9999 -9999 -9999 -9999 -9999
-9999 -9999 -9999 -9999 -9999 -9999 -9999 -9999 -9999 -9999 -9999 -9999 -9999 -9999 -9999 -9999 -9999 -9999 -9999 -9999 -9999 -9999 2789 2805 2599 2646 2652 2374 2542 2305 2085 1699 1700 2047 2182 2180 1997 2048 2145 2108 1887 1990 2094 1702 1780 2026 1832 1846 1741 1452 1327 1262 1242 1156 1184 1258 1134 984 929 891 853 813 813 795 745 706 678 655 637 -9999 -9999 -9999 -9999 -9999 -9999 -9999 -9999
-9999 -9999 -9999 -9999 -9999 -9999 -9999 -9999 -9999 -9999 -9999 -9999 -9999 -9999 -9999 -9999 -9999 -9999 2895 -9999 -9999 -9999 2799 2805 2622 2486 2732 2704 2575 2397 2328 1986 1901 2063 2008 2024 2092 1921 2046 1908 1848 1983 1892 1709 1981 1859 1548 1787 1833 1663 1341 1291 1249 1156 1159 1224 1100 1043 946 863 816 817 833 805 769 726 685 637 599 -9999 -9999 -9999 -9999 -9999 -9999 -9999 -9999
-9999 -9999 -9999 -9999 -9999 -9999 -9999 -9999 -9999 -9999 -9999 -9999 -9999 -9999 -9999 -9999 -9999 -9999 2882 -9999 -9999 -9999 2806 2757 2724 2647 2695 2668 2459 2427 2447 2464 2378 2268 2208 2006 1900 1941 1953 1820 1860 2143 1834 1788 2009 1552 1600 1686 1820 1711 1428 1235 1250 1208 1178 1243 997 971 952 878 864 867 845 796 777 710 684 648 612 -9999 -9999 -9999 -9999 -9999 -9999 -9999 -9999
-9999 -9999 -9999 -9999 -9999 -9999 -9999 -9999 -9999 -9999 -9999 -9999 -9999 -9999 -9999 -9999 -9999 -9999 -9999 -9999 -9999 -9999 2790 2759 2613 2622 2672 2564 2548 2308 2203 2319 2090 2114 2137 2155 1979 1983 1980 1771 1865 2122 1725 1707 1970 1722 1702 1565 1687 1405 1573 1466 1405 1232 1275 1276 1228 1127 1052 1001 965 917 868 799 760 733 699 667 635 -9999 -9999 -9999 -9999 -9999 -9999 -9999 -9999
-9999 -9999 -9999 -9999 -9999 -9999 -9999 -9999 -9999 -9999 -9999 -9999 -9999 -9999 -9999 -9999 -9999 -9999 -9999 -9999 -9999 -9999 -9999 2755 2690 2505 2630 2542 2444 2434 2332 2122 2197 2069 1915 1964 2012 2057 1980 1838 1982 1900 1823 1649 1808 1839 1460 1523 1589 1468 1320 1307 1269 1315 1264 1350 1281 1169 1089 1016 984 929 870 813 772 736 701 655 -9999 -9999 -9999 -9999 -9999 -9999 -9999 -9999 -9999
-9999 -9999 -9999 -9999 -9999 -9999 -9999 -9999 -9999 -9999 -9999 -9999 -9999 -9999 -9999 -9999 -9999 -9999 -9999 -9999 -9999 -9999 -9999 2732 2725 2666 2582 2648 2494 2499 2239 2252 2392 2305 2244 2235 2247 1989 1919 1864 2082 1771 1731 1477 1670 1790 1428 1409 1438 1379 1351 1341 1324 1360 1370 1340 1238 1087 1013 956 916 919 864 807 762 709 675 639 -9999 -9999 -9999 -9999 -9999 -9999 -9999 -9999 -9999
-9999 -9999 -9999 -9999 -9999 -9999 -9999 -9999 -9999 -9999 -9999 -9999 -9999 -9999 -9999 -9999 -9999 -9999 -9999 -9999 -9999 -9999 2782 2706 2736 2683 2660 2643 2511 2614 2531 2482 2371 2348 2210 1976 1986 1874 1972 2167 1917 1799 1595 1694 1798 1551 1431 1466 1445 1418 1421 1430 1436 1289 1323 1233 1124 984 968 928 881 867 845 808 746 705 673 640 -9999 -9999 -9999 -9999 -9999 -9999 -9999 -9999 -9999
-9999 -9999 -9999 -9999 -9999 -9999 -9999 -9999 -9999 -9999 -9999 -9999 -9999 -9999 -9999 -9999 -9999 -9999 -9999 -9999 -9999 2803 2572 2566 2619 2713 2627 2659 2592 2600 2590 2471 2191 2069 2076 2012 2106 2031 2209 2201 1979 1793 1656 1696 1549 1572 1490 1490 1366 1363 1406 1402 1235 1219 1102 1162 1039 967 968 897 866 811 808 802 739 709 677 644 -9999 -9999 -9999 -9999 -9999 -9999 -9999 -9999 -9999
-9999 -9999 -9999 -9999 -9999 -9999 -9999 -9999 -9999 -9999 -9999 -9999 -9999 -9999 -9999 -9999 -9999 -9999 -9999 -9999 -9999 2758 2680 2668 2683 2634 2680 2552 2499 2515 2581 2559 2511 2459 2294 2179 2147 2227 2290 2125 1731 1532 1394 1407 1490 1452 1562 1488 1493 1428 1497 1196 1224 1194 1076 1035 1040 956 908 877 846 790 778 781 746 711 669 634 -9999 -9999 -9999 -9999 -9999 -9999 -9999 -9999 -9999
-9999 -9999 -9999 -9999 -9999 -9999 -9999 -9999 -9999 -9999 -9999 -9999 -9999 -9999 -9999 -9999 -9999 -9999 -9999 -9999 -9999 2760 2750 2595 2457 2577 2661 2615 2518 2263 2436 2546 2437 2488 2420 2272 2208 2308 2275 1945 1780 1580 1560 1576 1408 1362 1400 1421 1562 1553 1344 1231 1232 1120 1114 1019 985 939 896 842 828 791 793 764 732 700 668 630 -9999 -9999 -9999 -9999 -9999 -9999 -9999 -9999 -9999
-9999 -9999 -9999 -9999 -9999 -9999 -9999 -9999 -9999 -9999 -9999 -9999 -9999 -9999 -9999 -9999 -9999 -9999 -9999 -9999 -9999 -9999 2733 2615 2485 2509 2452 2437 2596 2395 2489 2317 2165 2144 2343 2377 2181 2313 2291 2161 1933 1837 1678 1462 1411 1514 1493 1471 1504 1288 1224 1210 1125 1084 1050 1010 964 924 890 876 840 838 796 741 696 665 647 -9999 -9999 -9999 -9999 -9999 -9999 -9999 -9999 -9999 -9999
-9999 -9999 -9999 -9999 -9999 -9999 -9999 -9999 -9999 -9999 -9999 -9999 -9999 -9999 -9999 -9999 -9999 -9999 -9999 -9999 2733 2721 -9999 2577 2459 2510 2314 2363 2339 2519 2552 2343 2207 2156 2089 2179 2363 2337 2176 2112 2010 1696 1549 1546 1550 1376 1329 1354 1462 1375 1294 1235 1181 1130 1090 1038 980 962 939 926 884 822 762 729 690 653 655 -9999 -9999 -9999 -9999 -9999 -9999 -9999 -9999 -9999 -9999
-9999 -9999 -9999 -9999 -9999 -9999 -9999 -9999 -9999 -9999 -9999 -9999 -9999 -9999 -9999 -9999 -9999 -9999 -9999 -9999 2718 2687 2701 2521 2628 2604 2623 2411 2212 2513 2248 2176 2082 2046 2137 2258 2373 2197 2022 1772 1874 1961 1890 1828 1564 1568 1553 1446 1428 1285 1260 1236 1172 1080 1041 997 968 959 916 899 840 795 751 710 706 694 683 -9999 -9999 -9999 -9999 -9999 -9999 -9999 -9999 -9999 -9999
-9999 -9999 -9999 -9999 -9999 -9999 -9999 -9999 -9999 -9999 -9999 -9999 -9999 -9999 -9999 -9999 -9999 -9999 -9999 -9999 2714 2682 2665 2578 2442 2403 2602 2579 2519 2562 2533 2357 2158 2133 2334 2399 2369 2024 1833 1836 1651 1594 1724 1695 1598 1676 1546 1420 1348 1398 1217 1204 1108 1070 1061 1063 1006 943 938 906 906 911 868 804 751 707 662 -9999 -9999 -9999 -9999 -9999 -9999 -9999 -9999 -9999 -9999
-9999 -9999 -9999 -9999 -9999 -9999 -9999 -9999 -9999 -9999 -9999 -9999 -9999 -9999 -9999 -9999 -9999 -9999 -9999 -9999 2689 2555 2525 2658 2652 2525 2443 2349 2501 2272 2418 2526 2461 2447 2444 2406 2368 2106 1976 1797 1682 1729 1847 1849 1826 1733 1727 1386 1298 1334 1362 1198 1169 1147 1145 1059 1050 1054 1023 976 938 877 806 752 716 680 649 -9999 -9999 -9999 -9999 -9999 -9999 -9999 -9999 -9999 -9999
-9999 -9999 -9999 -9999 -9999 -9999 -9999 -9999 -9999 -9999 -9999 -9999 -9999 -9999 -9999 -9999 -9999 -9999 -9999 -9999 -9999 2615 2512 2381 2565 2521 2216 2054 2409 2323 2115 2160 2282 2421 2446 2406 2269 2050 1802 1959 2052 2042 1754 1699 1703 1724 1569 1584 1430 1359 1441 1318 1352 1244 1161 1099 1068 1009 950 886 847 800 763 727 703 678 651 -9999 -9999 -9999 -9999 -9999 -9999 -9999 -9999 -9999 -9999
-9999 -9999 -9999 -9999 -9999 -9999 -9999 -9999 -9999 -9999 -9999 -9999 -9999 -9999 -9999 -9999 -9999 -9999 -9999 -9999 -9999 2563 2543 2403 2552 2489 2355 2182 2192 2250 2155 2302 2442 2454 2440 2406 2348 2172 1948 2060 1706 1830 1646 1535 1635 1557 1503 1536 1597 1506 1502 1253 1236 1172 1141 1032 966 930 886 869 833 789 753 725 694 677 -9999 -9999 -9999 -9999 -9999 -9999 -9999 -9999 -9999 -9999 -9999
-9999 -9999 -9999 -9999 -9999 -9999 -9999 -9999 -9999 -9999 -9999 -9999 -9999 -9999 -9999 -9999 -9999 -9999 -9999 -9999 -9999 2618 2629 2392 2623 2435 2477 2392 2322 2306 2402 2505 2497 2489 2348 2162 2354 2314 2149 1911 1752 1682 1625 1527 1483 1438 1379 1566 1525 1278 1361 1162 1141 1111 1037 1037 972 913 871 842 807 776 748 705 674 647 -9999 -9999 -9999 -9999 -9999 -9999 -9999 -9999 -9999 -9999 -9999
-9999 -9999 -9999 -9999 -9999 -9999 -9999 -9999 -9999 -9999 -9999 -9999 -9999 -9999 -9999 -9999 -9999 -9999 -9999 -9999 -9999 2581 2566 2520 2599 2574 2395 2225 2240 2488 2555 2529 2452 2209 1915 2016 2224 2237 1912 1819 1758 1683 1707 1604 1520 1559 1377 1607 1402 1248 1243 1203 1169 1081 1022 980 914 894 841 794 769 747 709 689 659 638 -9999 -9999 -9999 -9999 -9999 -9999 -9999 -9999 -9999 -9999 -9999
-9999 -9999 -9999 -9999 -9999 -9999 -9999 -9999 -9999 -9999 -9999 -9999 -9999 -9999 -9999 -9999 -9999 -9999 -9999 -9999 -9999 2441 2331 2420 2418 2311 2337 2214 2459 2569 2536 2379 2085 1928 1969 2195 2217 2125 1772 1802 1775 1861 1612 1520 1550 1597 1377 1545 1390 1243 1226 1149 1128 1083 1023 960 925 877 825 783 759 747 718 705 674 635 -9999 -9999 -9999 -9999 -9999 -9999 -9999 -9999 -9999 -9999 -9999
-9999 -9999 -9999 -9999 -9999 -9999 -9999 -9999 -9999 -9999 -9999 -9999 -9999 -9999 -9999 -9999 -9999 -9999 -9999 -9999 -9999 -9999 2480 2376 2286 2451 2397 2532 2372 2469 2462 2017 2017 2025 2063 2000 1903 2005 2134 2037 2074 1876 1614 1563 1507 1575 1388 1322 1520 1276 1136 1082 1032 998 945 955 923 877 844 806 773 726 695 663 639 625 -9999 -9999 -9999 -9999 -9999 -9999 -9999 -9999 -9999 -9999 -9999
-9999 -9999 -9999 -9999 -9999 -9999 -9999 -9999 -9999 -9999 -9999 -9999 -9999 -9999 -9999 -9999 -9999 -9999 -9999 -9999 -9999 -9999 2640 2552 2558 2606 2571 2316 2122 2492 2290 2008 1955 2009 1799 2005 1916 1799 1818 1829 1923 1981 2001 1711 1491 1706 1374 1423 1464 1510 1275 1140 1094 1039 958 963 879 865 817 779 754 737 700 678 617 568 -9999 -9999 -9999 -9999 -9999 -9999 -9999 -9999 -9999 -9999 -9999
-9999 -9999 -9999 -9999 -9999 -9999 -9999 -9999 -9999 -9999 -9999 -9999 -9999 -9999 -9999 -9999 -9999 -9999 -9999 -9999 -9999 -9999 2389 2506 2405 2603 2304 2093 2267 2506 2271 2058 2038 1848 1794 1861 1868 1839 1727 1766 1753 1931 1741 1754 1667 1708 1640 1617 1571 1530 1453 1264 1141 1029 1035 951 896 845 802 781 739 718 696 680 649 -9999 -9999 -9999 -9999 -9999 -9999 -9999 -9999 -9999 -9999 -9999 -9999
-9999 -9999 -9999 -9999 -9999 -9999 -9999 -9999 -9999 -9999 -9999 -9999 -9999 -9999 -9999 -9999 -9999 -9999 -9999 -9999 -9999 -9999 2321 2318 2484 2379 2309 2112 2301 2324 2225 2034 2042 1803 1879 1746 1817 1948 1909 1911 1995 1967 1572 1491 1449 1440 1317 1294 1543 1402 1402 1180 1124 1170 1105 998 937 867 817 758 734 711 683 645 633 -9999 -9999 -9999 -9999 -9999 -9999 -9999 -9999 -9999 -9999 -9999 -9999
-9999 -9999 -9999 -9999 -9999 -9999 -9999 -9999 -9999 -9999 -9999 -9999 -9999 -9999 -9999 -9999 -9999 -9999 -9999 -9999 -9999 -9999 2454 2265 2316 2180 2189 2146 2036 1811 2137 2047 1921 1909 1896 1696 1667 1669 1611 1638 1919 1597 1574 1567 1429 1367 1445 1250 1353 1417 1355 1221 1066 1036 1009 1018 996 927 849 794 758 702 659 645 634 -9999 -9999 -9999 -9999 -9999 -9999 -9999 -9999 -9999 -9999 -9999 -9999
-9999 -9999 -9999 -9999 -9999 -9999 -9999 -9999 -9999 -9999 -9999 -9999 -9999 -9999 -9999 -9999 -9999 -9999 -9999 -9999 -9999 -9999 -9999 2165 1898 1894 2091 2178 2165 2133 2181 2147 2011 1967 1784 1785 1795 1805 1673 1839 1650 1515 1406 1416 1484 1519 1435 1522 1451 1539 1330 1165 1045 964 922 908 919 852 886 779 738 710 675 651 625 -9999 -9999 -9999 -9999 -9999 -9999 -9999 -9999 -9999 -9999 -9999 -9999
-9999 -9999 -9999 -9999 -9999 -9999 -9999 -9999 -9999 -9999 -9999 -9999 -9999 -9999 -9999 -9999 -9999 -9999 -9999 -9999 -9999 -9999 -9999 2264 2173 1790 1985 2099 2216 2217 2144 2032 1995 1946 1844 1768 1775 1690 2031 1784 1492 1575 1547 1451 1349 1303 1274 1287 1240 1499 1322 1236 1128 1092 1032 1059 1023 841 859 786 754 723 697 657 622 -9999 -9999 -9999 -9999 -9999 -9999 -9999 -9999 -9999 -9999 -9999 -9999
-9999 -9999 -9999 -9999 -9999 -9999 -9999 -9999 -9999 -9999 -9999 -9999 -9999 -9999 -9999 -9999 -9999 -9999 -9999 -9999 -9999 -9999 -9999 2401 2227 1991 1880 2053 1989 2179 2017 2078 1874 1863 1809 1851 1632 1814 2038 1498 1527 1447 1402 1391 1565 1423 1200 1251 1479 1442 1287 1196 1161 1128 1103 979 1008 987 836 810 794 747 708 669 641 -9999 -9999 -9999 -9999 -9999 -9999 -9999 -9999 -9999 -9999 -9999 -9999
-9999 -9999 -9999 -9999 -9999 -9999 -9999 -9999 -9999 -9999 -9999 -9999 -9999 -9999 -9999 -9999 -9999 -9999 -9999 -9999 -9999 -9999 -9999 2488 2295 2072 2067 2000 2096 2075 1960 1921 2104 2022 1852 1767 1697 2022 1648 1512 1539 1410 1441 1360 1314 1410 1514 1512 1292 1128 1110 1128 1116 1061 1048 923 894 952 921 867 821 776 734 693 -9999 -9999 -9999 -9999 -9999 -9999 -9999 -9999 -9999 -9999 -9999 -9999 -9999
-9999 -9999 -9999 -9999 -9999 -9999 -9999 -9999 -9999 -9999 -9999 -9999 -9999 -9999 -9999 -9999 -9999 -9999 -9999 -9999 -9999 -9999 -9999 2527 2463 2233 2262 2025 2200 1875 1901 1872 1894 2053 2124 1894 1814 2047 1528 1511 1601 1441 1389 1402 1316 1493 1483 1502 1391 1286 1226 1061 975 957 919 936 877 813 852 860 832 796 745 690 -9999 -9999 -9999 -9999 -9999 -9999 -9999 -9999 -9999 -9999 -9999 -9999 -9999
-9999 -9999 -9999 -9999 -9999 -9999 -9999 -9999 -9999 -9999 -9999 -9999 -9999 -9999 -9999 -9999 -9999 -9999 -9999 -9999 -9999 -9999 -9999 -9999 2321 2318 2350 2145 2235 2024 2036 1822 1942 1775 1810 2148 2084 1924 1749 1580 1528 1462 1611 1630 1540 1342 1180 1311 1126 1172 1261 1249 1044 917 881 865 841 848 816 771 733 727 711 683 -9999 -9999 -9999 -9999 -9999 -9999 -9999 -9999 -9999 -9999 -9999 -9999 -9999
-9999 -9999 -9999 -9999 -9999 -9999 -9999 -9999 -9999 -9999 -9999 -9999 -9999 -9999 -9999 -9999 -9999 -9999 -9999 -9999 -9999 -9999 -9999 -9999 2119 2340 -9999 2455 2194 2013 1928 1794 1878 1913 1807 1996 2326 2162 2101 1871 1743 1822 1866 1571 1373 1321 1195 1186 1100 1040 1070 1154 1171 1057 986 930 868 799 772 724 686 668 654 642 -9999 -9999 -9999 -9999 -9999 -9999 -9999 -9999 -9999 -9999 -9999 -9999 -9999
