L_edwardsianus/M_variables/Set1/bio11_.asc
NCOLS 77 
NROWS 221 
XLLCORNER -74.2083333333333 
YLLCORNER -46.25 
CELLSIZE 0.0416666666666666 
NODATA_value -9999 
[rows 88 to 109 of 221, columns 0 to 49 of 77]
-9999 -9999 -9999 -9999 -9999 -9999 -9999 -9999 7.73333358764648 7.04313707351685 7.10666656494141 7.07933330535889 6.4026665687561 6.35266637802124 5.53933334350586 5.75666666030884 6.51933336257935 6.78133344650269 6.47533321380615 6.16800022125244 6.21733331680298 6.77799987792969 7.19199991226196 7.33333349227905 7.27733325958252 7.22333335876465 7.19533348083496 7.20266675949097 7.21733331680298 7.25600004196167 7.25 7.22666692733765 7.18066692352295 7.15333318710327 7.06799983978271 6.98866653442383 6.90866661071777 6.79733324050903 6.77199983596802 6.68666648864746 6.77266645431519 7.09666681289673 7.08666658401489 6.25466632843018 5.67266654968262 5.25600004196167 3.60133337974548 2.73000001907349 1.65933334827423 2.47733330726624
-9999 -9999 -9999 -9999 -9999 -9999 -9999 -9999 7.43541669845581 7.02866649627686 7.00200033187866 5.37400007247925 4.23466682434082 4.82266664505005 4.66133308410645 5.25866651535034 6.50733327865601 6.57666683197021 6.5939998626709 6.60866689682007 6.63333320617676 6.89733362197876 7.32466650009155 7.32333326339722 7.27933311462402 7.22866630554199 7.19066667556763 7.18466663360596 7.20133352279663 7.25733327865601 7.28133344650269 7.24866676330566 7.21600008010864 7.14133358001709 7.05000019073486 6.97200012207031 7.19466638565063 7.46400022506714 7.61999988555908 7.53533315658569 7.39200019836426 7.47533321380615 7.15733337402344 5.75866651535034 4.02933311462402 4.14066648483276 3.70199990272522 2.35066676139832 0.878666698932648 0.105999909341335
-9999 -9999 -9999 -9999 -9999 -9999 -9999 -9999 6.95614051818848 5.71199989318848 5.78800010681152 5.66733312606812 4.05933332443237 3.88600015640259 3.93799996376038 5.34466648101807 6.14599990844727 6.74333333969116 6.71933317184448 6.98733329772949 7.17866706848145 7.24599981307983 7.28466653823853 7.22733306884766 7.30266666412354 7.26933336257935 7.22466659545898 7.20800018310547 7.20266675949097 7.20666694641113 7.24266672134399 7.22466659545898 7.17799997329712 7.1453332901001 7.09533309936523 7.01333332061768 7.02066659927368 7.40399980545044 7.68133354187012 7.84333324432373 7.93133306503296 7.94400024414062 7.81066656112671 6.96066665649414 5.46199989318848 3.63199996948242 2.47266674041748 2.31866669654846 2.22733330726624 2.85066676139832
-9999 -9999 -9999 -9999 -9999 -9999 -9999 7.46111106872559 6.60333347320557 5.47800016403198 4.63133335113525 4.6453332901001 5.17400026321411 4.68266677856445 3.89866662025452 4.99533367156982 5.89599990844727 6.84000015258789 7.09000015258789 7.15999984741211 7.17466640472412 7.28600025177002 7.23466682434082 7.24866676330566 7.28333330154419 7.24933338165283 7.23266696929932 7.21533346176147 7.2039999961853 7.19799995422363 7.20266675949097 7.26533317565918 7.25666666030884 7.20133352279663 7.10200023651123 6.96600008010864 6.82866668701172 6.76333332061768 6.67733335494995 6.93800020217896 7.63600015640259 7.37466669082642 7.7093334197998 7.85066652297974 7.40533304214478 5.5993332862854 4.92199993133545 5.94600009918213 6.29333353042603 4.88066673278809
-9999 -9999 -9999 -9999 -9999 -9999 -9999 8.10000038146973 7.43921566009521 6.59333372116089 5.59800004959106 4.18599987030029 3.78999996185303 4.03399991989136 4.76466655731201 5.7926664352417 6.496666431427 6.46266651153564 6.71733331680298 6.67066669464111 6.88333320617676 7.04666662216187 7.24933338165283 7.15866661071777 7.23333311080933 7.19999980926514 7.1933331489563 7.18466663360596 7.18133354187012 7.18400001525879 7.17533349990845 7.18133306503296 7.17133331298828 7.15533351898193 7.16400003433228 7.06466674804688 6.94000005722046 6.7553334236145 6.5406665802002 6.49599981307983 5.86866664886475 6.06599998474121 7.02199983596802 6.73400020599365 6.86133337020874 6.66799974441528 6.50133323669434 6.41733312606812 5.81533336639404 5.00066661834717
-9999 -9999 -9999 -9999 -9999 -9999 -9999 7.40833330154419 7.02631568908691 5.65333366394043 4.38133335113525 4.01933336257935 4.82466650009155 5.4026665687561 6.06866645812988 7.02933359146118 6.75 6.47799968719482 6.71466636657715 6.77799987792969 7 6.94000005722046 7.12799978256226 7.16866683959961 7.12400007247925 7.09200000762939 7.16133308410645 7.19066667556763 7.17999982833862 7.12799978256226 7.1046667098999 7.11600017547607 7.17133331298828 7.10866641998291 6.98000001907349 6.96733331680298 6.97333335876465 6.87066650390625 6.72066640853882 6.39066648483276 5.42666673660278 4.97666645050049 4.78066682815552 5.43666648864746 4.56599998474121 4.28999996185303 3.25399994850159 1.80200004577637 2.16866660118103 3.61066675186157
-9999 -9999 -9999 -9999 -9999 -9999 7.50512838363647 6.3033332824707 5.68266677856445 4.80466651916504 4.17000007629395 3.9706666469574 5.08533334732056 6.25600004196167 7.2519998550415 7.10199975967407 6.35200023651123 6.43066692352295 6.71399974822998 6.96066665649414 7.02799987792969 6.96133327484131 7.07466697692871 7.21333360671997 7.14266681671143 7.13866662979126 7.16066646575928 7.16133308410645 7.12066650390625 7.08266687393188 7.05000019073486 7.4433331489563 7.94799995422363 7.77199983596802 7.08733320236206 7.02333354949951 6.99399995803833 6.8386664390564 6.61266660690308 6.23733329772949 5.12066650390625 4.06933307647705 5.3033332824707 3.83733344078064 2.98666667938232 2.05866670608521 0.336666703224182 2.73200011253357 4.20133352279663 3.48600006103516
-9999 -9999 -9999 -9999 -9999 -9999 6.75833320617676 5.95333337783813 4.92600011825562 4.24933338165283 4.36933326721191 5.26933336257935 6.34000015258789 6.89200019836426 7.23400020599365 6.73333358764648 6.43133354187012 6.73266649246216 6.88266658782959 7.16199970245361 7.16333341598511 7.12466669082642 7.06466674804688 7.15133333206177 7.18333339691162 7.1453332901001 7.14466667175293 7.10333347320557 7.06466674804688 7.0019998550415 7.16400003433228 7.90133333206177 8.20666694641113 8.25399971008301 8.09933280944824 7.98199987411499 7.81266689300537 7.24599981307983 6.44199991226196 5.57400035858154 4.85866641998291 3.99066662788391 4.04400014877319 2.96733331680298 2.871333360672 2.36800003051758 4.32333326339722 5.06133317947388 4.34866666793823 4.63266658782959
-9999 -9999 -9999 -9999 -9999 -9999 7.43148136138916 6.11266660690308 5.5479998588562 4.30999994277954 5.05066680908203 6.3386664390564 6.81466674804688 7.62800025939941 7.27799987792969 6.84333324432373 6.37333297729492 6.56133317947388 7.01733303070068 7.16666650772095 7.00066661834717 6.97933340072632 6.96799993515015 7.10866689682007 7.12533330917358 7.09466648101807 7.1026668548584 7.06533336639404 7.02266693115234 6.9680004119873 7.39200019836426 7.91333341598511 8.24466705322266 8.37333297729492 8.33933353424072 8.30000019073486 8.16399955749512 7.64333343505859 6.55066680908203 4.8546667098999 3.43400001525879 2.89333343505859 2.06866669654846 3.96600008010864 5.33533334732056 5.22333335876465 5.39800024032593 6.63933324813843 6.81599998474121 6.41066646575928
-9999 -9999 -9999 -9999 -9999 -9999 7.46666669845581 6.76666688919067 4.8953332901001 3.87466669082642 4.5973334312439 6.47333335876465 7.51399993896484 7.74866676330566 7.37666654586792 7.08933305740356 6.59666681289673 6.33266687393188 6.83733320236206 7.10200023651123 7.00133323669434 6.97066688537598 6.91199970245361 6.98266649246216 7.08400011062622 7.07866668701172 7.04866695404053 7.01133346557617 7.08066654205322 7.57399988174438 7.88733339309692 8.11600017547607 8.27066707611084 8.33066654205322 8.34933376312256 8.35333347320557 8.29733371734619 8.02600002288818 6.61266660690308 3.81599998474121 0.00866659451276064 -0.108000002801418 4.36466693878174 6.65733337402344 7.11866664886475 7.28999996185303 7.3033332824707 6.81799983978271 5.46066665649414 5.24866676330566
-9999 -9999 -9999 -9999 -9999 -9999 -9999 7.28768110275269 5.66533327102661 4.19999980926514 4.70000028610229 5.75799989700317 7.41466665267944 7.739333152771 7.55733299255371 7.24599981307983 7.02600002288818 6.80800008773804 6.90333318710327 6.99866676330566 6.96799993515015 6.93333339691162 6.89866638183594 6.87799978256226 7.00066709518433 7.0533332824707 7.04199981689453 6.97600030899048 7.2906665802002 7.62866687774658 8.01799964904785 8.19933319091797 8.25733375549316 8.29333305358887 8.31400012969971 8.32733345031738 8.32666683197021 8.23400020599365 7.78133344650269 5.61866664886475 3.78866672515869 4.52933311462402 5.88533306121826 4.85799980163574 4.4593334197998 5.39400005340576 6.83599996566772 2.25200009346008 1.97133326530457 1.54799997806549
-9999 -9999 -9999 -9999 -9999 -9999 -9999 7.41874980926514 6.39866638183594 5.0493335723877 5.89599990844727 6.58733320236206 7.27400016784668 7.3439998626709 7.39066648483276 7.3953332901001 7.25266647338867 7.05266666412354 6.94933319091797 6.86199998855591 6.91799974441528 6.87733316421509 6.82866668701172 6.8033332824707 6.90999984741211 6.95066690444946 7.06066656112671 6.99399995803833 7.19266653060913 7.66866683959961 8.04800033569336 8.16333293914795 8.22533321380615 8.2180004119873 8.15333366394043 8.05533313751221 8.01933288574219 8.03666687011719 7.96533346176147 7.55399990081787 6.94266653060913 6.8493332862854 3.62466669082642 2.38666677474976 2.11600017547607 2.74199986457825 6.33599996566772 2.25799989700317 1.08000004291534 2.85733318328857
-9999 -9999 -9999 -9999 -9999 -9999 -9999 -9999 7.26428556442261 5.93133306503296 6.48733329772949 7.23066663742065 6.65866661071777 6.20599985122681 6.69199991226196 7.08799982070923 7.22466659545898 7.25733327865601 6.9573335647583 6.92000007629395 6.85666656494141 6.81533336639404 6.76999998092651 6.71866655349731 6.81133317947388 6.79266691207886 6.99200010299683 7.06066656112671 7.31333351135254 7.75866651535034 8.02266693115234 8.11400032043457 8.06400012969971 7.9520001411438 7.80999994277954 7.30399990081787 6.20333337783813 6.996666431427 7.56199979782104 7.52133369445801 7.47733354568481 7.48066663742065 6.00133323669434 3.76600003242493 2.15466666221619 3.05400013923645 5.98866653442383 2.53666663169861 1.38733327388763 3.83800005912781
-9999 -9999 -9999 -9999 -9999 -9999 -9999 -9999 7.62435913085938 7.07266664505005 5.82399988174438 6.55066680908203 5.82266664505005 5.90999984741211 6.63000011444092 6.83400011062622 7.09600019454956 7.2039999961853 7.14599990844727 7.00333309173584 6.93200016021729 6.84266662597656 6.8066668510437 6.71799993515015 6.73466682434082 6.88933324813843 7.0479998588562 7.0493335723877 7.16866683959961 7.49866676330566 7.81199979782104 7.92933320999146 7.71400022506714 7.42733335494995 7.09800004959106 6.48600006103516 6.07266664505005 5.70533323287964 5.69399976730347 6.4539999961853 6.60733366012573 7.2906665802002 6.14266681671143 6.34266662597656 3.31200003623962 3.34066677093506 5.40533304214478 4.38066673278809 1.98399996757507 4.50799989700317
-9999 -9999 -9999 -9999 -9999 -9999 -9999 -9999 7.74444437026978 7.19400024414062 6.45466661453247 5.59466648101807 5.92466688156128 6.48866653442383 6.95133352279663 7.1100001335144 7.22333335876465 7.23533344268799 7.2006664276123 7.16333341598511 7.16533327102661 7.07800006866455 7.09533357620239 7.06266689300537 7.04200029373169 7.09999990463257 7.05599975585938 7.04266691207886 7.03200006484985 7.21400022506714 7.4040002822876 7.42000007629395 7.04466676712036 6.8633337020874 6.54199981689453 6.03933334350586 5.09466648101807 2.93266677856445 1.84399998188019 4.01866674423218 4.17866659164429 5.10799980163574 5.89333343505859 6.75399971008301 4.5460000038147 2.56933331489563 4.42199993133545 3.40199995040894 4.97399997711182 2.6453332901001
-9999 -9999 -9999 -9999 -9999 -9999 -9999 -9999 8.06666660308838 7.50399971008301 6.87466669082642 6.26666688919067 6.09066677093506 6.22933340072632 6.72733354568481 6.84066677093506 7.01533317565918 7.09200000762939 7.13266658782959 7.33933305740356 7.34466648101807 7.25799989700317 7.2586669921875 7.14933347702026 7.08400011062622 7.20599985122681 7.13733291625977 7.12800025939941 7.06799983978271 6.93933343887329 6.93466663360596 6.94799995422363 6.86866664886475 6.78933334350586 6.59133338928223 6.10400009155273 5.04199981689453 3.01666665077209 1.97866666316986 3.15733337402344 4.00866651535034 3.81599998474121 3.06866669654846 5.70533323287964 6.03466653823853 5.33533334732056 5.81066656112671 2.49399995803833 1.27533328533173 1.682000041008
-9999 -9999 -9999 -9999 -9999 -9999 -9999 -9999 7.9777774810791 7.47866678237915 7.32266664505005 7.21000003814697 7.08733367919922 6.94466686248779 7.03133344650269 6.86933326721191 6.98199987411499 7.00133323669434 7.15466690063477 7.29800033569336 7.35066699981689 7.39799976348877 7.39333343505859 7.2873330116272 7.2446665763855 7.24533319473267 7.17066669464111 7.05000019073486 7.02399969100952 7.00866651535034 6.989333152771 6.95599985122681 6.86399984359741 7.01866626739502 6.71666669845581 6.33133316040039 5.09133338928223 5.15533351898193 5.35866641998291 5.09333324432373 4.45466661453247 4.80533313751221 3.72466683387756 2.43599987030029 4.11199998855591 7.49358987808228 5.90303039550781 2.9353334903717 1.40200006961823 2.31866669654846
-9999 -9999 -9999 -9999 -9999 -9999 -9999 -9999 7.77666664123535 7.57200002670288 7.29133319854736 7.38199996948242 7.24133348464966 7.40666675567627 7.16200017929077 7.03733348846436 7.18400001525879 7.13199996948242 7.27866649627686 7.30266666412354 7.2979998588562 7.36333322525024 7.36266660690308 7.36666679382324 7.22266674041748 7.10533332824707 6.97466659545898 6.8953332901001 6.9946665763855 6.99533367156982 6.96400022506714 6.96133327484131 6.92399978637695 7.19733333587646 7.04533338546753 7.27400016784668 6.64866638183594 6.02799987792969 5.58799982070923 5.76466655731201 6.29333353042603 5.09666681289673 2.41466665267944 2.70600008964539 4.70866680145264 7.31444454193115 3.86944437026978 2.69799995422363 3.86133337020874 2.23199987411499
-9999 -9999 -9999 -9999 -9999 -9999 -9999 -9999 8.07777786254883 7.49130439758301 7.28733348846436 7.72466659545898 7.62536239624023 7.74200010299683 7.52799987792969 7.52533340454102 7.63600015640259 7.51199960708618 7.4466667175293 7.51399993896484 7.43266677856445 7.55200004577637 7.46333312988281 7.36533308029175 7.22266674041748 7.07066679000854 6.94933319091797 7.04133319854736 7.00466680526733 7.0962119102478 7.2597222328186 7.23333311080933 7.42681169509888 7.29236125946045 6.71199989318848 6.0993332862854 6.12466669082642 5.92933320999146 3.51066660881042 3.33666682243347 3.77133321762085 5.74066686630249 4.34866666793823 2.2260000705719 4.45466661453247 7.08717918395996 4.8439998626709 4.56133317947388 1.06200003623962 0.368666738271713
-9999 -9999 -9999 -9999 -9999 -9999 -9999 -9999 -9999 7.89166688919067 7.88750028610229 7.82666635513306 7.82500028610229 7.76086950302124 7.67466688156128 7.60733318328857 7.72533321380615 7.75208330154419 7.73245620727539 7.73133325576782 7.63333368301392 7.49933338165283 7.41066646575928 7.32266664505005 7.18933343887329 7.03399991989136 7.05600023269653 7.15533351898193 7.29374980926514 7.34444427490234 -9999 -9999 7.70833301544189 7.53333330154419 7.28125 6.52866697311401 5.15799999237061 5.33666658401489 4.21133327484131 3.68799996376038 2.7906665802002 4.73666667938232 4.3033332824707 3.58066654205322 5.53560590744019 7.21666669845581 4.68958330154419 3.2739999294281 0.49933335185051 2.88866662979126
-9999 -9999 -9999 -9999 -9999 -9999 -9999 -9999 -9999 8.38333320617676 8.07435894012451 8.04222202301025 7.95526313781738 7.96372556686401 7.92600011825562 7.87933349609375 7.87083339691162 7.89710140228271 7.82200002670288 7.62333345413208 7.5019998550415 7.53066682815552 7.47866678237915 7.33599996566772 7.21466684341431 7.17866659164429 7.18199968338013 7.21875 7.56666660308838 7.55833339691162 -9999 -9999 -9999 -9999 7.63333320617676 7.30833339691162 5.83199977874756 5.63000011444092 3.45733332633972 3.54466652870178 2.51733326911926 3.14666652679443 2.2553334236145 2.46066665649414 5.23958349227905 5.33194446563721 2.3600001335144 1.98399996757507 1.73333334922791 3.89199995994568
-9999 -9999 -9999 -9999 -9999 -9999 -9999 -9999 -9999 -9999 -9999 -9999 8.06666660308838 8.19999980926514 8.0803918838501 8.04047584533691 8.01666641235352 7.93866634368896 7.81799983978271 7.72266674041748 7.5906662940979 7.46799993515015 7.36399984359741 7.25066661834717 7.21133327484131 7.16799974441528 7.31666660308838 7.51666641235352 7.68333339691162 7.66666650772095 -9999 -9999 -9999 -9999 -9999 -9999 7.44019603729248 6.5959997177124 5.43666648864746 3.84866666793823 4.0460000038147 2.28933334350586 2.44466662406921 2.88533329963684 6.00277757644653 5.23250007629395 3.69533324241638 5.30599975585938 4.57733345031738 2.11866664886475
