L_edwardsianus/M_variables/Set1/bio14_.asc
NCOLS 77 
NROWS 221 
XLLCORNER -74.2083333333333 
YLLCORNER -46.25 
CELLSIZE 0.0416666666666666 
NODATA_value -9999 
[rows 102 to 152 of 221, columns 0 to 76 of 77]
-9999 -9999 -9999 -9999 -9999 -9999 -9999 -9999 78 76 74 71 70 71 71 71 71 71 71 71 72 72 72 73 74 76 77 78 80 81 80 82 84 86 86 85 83 69 65 81 83 94 105 114 92 66 95 81 107 72 52 60 60 73 51 38 40 44 45 37 32 29 33 35 34 27 21 20 20 19 20 18 19 17 17 17 -9999
-9999 -9999 -9999 -9999 -9999 -9999 -9999 -9999 80 79 76 74 72 72 72 71 72 72 72 74 75 75 75 76 77 79 80 81 82 84 85 86 88 89 89 88 84 71 66 73 82 80 74 104 108 102 110 65 55 59 61 50 47 55 49 37 43 46 46 48 38 37 34 37 36 26 21 21 20 20 18 17 17 17 16 16 -9999
-9999 -9999 -9999 -9999 -9999 -9999 -9999 -9999 82 80 79 78 76 75 74 73 73 73 74 75 76 77 78 79 81 81 82 83 84 86 88 89 90 91 92 91 85 87 90 90 84 90 81 68 88 116 108 73 56 67 84 65 53 45 43 49 39 47 39 42 36 27 27 32 25 30 22 20 19 18 17 17 18 16 17 16 -9999
-9999 -9999 -9999 -9999 -9999 -9999 -9999 -9999 83 82 80 79 78 78 77 76 76 75 76 76 77 79 80 81 82 83 85 86 86 88 89 90 92 93 95 94 96 94 92 94 99 91 68 73 95 117 81 69 84 67 54 64 53 53 49 54 43 43 42 45 35 34 29 29 23 31 23 22 22 19 19 18 17 16 17 16 -9999
-9999 -9999 -9999 -9999 -9999 -9999 -9999 -9999 85 83 81 82 81 81 79 78 79 78 78 79 79 81 82 83 84 86 86 87 88 91 90 92 93 95 95 93 93 94 76 75 79 97 85 66 91 114 91 90 53 50 63 51 46 53 58 44 50 33 33 44 41 39 27 32 25 28 25 25 22 19 18 17 17 16 15 16 -9999
-9999 -9999 -9999 -9999 -9999 -9999 -9999 -9999 -9999 86 85 84 83 82 80 79 80 80 80 81 82 82 83 83 85 86 88 88 88 89 -9999 -9999 92 95 98 98 89 91 82 78 70 89 84 78 100 111 89 75 48 70 56 58 47 59 61 56 60 56 34 31 42 43 40 41 40 29 27 22 21 20 19 17 17 16 15 16 -9999
-9999 -9999 -9999 -9999 -9999 -9999 -9999 -9999 -9999 89 87 85 84 83 82 81 81 81 82 82 83 84 85 85 86 88 89 88 90 91 -9999 -9999 -9999 -9999 98 101 96 96 78 79 69 74 65 67 97 93 63 62 59 81 56 52 43 50 73 42 39 43 54 31 34 39 30 29 40 34 29 22 23 22 20 18 17 16 15 15 -9999
-9999 -9999 -9999 -9999 -9999 -9999 -9999 -9999 -9999 -9999 -9999 -9999 85 86 84 83 82 82 83 84 84 84 85 86 88 89 90 91 90 91 -9999 -9999 -9999 -9999 -9999 -9999 102 103 95 81 82 66 67 71 101 92 76 93 86 60 56 49 50 45 66 42 40 47 56 51 53 50 46 40 38 34 29 25 24 20 19 17 17 17 16 14 -9999
-9999 -9999 -9999 -9999 -9999 -9999 -9999 -9999 -9999 -9999 -9999 -9999 89 88 87 86 85 85 84 85 85 85 86 87 88 90 91 91 -9999 94 94 -9999 -9999 -9999 -9999 -9999 -9999 90 73 73 73 81 86 94 105 105 104 87 87 79 60 50 54 62 70 49 44 48 37 31 30 33 43 32 31 32 26 26 23 23 20 19 17 17 17 15 -9999
-9999 -9999 -9999 -9999 -9999 -9999 -9999 -9999 94 -9999 -9999 -9999 93 92 90 88 87 87 87 87 87 86 87 88 89 90 92 92 95 93 95 96 -9999 -9999 -9999 -9999 -9999 98 81 85 97 101 104 102 102 101 87 61 63 91 84 58 62 72 53 52 41 37 33 37 38 34 33 39 35 32 30 26 24 21 20 19 19 18 18 16 -9999
-9999 -9999 -9999 -9999 -9999 -9999 -9999 -9999 -9999 97 97 96 95 94 93 91 89 88 87 87 87 88 88 90 90 92 92 94 -9999 94 95 -9999 -9999 -9999 -9999 -9999 101 101 97 101 90 95 80 69 86 79 87 59 60 63 85 84 81 68 59 57 42 36 36 37 30 27 29 31 34 32 29 22 22 20 18 17 16 19 16 15 -9999
-9999 -9999 -9999 -9999 -9999 -9999 -9999 99 -9999 -9999 -9999 -9999 -9999 95 94 91 90 89 88 88 89 89 89 90 91 93 94 94 94 -9999 -9999 -9999 -9999 -9999 -9999 -9999 100 86 75 89 72 78 66 52 63 63 78 74 58 53 59 83 84 58 40 56 39 39 34 34 30 29 25 29 30 30 29 23 20 20 19 18 17 18 16 15 -9999
-9999 -9999 -9999 -9999 -9999 -9999 -9999 101 102 -9999 -9999 -9999 100 99 97 95 93 88 -9999 89 89 90 -9999 91 92 94 94 94 95 96 -9999 -9999 -9999 -9999 100 100 94 84 80 82 80 69 64 63 57 67 67 54 54 55 55 71 70 72 46 37 43 39 34 34 35 31 28 32 33 31 29 22 20 19 17 18 19 19 18 16 -9999
-9999 -9999 -9999 -9999 -9999 -9999 -9999 103 104 107 106 103 102 101 100 97 94 90 -9999 -9999 -9999 -9999 -9999 -9999 93 94 94 96 96 96 98 99 -9999 101 100 100 90 79 82 77 73 74 77 78 67 60 55 62 61 62 68 70 56 70 62 42 41 33 33 33 33 32 31 34 33 31 31 26 21 21 19 18 18 19 19 18 -9999
-9999 -9999 -9999 -9999 -9999 -9999 -9999 105 105 106 107 105 104 102 102 99 97 95 -9999 -9999 -9999 -9999 -9999 -9999 -9999 95 96 95 -9999 -9999 98 98 100 100 100 101 96 83 75 81 81 81 77 90 69 60 54 49 48 64 60 49 54 55 66 58 48 35 32 32 31 29 30 33 32 30 30 28 21 22 18 18 20 21 20 20 -9999
-9999 -9999 -9999 -9999 -9999 -9999 -9999 103 106 107 107 106 105 104 104 101 99 -9999 -9999 -9999 -9999 -9999 -9999 -9999 -9999 -9999 -9999 -9999 -9999 -9999 -9999 -9999 100 101 100 102 103 95 85 84 86 98 99 85 77 65 66 49 51 52 49 46 45 45 65 58 56 40 32 31 28 28 31 33 32 26 27 26 24 21 20 21 21 21 21 20 -9999
-9999 -9999 -9999 -9999 -9999 -9999 -9999 -9999 106 107 107 106 106 106 105 104 103 -9999 -9999 -9999 -9999 -9999 -9999 -9999 -9999 -9999 -9999 -9999 -9999 -9999 -9999 -9999 -9999 102 102 102 104 98 84 96 87 99 97 68 60 55 56 53 46 57 43 45 51 43 60 62 55 43 33 32 31 27 32 34 32 27 22 24 25 24 21 21 22 21 21 18 -9999
-9999 -9999 -9999 -9999 -9999 -9999 -9999 -9999 106 107 107 106 106 105 105 106 106 105 -9999 -9999 -9999 -9999 -9999 -9999 -9999 -9999 -9999 -9999 -9999 -9999 -9999 -9999 -9999 -9999 -9999 103 103 104 101 90 89 94 90 70 53 52 58 53 54 64 67 66 64 62 63 55 52 48 35 32 30 32 36 34 31 26 23 21 23 22 21 21 22 21 19 16 -9999
-9999 -9999 -9999 -9999 -9999 -9999 -9999 -9999 105 106 106 106 106 106 106 107 106 106 104 -9999 -9999 -9999 -9999 -9999 -9999 -9999 -9999 -9999 -9999 -9999 -9999 -9999 -9999 -9999 -9999 -9999 -9999 100 101 100 99 98 79 72 63 55 53 56 65 52 55 45 41 46 44 49 54 49 35 32 33 33 38 33 35 30 25 24 23 18 19 21 22 20 17 17 -9999
-9999 -9999 -9999 -9999 -9999 -9999 -9999 -9999 104 104 105 106 106 106 107 108 106 106 105 103 -9999 -9999 -9999 -9999 -9999 -9999 -9999 -9999 -9999 -9999 -9999 -9999 -9999 -9999 -9999 -9999 -9999 -9999 101 98 91 98 84 76 62 76 52 51 54 46 51 39 41 41 44 50 42 46 44 41 42 41 37 34 34 30 30 25 22 19 19 22 22 19 17 -9999 -9999
-9999 -9999 -9999 -9999 -9999 -9999 -9999 -9999 103 103 104 105 105 106 106 107 106 108 106 104 104 -9999 -9999 -9999 -9999 -9999 -9999 -9999 -9999 -9999 -9999 -9999 -9999 -9999 -9999 -9999 -9999 -9999 100 96 83 94 76 76 73 72 60 53 46 46 44 42 43 42 43 43 36 38 35 36 34 42 37 33 33 25 28 29 23 21 22 23 22 21 18 -9999 -9999
-9999 -9999 -9999 -9999 -9999 -9999 -9999 -9999 -9999 103 104 104 105 105 106 107 108 107 106 105 104 -9999 -9999 -9999 -9999 -9999 -9999 -9999 -9999 -9999 -9999 -9999 -9999 -9999 -9999 -9999 -9999 -9999 92 92 -9999 -9999 79 74 74 68 66 58 58 46 48 48 44 48 48 41 39 37 35 36 40 43 32 31 35 28 26 28 26 24 22 22 22 22 20 -9999 -9999
-9999 -9999 -9999 -9999 -9999 -9999 -9999 -9999 -9999 102 103 104 105 105 106 107 108 107 106 106 105 -9999 -9999 -9999 104 -9999 -9999 -9999 -9999 -9999 -9999 -9999 -9999 -9999 102 102 101 94 81 82 94 -9999 82 75 88 75 68 69 59 49 48 47 54 40 39 42 41 40 38 42 46 38 28 30 29 31 30 30 28 26 25 23 23 22 21 -9999 -9999
-9999 -9999 -9999 -9999 -9999 -9999 -9999 -9999 -9999 102 102 103 104 105 106 106 107 107 108 107 106 -9999 105 105 104 104 104 103 -9999 -9999 -9999 -9999 -9999 103 102 102 99 85 77 82 92 97 83 78 75 67 58 55 50 45 48 50 57 53 51 46 45 38 38 47 38 31 28 29 28 25 24 27 27 26 25 23 22 22 21 -9999 -9999
-9999 -9999 -9999 -9999 -9999 -9999 -9999 -9999 -9999 102 102 102 103 104 105 106 106 107 107 106 106 105 105 106 106 105 104 105 -9999 -9999 -9999 -9999 105 104 100 92 98 86 75 79 90 93 72 77 66 72 58 54 62 49 45 45 49 40 43 50 45 46 45 36 33 30 28 25 25 25 22 23 26 25 23 23 22 22 21 -9999 -9999
-9999 -9999 -9999 -9999 -9999 -9999 -9999 -9999 -9999 100 100 101 103 104 104 105 106 107 106 -9999 106 -9999 -9999 107 -9999 104 105 -9999 -9999 -9999 -9999 -9999 -9999 -9999 103 90 83 88 80 73 84 97 87 87 78 73 65 59 60 49 47 50 43 43 42 39 35 35 32 30 30 28 27 26 24 27 26 27 27 26 23 24 22 22 21 -9999 -9999
-9999 -9999 -9999 -9999 -9999 -9999 -9999 -9999 -9999 -9999 99 100 101 102 104 105 105 -9999 107 -9999 -9999 108 107 -9999 -9999 107 106 -9999 -9999 -9999 -9999 -9999 -9999 -9999 107 103 93 89 80 74 75 86 94 70 62 62 70 67 61 49 43 42 40 40 35 34 36 37 30 30 30 28 28 28 30 30 30 29 27 26 25 23 18 18 21 -9999 -9999
-9999 -9999 -9999 -9999 -9999 -9999 -9999 -9999 -9999 -9999 98 99 101 102 104 105 105 105 106 -9999 107 108 108 -9999 -9999 -9999 -9999 -9999 -9999 -9999 -9999 -9999 -9999 -9999 -9999 -9999 92 75 78 72 74 85 95 66 76 72 74 77 63 56 50 44 41 45 38 36 33 39 43 38 36 37 34 32 33 31 31 29 28 26 24 19 16 18 20 -9999 -9999
-9999 -9999 -9999 -9999 -9999 -9999 -9999 -9999 -9999 -9999 98 99 100 102 104 105 105 106 106 107 108 108 108 108 -9999 -9999 -9999 -9999 -9999 -9999 -9999 -9999 -9999 -9999 -9999 -9999 98 87 85 73 72 79 92 88 89 89 80 67 73 70 60 48 43 43 43 43 45 45 38 37 36 32 33 36 34 32 31 29 27 25 21 18 16 18 20 -9999 -9999
-9999 -9999 -9999 -9999 -9999 -9999 -9999 -9999 -9999 -9999 98 100 102 102 103 -9999 105 106 107 108 -9999 -9999 108 -9999 -9999 -9999 -9999 -9999 -9999 -9999 -9999 -9999 -9999 106 100 95 98 101 88 80 80 95 75 70 71 64 78 65 54 71 59 52 46 45 41 42 41 34 32 34 28 28 33 37 36 33 31 29 25 22 20 18 17 19 20 -9999 -9999
-9999 -9999 -9999 -9999 -9999 -9999 -9999 -9999 -9999 -9999 99 100 101 102 104 -9999 106 106 107 108 -9999 -9999 -9999 109 -9999 -9999 -9999 -9999 -9999 -9999 -9999 -9999 -9999 107 97 85 87 88 97 97 98 86 72 63 65 73 76 66 58 57 55 53 49 51 42 41 36 34 33 30 31 40 39 35 33 31 28 25 22 20 20 17 17 19 20 -9999 -9999
-9999 -9999 -9999 -9999 -9999 -9999 -9999 -9999 -9999 -9999 -9999 100 102 104 105 105 106 107 108 -9999 -9999 109 110 109 110 -9999 -9999 110 110 -9999 -9999 -9999 108 108 104 96 89 86 88 85 94 97 91 72 68 68 64 67 63 56 50 51 52 52 55 53 40 39 41 36 39 41 27 28 29 28 25 23 21 20 20 19 18 18 20 -9999 -9999
-9999 -9999 -9999 -9999 -9999 -9999 -9999 -9999 -9999 -9999 -9999 102 103 104 105 105 107 107 108 -9999 108 110 110 110 -9999 -9999 110 110 111 -9999 -9999 -9999 109 109 104 97 91 78 82 85 87 97 85 80 72 65 65 60 53 55 53 48 45 48 40 51 49 41 46 35 45 35 29 31 27 26 26 24 22 20 20 19 18 18 19 -9999 -9999
-9999 -9999 -9999 -9999 -9999 -9999 -9999 -9999 -9999 -9999 -9999 104 104 105 -9999 107 107 -9999 -9999 -9999 -9999 -9999 -9999 -9999 -9999 -9999 111 111 111 111 -9999 -9999 109 109 102 91 93 83 88 92 82 90 95 93 77 83 69 70 56 56 53 56 47 43 51 54 53 54 44 39 45 38 35 29 26 27 27 25 22 21 18 17 17 17 18 -9999 -9999
-9999 -9999 -9999 -9999 -9999 -9999 -9999 -9999 -9999 -9999 -9999 105 106 107 108 -9999 -9999 -9999 -9999 -9999 -9999 -9999 -9999 -9999 -9999 -9999 112 112 112 112 112 -9999 110 110 109 97 88 87 101 79 72 77 81 89 91 90 73 75 66 54 57 62 62 60 54 41 39 43 52 47 33 35 35 25 25 26 27 27 24 21 18 18 18 17 18 -9999 -9999
-9999 -9999 -9999 -9999 -9999 -9999 -9999 -9999 -9999 -9999 -9999 106 107 108 108 109 110 -9999 -9999 -9999 -9999 -9999 -9999 -9999 -9999 -9999 -9999 -9999 -9999 112 112 -9999 111 110 110 102 95 102 100 91 84 67 67 63 67 85 87 83 72 61 56 56 55 52 50 55 42 40 47 47 32 33 33 27 23 24 27 28 26 21 18 18 19 19 -9999 -9999 -9999
-9999 -9999 -9999 -9999 -9999 -9999 -9999 -9999 -9999 -9999 -9999 -9999 108 109 110 110 111 112 -9999 -9999 -9999 -9999 -9999 -9999 -9999 -9999 -9999 -9999 -9999 113 112 -9999 111 110 109 109 106 98 99 85 73 59 54 63 64 64 66 72 67 62 54 52 47 55 53 55 56 38 36 50 45 45 40 28 23 24 28 29 25 22 18 17 19 20 -9999 -9999 -9999
-9999 -9999 -9999 -9999 -9999 -9999 -9999 -9999 -9999 -9999 -9999 -9999 109 110 111 111 112 112 -9999 -9999 -9999 -9999 -9999 -9999 -9999 -9999 -9999 -9999 -9999 -9999 -9999 -9999 -9999 111 108 93 95 92 92 78 66 70 72 78 69 65 71 70 67 59 69 59 51 47 43 42 49 54 48 50 38 42 43 33 27 27 30 29 26 25 22 17 18 20 -9999 -9999 -9999
-9999 -9999 -9999 -9999 -9999 -9999 -9999 -9999 -9999 -9999 -9999 -9999 110 112 112 112 113 113 -9999 -9999 -9999 -9999 -9999 -9999 -9999 -9999 -9999 -9999 -9999 -9999 -9999 -9999 -9999 -9999 110 108 106 90 83 73 74 85 82 86 76 78 65 58 56 54 57 69 47 54 40 42 44 39 42 50 33 35 43 36 27 29 32 30 27 27 24 22 20 19 -9999 -9999 -9999
-9999 -9999 -9999 -9999 -9999 -9999 -9999 -9999 -9999 -9999 -9999 -9999 112 113 113 113 115 115 115 -9999 -9999 -9999 -9999 -9999 -9999 -9999 -9999 -9999 -9999 -9999 -9999 -9999 -9999 111 109 111 108 92 90 85 79 96 75 86 68 64 72 64 56 62 52 63 60 56 43 39 36 33 36 49 36 31 42 39 31 32 31 31 30 27 25 23 20 19 -9999 -9999 -9999
-9999 -9999 -9999 -9999 -9999 -9999 -9999 -9999 -9999 -9999 -9999 -9999 113 114 114 115 115 115 116 116 117 -9999 -9999 -9999 -9999 -9999 -9999 -9999 -9999 -9999 -9999 -9999 -9999 111 111 111 110 105 105 103 92 99 87 86 70 65 61 53 58 70 61 49 63 65 43 48 37 35 40 51 37 30 38 41 38 37 35 33 28 25 19 20 20 19 -9999 -9999 -9999
-9999 -9999 -9999 -9999 -9999 -9999 -9999 -9999 -9999 -9999 -9999 -9999 -9999 116 116 116 118 -9999 -9999 -9999 117 117 -9999 -9999 -9999 -9999 -9999 -9999 -9999 -9999 -9999 -9999 113 113 112 104 97 108 92 97 102 100 78 79 91 90 69 59 65 55 56 70 49 59 63 66 62 57 56 56 48 31 31 38 37 39 37 33 29 25 20 22 21 -9999 -9999 -9999 -9999
-9999 -9999 -9999 -9999 -9999 -9999 -9999 -9999 -9999 -9999 -9999 -9999 -9999 117 117 118 118 117 117 -9999 -9999 -9999 -9999 -9999 -9999 -9999 -9999 -9999 -9999 -9999 -9999 116 109 106 113 105 92 106 97 100 103 101 92 91 84 69 71 74 54 61 63 56 70 45 47 48 50 42 41 53 54 30 29 35 40 42 39 35 34 31 26 24 20 -9999 -9999 -9999 -9999
-9999 -9999 -9999 -9999 -9999 -9999 -9999 -9999 -9999 -9999 -9999 -9999 -9999 118 119 119 119 119 -9999 -9999 -9999 -9999 -9999 -9999 -9999 -9999 -9999 -9999 -9999 -9999 -9999 116 110 103 100 104 107 102 95 96 90 101 99 76 76 77 72 85 67 59 58 68 74 61 42 42 47 35 35 36 51 47 40 42 45 44 41 38 32 30 28 23 18 -9999 -9999 -9999 -9999
-9999 -9999 -9999 -9999 -9999 -9999 -9999 -9999 -9999 -9999 -9999 -9999 -9999 120 120 121 121 120 -9999 -9999 -9999 -9999 -9999 -9999 -9999 -9999 -9999 -9999 -9999 -9999 -9999 117 114 96 97 96 94 105 94 88 82 101 98 75 68 69 70 79 83 59 61 61 74 59 60 56 38 37 49 49 52 53 52 50 47 43 39 33 27 28 28 26 24 -9999 -9999 -9999 -9999
-9999 -9999 -9999 -9999 -9999 -9999 -9999 -9999 -9999 -9999 -9999 -9999 -9999 122 122 122 122 -9999 -9999 -9999 -9999 -9999 -9999 -9999 -9999 -9999 -9999 -9999 -9999 -9999 -9999 118 115 86 83 95 95 95 95 89 94 100 100 92 77 71 87 73 57 58 56 58 61 66 52 72 69 62 58 48 49 54 52 49 45 40 35 31 27 26 21 20 21 -9999 -9999 -9999 -9999
-9999 -9999 -9999 -9999 -9999 -9999 -9999 -9999 -9999 -9999 -9999 -9999 -9999 -9999 123 124 -9999 -9999 -9999 -9999 -9999 -9999 -9999 -9999 -9999 -9999 -9999 -9999 -9999 -9999 -9999 119 118 105 96 93 101 102 89 94 98 78 99 98 95 91 67 58 61 65 52 47 49 64 73 69 65 50 43 34 32 35 43 42 41 36 34 31 29 23 19 19 20 -9999 -9999 -9999 -9999
-9999 -9999 -9999 -9999 -9999 -9999 -9999 -9999 -9999 -9999 -9999 -9999 -9999 -9999 124 124 -9999 -9999 -9999 -9999 -9999 -9999 -9999 -9999 -9999 -9999 -9999 -9999 -9999 122 121 120 119 117 112 93 110 88 83 70 71 77 96 98 94 95 84 61 64 55 70 64 59 65 68 70 59 42 46 35 32 31 39 37 37 35 33 31 31 28 24 20 -9999 -9999 -9999 -9999 -9999
-9999 -9999 -9999 -9999 -9999 -9999 -9999 -9999 -9999 -9999 -9999 -9999 -9999 -9999 -9999 -9999 -9999 -9999 -9999 -9999 -9999 -9999 -9999 -9999 -9999 -9999 -9999 124 123 122 118 120 119 118 116 111 100 93 99 87 62 68 83 92 71 91 93 82 75 54 51 62 78 78 66 44 46 39 39 35 34 33 38 36 36 36 33 30 27 22 19 19 -9999 -9999 -9999 -9999 -9999
-9999 -9999 -9999 -9999 -9999 -9999 -9999 -9999 -9999 -9999 -9999 -9999 -9999 -9999 -9999 -9999 -9999 -9999 -9999 -9999 -9999 -9999 -9999 -9999 -9999 -9999 -9999 124 124 123 118 113 117 115 116 112 95 101 105 78 76 74 68 87 85 71 86 93 88 61 62 77 73 67 48 46 42 38 37 36 30 38 41 40 39 35 29 24 21 19 19 20 -9999 -9999 -9999 -9999 -9999
-9999 -9999 -9999 -9999 -9999 -9999 -9999 -9999 -9999 -9999 -9999 -9999 -9999 -9999 -9999 -9999 -9999 -9999 -9999 -9999 -9999 -9999 -9999 -9999 -9999 -9999 -9999 125 125 124 123 121 119 102 104 114 112 111 102 97 85 74 71 87 93 87 86 92 91 61 75 70 51 52 47 44 48 36 38 35 39 45 45 43 36 31 28 25 22 20 19 18 -9999 -9999 -9999 -9999 -9999
