L_edwardsianus/M_variables/Set1/bio12_.asc
NCOLS 77 
NROWS 221 
XLLCORNER -74.2083333333333 
YLLCORNER -46.25 
CELLSIZE 0.0416666666666666 
NODATA_value -9999 
[rows 40 to 79 of 221, columns 0 to 76 of 77]
-9999 -9999 -9999 -9999 -9999 -9999 -9999 -9999 -9999 -9999 -9999 -9999 -9999 -9999 -9999 -9999 -9999 -9999 1178 1158 1125 1103 1097 1099 1057 979 948 954 974 997 1014 1037 1065 1094 1120 1152 1180 1200 1263 1330 1394 1467 1540 1599 1649 1704 1764 1810 1845 1881 1912 1957 1999 2010 2029 2022 1939 -9999 -9999 -9999 -9999 -9999 -9999 -9999 -9999 -9999 -9999 -9999 -9999 -9999 -9999 -9999 -9999 -9999 -9999 -9999 -9999
-9999 -9999 -9999 -9999 -9999 -9999 -9999 -9999 -9999 -9999 -9999 -9999 -9999 -9999 -9999 -9999 -9999 -9999 1198 1179 1164 1135 1108 1075 1143 1058 1057 1020 1031 1048 1070 1090 1113 1139 1165 1188 1212 1242 1293 1409 1490 1534 1595 1657 1717 1776 1838 1880 1909 1929 1957 1992 2006 1999 1999 2021 1968 1816 -9999 -9999 -9999 -9999 -9999 -9999 -9999 -9999 -9999 -9999 -9999 -9999 -9999 -9999 -9999 -9999 -9999 -9999 -9999
-9999 -9999 -9999 -9999 -9999 -9999 -9999 -9999 -9999 -9999 -9999 -9999 -9999 -9999 -9999 -9999 -9999 -9999 -9999 1221 1193 1158 1123 1109 1170 1125 1124 1084 1100 1114 1128 1150 1169 1189 1210 1233 1264 1302 1350 1418 1528 1608 1644 1699 1766 1848 1889 1931 1972 1987 2008 2013 2010 1993 1976 1972 1985 1933 -9999 -9999 -9999 -9999 -9999 -9999 -9999 -9999 -9999 -9999 -9999 -9999 -9999 -9999 -9999 -9999 -9999 -9999 -9999
-9999 -9999 -9999 -9999 -9999 -9999 -9999 -9999 -9999 -9999 -9999 -9999 -9999 -9999 -9999 -9999 -9999 -9999 -9999 1252 1238 1205 1178 1165 1159 1170 1185 1168 1160 1179 1191 1209 1227 1250 1271 1298 1328 1370 1418 1480 1550 1625 1697 1770 1839 1889 1952 1997 2025 2046 2042 2042 2031 1977 1967 2012 2016 1989 -9999 -9999 -9999 -9999 -9999 -9999 -9999 -9999 -9999 -9999 -9999 -9999 -9999 -9999 -9999 -9999 -9999 -9999 -9999
-9999 -9999 -9999 -9999 -9999 -9999 -9999 -9999 -9999 -9999 -9999 -9999 -9999 -9999 -9999 -9999 -9999 -9999 -9999 -9999 1297 1273 1249 1246 1244 1309 1356 1313 1288 1284 1259 1275 1298 1317 1340 1367 1403 1443 1492 1567 1689 1702 1787 1873 1942 1993 2027 2054 2091 2106 2106 2099 2068 2076 2086 2069 1965 1952 1946 -9999 -9999 -9999 -9999 -9999 -9999 -9999 -9999 -9999 -9999 -9999 -9999 -9999 -9999 -9999 -9999 -9999 -9999
-9999 -9999 -9999 -9999 -9999 -9999 -9999 -9999 -9999 -9999 -9999 -9999 -9999 -9999 -9999 -9999 -9999 -9999 -9999 -9999 1343 1337 1322 1334 1365 1379 1307 1308 1342 1315 1329 1345 1367 1384 1409 1439 1480 1520 1567 1632 1746 1787 1867 1960 2024 2076 2112 2139 2152 2168 2177 2177 2171 2157 2146 2044 1968 1928 1829 -9999 -9999 -9999 -9999 -9999 -9999 -9999 -9999 -9999 -9999 -9999 -9999 -9999 -9999 -9999 -9999 -9999 -9999
-9999 -9999 -9999 -9999 -9999 -9999 -9999 -9999 -9999 -9999 -9999 -9999 -9999 -9999 -9999 -9999 -9999 -9999 -9999 -9999 -9999 1402 1402 1400 1401 1399 1384 1380 1407 1399 1407 1417 1434 1454 1482 1514 1550 1597 1638 1697 1785 1873 1950 2026 2089 2135 2164 2189 2226 2251 2257 2248 2236 2168 1963 1859 1854 1808 1734 1705 -9999 -9999 -9999 -9999 -9999 -9999 -9999 -9999 -9999 -9999 -9999 -9999 -9999 -9999 -9999 -9999 -9999
-9999 -9999 -9999 -9999 -9999 -9999 -9999 -9999 -9999 -9999 -9999 -9999 -9999 -9999 -9999 -9999 -9999 -9999 -9999 -9999 -9999 1460 1468 1473 1483 1476 1466 1452 1500 1495 1493 1495 1509 1530 1557 1591 1625 1672 1719 1817 1856 1948 2051 2112 2157 2189 2221 2265 2314 2303 2291 2297 2257 2123 1976 1893 1895 1893 1737 1635 -9999 -9999 -9999 -9999 -9999 -9999 -9999 -9999 -9999 -9999 -9999 -9999 -9999 -9999 -9999 -9999 -9999
-9999 -9999 -9999 -9999 -9999 -9999 -9999 -9999 -9999 -9999 -9999 -9999 -9999 -9999 -9999 -9999 -9999 -9999 -9999 -9999 -9999 1507 1542 1553 1553 1551 1553 1546 1590 1583 1583 1581 1593 1609 1657 1748 1705 1772 1852 1891 1930 2003 2111 2183 2236 2271 2318 2351 2368 2376 2377 2363 2327 2260 2047 1854 2014 2029 1968 1890 -9999 -9999 -9999 -9999 -9999 -9999 -9999 -9999 -9999 -9999 -9999 -9999 -9999 -9999 -9999 -9999 -9999
-9999 -9999 -9999 -9999 -9999 -9999 -9999 -9999 -9999 -9999 -9999 -9999 -9999 -9999 -9999 -9999 -9999 -9999 -9999 -9999 -9999 -9999 1623 1637 1637 1625 1627 1618 1661 1672 1690 1661 1682 1675 1708 1806 1790 1815 1865 1923 2001 2082 2133 2193 2263 2319 2356 2398 2400 2363 2239 2281 2181 2181 2253 2197 1962 1824 2032 1790 1560 -9999 -9999 -9999 -9999 -9999 -9999 -9999 -9999 -9999 -9999 -9999 -9999 -9999 -9999 -9999 -9999
-9999 -9999 -9999 -9999 -9999 -9999 -9999 -9999 -9999 -9999 -9999 -9999 -9999 -9999 -9999 -9999 -9999 -9999 -9999 -9999 -9999 -9999 1703 1715 1721 1706 1690 1681 1715 1736 1792 1758 1754 1737 1771 1825 1887 1876 1929 1980 2067 2129 2178 2259 2301 2328 2360 2359 2376 2452 2389 2217 2059 1972 1943 2015 1836 1870 2016 1656 1510 -9999 -9999 -9999 -9999 -9999 -9999 -9999 -9999 -9999 -9999 -9999 -9999 -9999 -9999 -9999 -9999
-9999 -9999 -9999 -9999 -9999 -9999 -9999 -9999 -9999 -9999 -9999 -9999 -9999 -9999 -9999 -9999 -9999 -9999 -9999 -9999 -9999 -9999 1760 1793 1801 1778 1764 1756 1772 1775 1745 1805 1786 1826 1854 1913 1945 1949 2020 2042 2121 2182 2245 2291 2350 2365 2409 2451 2478 2492 2477 2349 2069 1908 1940 1885 1908 2032 1974 1775 1729 1508 -9999 -9999 -9999 -9999 -9999 -9999 -9999 -9999 -9999 -9999 -9999 -9999 -9999 -9999 -9999
-9999 -9999 -9999 -9999 -9999 -9999 -9999 -9999 -9999 -9999 -9999 -9999 -9999 -9999 -9999 -9999 -9999 -9999 -9999 -9999 -9999 -9999 -9999 1839 1847 1824 1822 1839 1875 1879 1834 1827 1871 1900 1938 1999 1969 2039 2110 2105 2184 2241 2292 2333 2368 2391 2428 2469 2450 2437 2440 2419 2358 2301 2054 1863 2075 2066 1936 1889 1749 1653 -9999 -9999 -9999 -9999 -9999 -9999 -9999 -9999 -9999 -9999 -9999 -9999 -9999 -9999 -9999
-9999 -9999 -9999 -9999 -9999 -9999 -9999 -9999 -9999 -9999 -9999 -9999 -9999 -9999 -9999 -9999 -9999 -9999 -9999 -9999 -9999 -9999 -9999 1862 1863 1863 1846 1863 1903 1891 1902 1947 1967 1936 1998 2034 2063 2081 2136 2168 2212 2266 2305 2347 2385 2416 2440 2447 2432 2435 2430 2411 2381 2354 2311 2211 2194 2121 1992 1598 1547 1439 -9999 -9999 -9999 -9999 -9999 -9999 -9999 -9999 -9999 -9999 -9999 -9999 -9999 -9999 -9999
-9999 -9999 -9999 -9999 -9999 -9999 -9999 -9999 -9999 -9999 -9999 -9999 -9999 -9999 -9999 -9999 -9999 -9999 -9999 -9999 -9999 -9999 -9999 1878 1883 1912 1908 1911 1986 2002 2014 2008 2034 2013 2061 2114 2129 2146 2170 2220 2263 2297 2324 2362 2390 2341 2408 2467 2476 2474 2465 2439 2391 2310 2256 2176 2171 2053 2015 1901 1704 1535 1636 -9999 -9999 -9999 -9999 -9999 -9999 -9999 -9999 -9999 -9999 -9999 -9999 -9999 -9999
-9999 -9999 -9999 -9999 -9999 -9999 -9999 -9999 -9999 -9999 -9999 -9999 -9999 -9999 -9999 -9999 -9999 -9999 -9999 -9999 -9999 -9999 -9999 1882 1899 1934 1974 2026 2027 2015 2042 2032 2059 2083 2095 2127 2156 2162 2197 2242 2282 2312 2336 2361 2399 2414 2443 2454 2434 2455 2433 2355 2204 2050 1894 1923 2012 1969 1999 1978 1903 1811 1700 -9999 -9999 -9999 -9999 -9999 -9999 -9999 -9999 -9999 -9999 -9999 -9999 -9999 -9999
-9999 -9999 -9999 -9999 -9999 -9999 -9999 -9999 -9999 -9999 -9999 -9999 -9999 -9999 -9999 -9999 -9999 -9999 -9999 -9999 -9999 -9999 -9999 1929 1935 1980 2012 2048 2034 2032 2029 2091 2066 2083 2116 2153 2161 2194 2236 2281 2320 2333 2360 2386 2402 2434 2460 2442 2287 2200 2253 2228 2021 1852 1698 1774 1706 1714 1755 1633 1838 1724 1570 -9999 -9999 -9999 -9999 -9999 -9999 -9999 -9999 -9999 -9999 -9999 -9999 -9999 -9999
-9999 -9999 -9999 -9999 -9999 -9999 -9999 -9999 -9999 -9999 -9999 -9999 -9999 -9999 -9999 -9999 -9999 -9999 -9999 -9999 -9999 -9999 -9999 1931 1956 1982 2018 2035 2021 2040 2057 2122 2112 2121 2123 2159 2209 2226 2246 2288 2266 2349 2365 2392 2327 2344 2417 2465 2440 2333 2300 2159 1967 1766 1573 1610 1623 1696 1688 1562 1591 1694 1502 1589 -9999 -9999 -9999 -9999 -9999 -9999 -9999 -9999 -9999 -9999 -9999 -9999 -9999
-9999 -9999 -9999 -9999 -9999 -9999 -9999 -9999 -9999 -9999 -9999 -9999 -9999 -9999 -9999 -9999 -9999 -9999 -9999 -9999 -9999 -9999 1932 1970 2011 2065 2035 2042 2029 2023 2056 2089 2132 2127 2155 2170 2196 2219 2250 2281 2304 2353 2330 2365 2403 2339 2419 2418 2408 2438 2384 2304 1966 1796 1738 1678 1652 1585 1587 1462 1454 1543 1408 1539 -9999 -9999 -9999 -9999 -9999 -9999 -9999 -9999 -9999 -9999 -9999 -9999 -9999
-9999 -9999 -9999 -9999 -9999 -9999 -9999 -9999 -9999 -9999 -9999 -9999 -9999 -9999 -9999 -9999 -9999 -9999 -9999 -9999 -9999 -9999 1923 1989 2087 2106 2076 2044 2016 2036 2058 2077 2111 2132 2182 2212 2236 2259 2281 2298 2316 2340 2373 2397 2422 2417 2418 2414 2413 2406 2373 2355 2176 1974 1903 1821 1701 1601 1510 1420 1433 1440 1374 1461 1280 -9999 -9999 -9999 -9999 -9999 -9999 -9999 -9999 -9999 -9999 -9999 -9999
-9999 -9999 -9999 -9999 -9999 -9999 -9999 -9999 -9999 -9999 -9999 -9999 -9999 -9999 -9999 -9999 -9999 -9999 -9999 -9999 -9999 -9999 2031 2075 2138 2048 1996 1988 2010 2035 2062 2101 2161 2173 2215 2236 2216 2262 2283 2317 2338 2358 2369 2386 2407 2424 2427 2424 2424 2411 2377 2317 2297 2184 2051 1827 1669 1570 1490 1479 1420 1400 1366 1358 1262 -9999 -9999 -9999 -9999 -9999 -9999 -9999 -9999 -9999 -9999 -9999 -9999
-9999 -9999 -9999 -9999 -9999 -9999 -9999 -9999 -9999 -9999 -9999 -9999 -9999 -9999 -9999 -9999 -9999 -9999 -9999 -9999 -9999 2077 2112 2148 2104 2018 1985 1972 2001 2034 2075 2135 2186 2222 2224 2248 2265 2294 2270 2281 2329 2373 2389 2385 2401 2412 2412 2416 2420 2317 2145 1991 2003 2170 2178 1903 1782 1728 1527 1507 1416 1374 1334 1300 1179 -9999 -9999 -9999 -9999 -9999 -9999 -9999 -9999 -9999 -9999 -9999 -9999
-9999 -9999 -9999 -9999 -9999 -9999 -9999 -9999 -9999 -9999 -9999 -9999 -9999 -9999 -9999 -9999 -9999 -9999 -9999 -9999 2115 2122 2170 2130 2073 2041 2005 1990 2016 2046 2071 2130 2172 2195 2247 2261 2299 2322 2332 2342 2354 2372 2384 2394 2396 2370 2373 2380 2333 2219 2168 2001 1864 1815 2061 1902 1950 1719 1633 1460 1451 1422 1346 1293 1054 1045 -9999 -9999 -9999 -9999 -9999 -9999 -9999 -9999 -9999 -9999 -9999
-9999 -9999 -9999 -9999 -9999 -9999 -9999 -9999 -9999 -9999 -9999 -9999 -9999 -9999 -9999 -9999 -9999 -9999 -9999 2118 2137 2143 2202 2144 2112 2082 2050 2037 2041 2080 2094 2117 2160 2190 2243 2271 2297 2314 2341 2340 2343 2359 2374 2382 2377 2352 2343 2355 2086 1966 2031 1915 1842 2001 1977 2097 1966 1547 1688 1520 1407 1389 1417 1310 1193 1121 -9999 -9999 -9999 -9999 -9999 -9999 -9999 -9999 -9999 -9999 -9999
-9999 -9999 -9999 -9999 -9999 -9999 -9999 -9999 -9999 -9999 -9999 -9999 -9999 -9999 -9999 -9999 -9999 -9999 -9999 2103 2179 2214 2191 2171 2184 2140 2106 2093 2110 2138 2119 2148 2160 2196 2228 2267 2286 2302 2327 2337 2335 2350 2367 2371 2358 2350 2360 2330 2225 1949 1993 2063 1876 2035 2096 1869 2034 1723 1709 1467 1427 1392 1422 1316 1314 1206 -9999 -9999 -9999 -9999 -9999 -9999 -9999 -9999 -9999 -9999 -9999
-9999 -9999 -9999 -9999 -9999 -9999 -9999 -9999 -9999 -9999 -9999 -9999 -9999 -9999 -9999 -9999 -9999 -9999 -9999 2138 2171 2227 2217 2183 2208 2242 2192 2161 2143 2123 2144 2178 2180 2207 2238 2269 2272 2305 2314 2325 2350 2320 2320 2236 2165 2095 2075 2055 2243 2264 2219 1987 2029 2144 1864 1704 1851 1842 1701 1509 1421 1428 1284 1264 1317 1279 1235 -9999 -9999 -9999 -9999 -9999 -9999 -9999 -9999 -9999 -9999
-9999 -9999 -9999 -9999 -9999 -9999 -9999 -9999 -9999 -9999 -9999 -9999 -9999 -9999 -9999 -9999 -9999 -9999 -9999 2162 2199 2205 2196 2185 2220 2212 2208 2196 2157 2171 2156 2173 2169 2210 2246 2244 2264 2288 2301 2310 2325 2259 2286 2291 2308 2271 2119 1924 2090 2262 2245 2148 2106 2157 1956 1772 1657 1572 1693 1509 1423 1424 1391 1362 1248 1153 1121 -9999 -9999 -9999 -9999 -9999 -9999 -9999 -9999 -9999 -9999
-9999 -9999 -9999 -9999 -9999 -9999 -9999 -9999 -9999 -9999 -9999 -9999 -9999 -9999 -9999 -9999 -9999 2118 2135 2155 2184 2201 2174 2182 2196 2213 2182 2182 2180 2174 2157 2187 2199 2201 2214 2225 2245 2270 2282 2297 2301 2305 2307 2253 2202 2303 2286 2096 1961 2149 2230 2134 2063 2072 1991 1775 1651 1520 1622 1441 1422 1318 1324 1290 1226 1206 1141 1051 -9999 -9999 -9999 -9999 -9999 -9999 -9999 -9999 -9999
-9999 -9999 -9999 -9999 -9999 -9999 -9999 -9999 -9999 -9999 -9999 -9999 -9999 -9999 -9999 -9999 2094 2113 2136 2136 2150 2167 2176 2194 2178 2136 2172 2151 2140 2149 2146 2140 2163 2199 2213 2216 2219 2239 2255 2276 2269 2253 2225 2099 2044 2020 2198 2287 2263 2256 2159 1800 1713 1787 1864 1861 1788 1686 1601 1407 1413 1313 1259 1228 1182 1129 1098 1106 -9999 -9999 -9999 -9999 -9999 -9999 -9999 -9999 -9999
-9999 -9999 -9999 -9999 -9999 -9999 -9999 -9999 -9999 -9999 -9999 -9999 -9999 -9999 2055 2076 2081 2077 2109 2100 2118 2092 2133 2143 2145 2118 2122 2112 2107 2107 2102 2114 2139 2175 2176 2185 2199 2213 2234 2242 2235 2195 2144 2043 2006 1986 1966 1962 2099 2114 1890 1744 1588 1699 1747 1845 1714 1652 1701 1456 1497 1294 1246 1220 1220 1109 1067 1030 -9999 -9999 -9999 -9999 -9999 -9999 -9999 -9999 -9999
-9999 -9999 -9999 -9999 -9999 -9999 -9999 -9999 -9999 -9999 -9999 -9999 2052 2051 2054 2056 2041 2031 2039 2081 2078 2070 2056 2061 2072 2069 2074 2065 2058 2043 2050 2067 2091 2129 2132 2146 2160 2176 2191 2208 2209 2191 2153 2146 2006 1977 1912 1900 1883 1874 1869 1734 1717 1727 1778 1696 1602 1520 1527 1641 1491 1292 1269 1221 1219 1212 1063 1020 990 -9999 -9999 -9999 -9999 -9999 -9999 -9999 -9999
-9999 -9999 -9999 -9999 -9999 -9999 -9999 -9999 -9999 -9999 -9999 -9999 2041 2030 2031 2027 2015 2023 2016 2015 2020 2020 2016 2012 2005 1986 1978 1981 1971 1979 1961 1972 2016 2051 2063 2087 2104 2128 2148 2172 2187 2175 2151 2089 2028 1958 1882 1873 1958 2030 1774 1781 1751 1797 1834 1622 1648 1477 1523 1736 1435 1346 1310 1254 1205 1230 1174 1085 1065 -9999 -9999 -9999 -9999 -9999 -9999 -9999 -9999
-9999 -9999 -9999 -9999 -9999 -9999 -9999 -9999 -9999 -9999 -9999 -9999 -9999 2005 2005 1994 1986 1981 1977 1986 1979 1983 1976 1975 1969 1930 1932 1904 1886 1861 1874 1890 1930 1983 2000 2025 2054 2081 2101 2128 2151 2156 2160 2149 2018 1931 1837 1909 2040 1928 1737 1807 1643 1974 1564 1674 1598 1446 1485 1612 1404 1317 1247 1221 1194 1107 1082 1044 1041 -9999 -9999 -9999 -9999 -9999 -9999 -9999 -9999
-9999 -9999 -9999 -9999 -9999 -9999 -9999 -9999 -9999 -9999 -9999 -9999 -9999 1977 1967 1951 1946 1945 1945 1946 1939 1940 1935 1898 1851 1829 1854 1821 1825 1781 1783 1828 1839 1874 1915 1958 1993 2027 2060 2088 2100 2114 2134 2165 2193 2081 1857 1985 2164 2021 1881 1731 1673 1996 1564 1767 1476 1424 1399 1471 1571 1398 1212 1204 1219 1116 1106 1061 1021 1024 -9999 -9999 -9999 -9999 -9999 -9999 -9999
-9999 -9999 -9999 -9999 -9999 -9999 -9999 -9999 -9999 -9999 -9999 -9999 1927 1935 1941 1939 1934 1925 1923 1916 1892 1846 1821 1813 1757 1710 1747 1765 1871 1804 1727 1686 1726 1781 1839 1898 1942 1983 2016 2035 2050 2036 2066 2103 2144 2186 2174 2135 1890 1738 1810 1829 1938 1981 1687 1845 1550 1446 1406 1442 1438 1557 1405 1334 1255 1257 1254 1184 1131 1098 -9999 -9999 -9999 -9999 -9999 -9999 -9999
-9999 -9999 -9999 -9999 -9999 -9999 -9999 -9999 -9999 -9999 -9999 1910 1915 1920 1914 1916 1926 1934 1914 1892 1855 1750 1726 1708 1716 1677 1617 1572 1646 1532 1545 1580 1641 1707 1765 1825 1870 1890 1939 1974 1955 1990 2035 2075 2105 2133 2160 2076 2004 2007 2157 2178 2182 2057 1983 1556 1469 1419 1366 1479 1345 1452 1364 1390 1360 1245 1234 1170 1097 1026 960 -9999 -9999 -9999 -9999 -9999 -9999
-9999 -9999 -9999 -9999 -9999 -9999 -9999 -9999 -9999 -9999 -9999 1886 1883 1889 1892 1924 1932 1881 1858 1869 1831 1654 1672 1697 1618 1572 1489 1403 1410 1402 1438 1485 1550 1625 1700 1774 1803 1840 1873 1912 1924 1969 2021 2071 2097 2127 2165 2211 2185 2197 2160 2109 2202 2099 1931 1599 1567 1397 1433 1425 1309 1360 1203 1214 1198 1188 1083 1029 1023 977 956 -9999 -9999 -9999 -9999 -9999 -9999
-9999 -9999 -9999 -9999 -9999 -9999 -9999 -9999 -9999 -9999 -9999 1880 1884 1872 1880 1856 1835 1791 1750 1810 1738 1593 1518 1526 1493 1400 1355 1321 1308 1322 1350 1401 1473 1550 1635 1707 1772 1823 1861 1877 1906 1955 2009 2056 2097 2161 2206 2191 2244 2207 2247 2235 2217 1969 1605 1698 1624 1477 1405 1340 1307 1290 1306 1163 1163 1096 1052 1055 978 987 941 -9999 -9999 -9999 -9999 -9999 -9999
-9999 -9999 -9999 -9999 -9999 -9999 -9999 -9999 -9999 -9999 -9999 1873 1908 1896 1855 1854 1873 1804 1667 1677 1617 1525 1479 1455 1422 1362 1293 1273 1265 1270 1286 1332 1412 1509 1597 1690 1765 1824 1870 1911 1915 1966 2043 2103 2151 2168 2195 2209 2256 2278 2234 2125 2253 2213 2150 1953 1813 1654 1417 1358 1341 1279 1213 1189 1140 1102 1099 1101 1025 993 943 919 -9999 -9999 -9999 -9999 -9999
-9999 -9999 -9999 -9999 -9999 -9999 -9999 -9999 -9999 -9999 1803 1828 1855 1882 1883 1841 1766 1696 1621 1639 1553 1493 1443 1396 1355 1304 1273 1250 1250 1254 1265 1312 1390 1477 1568 1655 1737 1814 1884 1941 1994 2082 2134 2144 2123 2041 2142 2124 2293 2263 2301 2247 2245 2169 1956 1634 1709 1710 1702 1517 1345 1295 1257 1218 1184 1158 1138 1041 1017 1002 945 896 -9999 -9999 -9999 -9999 -9999
