L_edwardsianus/M_variables/Set1/bio11_.asc
NCOLS 77 
NROWS 221 
XLLCORNER -74.2083333333333 
YLLCORNER -46.25 
CELLSIZE 0.0416666666666666 
NODATA_value -9999 
[rows 176 to 197 of 221, columns 0 to 49 of 77]
-9999 -9999 -9999 -9999 -9999 -9999 -9999 -9999 -9999 -9999 -9999 -9999 -9999 -9999 -9999 -9999 -9999 -9999 -9999 -9999 -9999 5.33333349227905 4.47333335876465 4.22833347320557 4.51000022888184 4.18611097335815 5.21166658401489 4.13181829452515 3.81527781486511 4.01599979400635 5.22933340072632 5.51999998092651 5.44600009918213 5.21933364868164 3.88199996948242 2.92333340644836 2.99866676330566 4.16666650772095 5.26933336257935 3.70600008964539 0.0733333006501198 -2.00399994850159 -3.45533323287964 -3.00600004196167 -1.4853333234787 -1.33000004291534 0.282000035047531 0.395999938249588 1.08933329582214 1.02866661548615
-9999 -9999 -9999 -9999 -9999 -9999 -9999 -9999 -9999 -9999 -9999 -9999 -9999 -9999 -9999 -9999 -9999 -9999 -9999 -9999 -9999 5.48333311080933 5.38333320617676 3.79666662216187 2.58466672897339 3.53253960609436 4.69305562973022 4.60866689682007 3.94866681098938 2.05466651916504 3.64800000190735 5.16266679763794 4.49533319473267 5.28733348846436 5.01133346557617 3.9300000667572 3.72266674041748 5.18533325195312 5.29466676712036 2.17600011825562 0.485333263874054 -1.28400003910065 -1.44933331012726 -0.836000025272369 -1.99600005149841 -2.28200006484985 -1.40533328056335 -0.135333314538002 2.31866669654846 2.44799995422363
-9999 -9999 -9999 -9999 -9999 -9999 -9999 -9999 -9999 -9999 -9999 -9999 -9999 -9999 -9999 -9999 -9999 -9999 -9999 -9999 -9999 -9999 5.05000019073486 3.88533329963684 2.7519998550415 3.01999998092651 2.83599996566772 2.86533331871033 4.52666664123535 3.16333341598511 4.19400024414062 3.07866668701172 1.82933342456818 1.87666666507721 4.03933334350586 4.81333351135254 3.39266657829285 5.1399998664856 5.38266658782959 4.23199987411499 2.23666667938232 1.38933336734772 0.174000024795532 -1.64399993419647 -1.8400000333786 -0.446000009775162 -0.136666655540466 0.619333326816559 1.42666661739349 -0.965333223342896
-9999 -9999 -9999 -9999 -9999 -9999 -9999 -9999 -9999 -9999 -9999 -9999 -9999 -9999 -9999 -9999 -9999 -9999 -9999 -9999 4.94500017166138 4.91875028610229 -9999 3.72037053108215 2.80294108390808 3.19710159301758 1.84333324432373 2.23600006103516 2.29800009727478 4.02333354949951 4.78600025177002 3.16400003433228 2.12466669082642 1.84466660022736 1.60399997234344 3.01399993896484 5.03866672515869 5.31999969482422 4.01599979400635 3.65333342552185 2.93733334541321 0.324666649103165 -1.05533337593079 -0.724000036716461 -0.697999894618988 -2.22666668891907 -2.3253333568573 -1.2960000038147 1.07933330535889 0.631333291530609
-9999 -9999 -9999 -9999 -9999 -9999 -9999 -9999 -9999 -9999 -9999 -9999 -9999 -9999 -9999 -9999 -9999 -9999 -9999 -9999 4.7153844833374 4.48194456100464 4.67435884475708 3.1201388835907 3.95980381965637 4.25166654586792 4.52199983596802 2.79333329200745 1.31866669654846 4.08199977874756 2.15599989891052 1.60733330249786 0.868666648864746 0.917999982833862 2.26200008392334 3.86733341217041 5.35799980163574 3.88866662979126 2.39266657829285 0.328666687011719 1.41799998283386 2.63533329963684 2.62466669082642 2.26666665077209 -0.0999999865889549 0.0546666793525219 0.27933332324028 -0.243333324790001 0.275999993085861 -0.910666644573212
-9999 -9999 -9999 -9999 -9999 -9999 -9999 -9999 -9999 -9999 -9999 -9999 -9999 -9999 -9999 -9999 -9999 -9999 -9999 -9999 4.52179479598999 4.16527795791626 4.26388883590698 3.51458334922791 2.46800017356873 2.30733346939087 4.22599983215332 4.20066690444946 3.89066672325134 4.56666660308838 4.67133331298828 3.38066673278809 1.97266674041748 2.0993332862854 4.11066675186157 5.1933331489563 5.29666662216187 2.49533319473267 0.776000022888184 0.664666593074799 -0.731999933719635 -1.07333338260651 0.653999984264374 0.850000023841858 0.234000042080879 1.55266654491425 0.636666715145111 -0.243333339691162 -0.673333346843719 0.971333265304565
-9999 -9999 -9999 -9999 -9999 -9999 -9999 -9999 -9999 -9999 -9999 -9999 -9999 -9999 -9999 -9999 -9999 -9999 -9999 -9999 4.12638902664185 3.05266666412354 2.83599996566772 4.02777767181396 4.19199991226196 3.31800007820129 2.77866649627686 2.1506667137146 3.57466673851013 2.0939998626709 3.4193332195282 4.79333353042603 4.59200000762939 4.84000015258789 5.17799997329712 5.31400012969971 5.0993332862854 2.86533331871033 1.73733329772949 0.373999983072281 -0.318666607141495 0.506666660308838 2.11733317375183 2.7093334197998 2.90400004386902 2.61866664886475 2.99266672134399 -0.523333311080933 -1.26333343982697 0.490666657686234
-9999 -9999 -9999 -9999 -9999 -9999 -9999 -9999 -9999 -9999 -9999 -9999 -9999 -9999 -9999 -9999 -9999 -9999 -9999 -9999 -9999 3.40400004386902 2.58599996566772 1.73866665363312 3.42133331298828 3.27266669273376 0.922666668891907 -0.346666604280472 2.77799987792969 2.47200012207031 1.09266662597656 1.58466672897339 3.0293333530426 4.67866659164429 5.38266658782959 5.3013334274292 4.18266677856445 2.36400008201599 0.240000009536743 1.90533328056335 3.23399996757507 3.61733317375183 1.47133338451385 1.29733335971832 1.76333332061768 2.49200010299683 1.44866669178009 2.1159999370575 1.04933333396912 1.15666675567627
-9999 -9999 -9999 -9999 -9999 -9999 -9999 -9999 -9999 -9999 -9999 -9999 -9999 -9999 -9999 -9999 -9999 -9999 -9999 -9999 -9999 3.14000010490417 3.04733324050903 2.0053334236145 3.34400010108948 3.14400005340576 2.22333335876465 0.967333316802979 1.33866667747498 1.93599998950958 1.47266662120819 2.95466661453247 4.49399995803833 5.14266681671143 5.32933330535889 5.25799989700317 4.85866641998291 3.60933327674866 1.83666670322418 2.94199991226196 0.0693333968520164 1.2406667470932 0.0899999961256981 -0.809999942779541 0.725333333015442 0.51800000667572 0.777333378791809 1.93666660785675 3.10933351516724 2.50866675376892
-9999 -9999 -9999 -9999 -9999 -9999 -9999 -9999 -9999 -9999 -9999 -9999 -9999 -9999 -9999 -9999 -9999 -9999 -9999 -9999 -9999 3.75614047050476 3.90000009536743 2.11594200134277 4.13866662979126 2.84866666793823 3.26066660881042 2.66799998283386 2.26933336257935 2.51133346557617 3.55599999427795 4.75133323669434 5.1080002784729 5.18866682052612 3.96199989318848 2.75200009346008 4.81666660308838 4.7926664352417 3.48466658592224 1.50666666030884 0.293999999761581 -0.0279999580234289 -0.00666666030883789 -0.84799998998642 -0.839333355426788 -0.843333303928375 -0.786666631698608 1.98466670513153 2.09066677093506 -0.52866667509079
-9999 -9999 -9999 -9999 -9999 -9999 -9999 -9999 -9999 -9999 -9999 -9999 -9999 -9999 -9999 -9999 -9999 -9999 -9999 -9999 -9999 3.47916674613953 3.29920625686646 3.00999999046326 4.07013893127441 3.83133339881897 2.50866651535034 1.26333332061768 1.65600001811981 3.94533324241638 4.996666431427 5.0460000038147 4.44199991226196 2.41666674613953 0.096666656434536 1.18266665935516 3.51133346557617 4.02866649627686 1.29666662216187 0.532666683197021 0.285333305597305 0.126000002026558 0.662666738033295 0.170000031590462 -0.225999996066093 0.793999969959259 -0.635999977588654 2.37533330917358 0.787333309650421 -0.869333326816559
-9999 -9999 -9999 -9999 -9999 -9999 -9999 -9999 -9999 -9999 -9999 -9999 -9999 -9999 -9999 -9999 -9999 -9999 -9999 -9999 -9999 2.44930553436279 1.40866661071777 2.12533330917358 2.40533328056335 1.7279999256134 2.03266668319702 1.3053332567215 3.32738089561462 4.98266649246216 4.91466665267944 3.6526665687561 1.31800007820129 -0.0879999622702599 0.473333299160004 2.79999995231628 3.24200010299683 2.96399998664856 0.0893332585692406 0.507333338260651 0.84333336353302 2.02333331108093 -0.0633333548903465 -0.55866664648056 0.319999992847443 1.33266663551331 -0.593999981880188 1.76866674423218 0.576000034809113 -0.749333381652832
-9999 -9999 -9999 -9999 -9999 -9999 -9999 -9999 -9999 -9999 -9999 -9999 -9999 -9999 -9999 -9999 -9999 -9999 -9999 -9999 -9999 -9999 2.93571424484253 2.17600011825562 1.56866669654846 2.9638888835907 2.7061402797699 3.89444446563721 3.00999999046326 4.06041669845581 4.15399980545044 0.618666648864746 0.501999974250793 0.710666656494141 1.40333330631256 1.05799996852875 0.395333379507065 1.76933336257935 3.36466670036316 3.05800008773804 3.88800001144409 2.50266671180725 0.467333406209946 0.132000014185905 0.260000020265579 1.31533336639404 -0.244000002741814 -0.520666599273682 2.19533324241638 -0.014666716568172
-9999 -9999 -9999 -9999 -9999 -9999 -9999 -9999 -9999 -9999 -9999 -9999 -9999 -9999 -9999 -9999 -9999 -9999 -9999 -9999 -9999 -9999 4.6100001335144 3.83333325386047 4.01212120056152 4.76025629043579 4.29090881347656 2.19444441795349 0.834666669368744 4.04199981689453 2.84800004959106 0.739999949932098 0.116000019013882 0.461999982595444 -0.961333334445953 0.977333307266235 0.733333349227905 -0.20333331823349 0.464000016450882 0.964666724205017 2.33266663551331 3.44266653060913 4.07800006866455 1.83000004291534 0.30799999833107 2.79466652870178 -0.0353333540260792 1.09266674518585 2.11866664886475 2.72266674041748
-9999 -9999 -9999 -9999 -9999 -9999 -9999 -9999 -9999 -9999 -9999 -9999 -9999 -9999 -9999 -9999 -9999 -9999 -9999 -9999 -9999 -9999 2.09333324432373 3.0699999332428 2.52800011634827 4.41333341598511 2.09400010108948 0.212666675448418 1.80266678333282 4.21266651153564 2.76933336257935 1.26066660881042 1.09200000762939 -0.392666667699814 -0.960000038146973 -0.0853333249688148 0.527999997138977 0.588666677474976 -0.270000010728836 0.537999987602234 1.00200009346008 3.2039999961853 2.01133346557617 2.16666674613953 1.70333325862885 2.63599991798401 2.55733346939087 3.06866669654846 3.29333329200745 3.25600004196167
-9999 -9999 -9999 -9999 -9999 -9999 -9999 -9999 -9999 -9999 -9999 -9999 -9999 -9999 -9999 -9999 -9999 -9999 -9999 -9999 -9999 -9999 1.5460000038147 1.6506667137146 3.10800004005432 2.51999998092651 1.98800003528595 0.468666672706604 2.21666669845581 2.59599995613098 2.22533345222473 0.903999984264374 1.07599997520447 -0.913333296775818 -0.198666676878929 -0.777999997138977 0.166666701436043 1.66133344173431 1.60533332824707 2.01333332061768 3.00333333015442 3.4300000667572 0.501333296298981 -0.320000022649765 -0.540666699409485 -0.101999998092651 -0.933999955654144 -0.407999992370605 3.04133319854736 2.04999995231628
-9999 -9999 -9999 -9999 -9999 -9999 -9999 -9999 -9999 -9999 -9999 -9999 -9999 -9999 -9999 -9999 -9999 -9999 -9999 -9999 -9999 -9999 2.84841275215149 1.27066659927368 1.59599995613098 0.721333265304565 0.921999990940094 0.892666637897491 0.365999966859818 -1.42066669464111 1.37199997901917 1.32733333110809 0.324666649103165 -0.108000040054321 0.0513333082199097 -1.05933332443237 -1.10333335399628 -0.736666738986969 -0.859333336353302 -0.358000010251999 2.49733328819275 0.211333394050598 0.403333306312561 0.682666659355164 -0.290666669607162 -0.615333318710327 0.582666635513306 -0.834666669368744 0.991333365440369 2.18199992179871
-9999 -9999 -9999 -9999 -9999 -9999 -9999 -9999 -9999 -9999 -9999 -9999 -9999 -9999 -9999 -9999 -9999 -9999 -9999 -9999 -9999 -9999 -9999 0.399999976158142 -1.66666662693024 -1.85600006580353 -0.0179999861866236 1.12666666507721 1.66133332252502 1.67799997329712 2.33133339881897 2.34466671943665 1.29466664791107 0.793333292007446 -0.632666707038879 -0.325333386659622 0.048666674643755 0.550000011920929 -0.154000028967857 1.63866662979126 0.527999997138977 -0.483333349227905 -1.13466668128967 -0.823333323001862 0.255333334207535 1.17933332920074 1.00466656684875 2.32333326339722 2.06866669654846 3.37933325767517
-9999 -9999 -9999 -9999 -9999 -9999 -9999 -9999 -9999 -9999 -9999 -9999 -9999 -9999 -9999 -9999 -9999 -9999 -9999 -9999 -9999 -9999 -9999 1.65266668796539 0.764666676521301 -2.47666668891907 -0.868000030517578 0.86599999666214 1.98199999332428 2.1046667098999 2.06733322143555 1.42266654968262 1.04533338546753 0.730000019073486 -0.0333333425223827 -0.368000000715256 0.050666730850935 -0.325333327054977 2.88733339309692 1.23799991607666 -1.20333337783813 0.193999961018562 0.326666712760925 -0.432000011205673 -0.954666674137115 -1.02266669273376 -0.887999951839447 -0.344666689634323 -0.182000041007996 3.35333347320557
-9999 -9999 -9999 -9999 -9999 -9999 -9999 -9999 -9999 -9999 -9999 -9999 -9999 -9999 -9999 -9999 -9999 -9999 -9999 -9999 -9999 -9999 -9999 2.9300000667572 1.55400002002716 -0.501333355903625 -1.68733334541321 0.313999980688095 0.499333262443542 1.94533336162567 1.1159999370575 1.66733336448669 0.0213333368301392 -0.0946666821837425 -0.187999978661537 0.227999970316887 -1.03733325004578 0.90666675567627 2.92333316802979 -1.26266670227051 -0.747333288192749 -1.14866673946381 -1.29533326625824 -0.726666748523712 1.37399995326996 0.369333326816559 -1.58933341503143 -0.460666626691818 2.5460000038147 2.72266674041748
-9999 -9999 -9999 -9999 -9999 -9999 -9999 -9999 -9999 -9999 -9999 -9999 -9999 -9999 -9999 -9999 -9999 -9999 -9999 -9999 -9999 -9999 -9999 3.92698431015015 2.36458325386047 0.505999982357025 0.396666616201401 0.185999989509583 1.28799998760223 1.26599991321564 0.369333356618881 0.125333353877068 1.64800000190735 1.35399997234344 0.247333332896233 -0.208000004291534 -0.21266670525074 2.63066673278809 -0.0186667442321777 -1.0533332824707 -0.156666696071625 -1.28066670894623 -0.71399998664856 -0.989333212375641 -0.879333257675171 0.480666726827621 1.77666664123535 2.39133334159851 0.375333338975906 -0.967333376407623
-9999 -9999 -9999 -9999 -9999 -9999 -9999 -9999 -9999 -9999 -9999 -9999 -9999 -9999 -9999 -9999 -9999 -9999 -9999 -9999 -9999 -9999 -9999 4.76666688919067 3.94999980926514 2.22499990463257 2.44133329391479 0.641333341598511 1.93400001525879 -0.554666638374329 -0.361999988555908 -0.491999953985214 0.094000019133091 1.59266662597656 2.39466667175293 0.972000002861023 0.910000026226044 2.83733344078064 -0.972000002861023 -0.71399998664856 0.742666661739349 -0.746666669845581 -1.05333340167999 -0.296666711568832 -0.598666667938232 1.38066673278809 1.67266666889191 2.24399995803833 1.5386666059494 1.04733335971832
