L_edwardsianus/M_variables/Set1/bio12_.asc
NCOLS 77 
NROWS 221 
XLLCORNER -74.2083333333333 
YLLCORNER -46.25 
CELLSIZE 0.0416666666666666 
NODATA_value -9999 
[rows 80 to 119 of 221, columns 0 to 76 of 77]
-9999 -9999 -9999 -9999 -9999 -9999 -9999 -9999 -9999 -9999 1786 1801 1845 1867 1854 1850 1824 1738 1599 1586 1509 1464 1412 1397 1347 1293 1270 1248 1246 1250 1271 1324 1389 1469 1553 1642 1722 1808 1889 1966 2039 2097 2128 2101 2010 2031 1984 2197 2214 2083 2252 2121 2131 2058 1710 1695 1533 1496 1463 1474 1301 1283 1196 1164 1157 1167 1083 1051 993 956 940 901 -9999 -9999 -9999 -9999 -9999
-9999 -9999 -9999 -9999 -9999 -9999 -9999 -9999 -9999 -9999 1759 1777 1808 1801 1735 1806 1767 1619 1590 1537 1490 1453 1394 1397 1356 1294 1274 1260 1257 1270 1295 1338 1404 1477 1557 1639 1722 1803 1880 1963 2045 2111 2112 2086 2033 1856 1996 1840 1890 2083 2206 2005 2074 2140 1764 1599 1622 1494 1376 1330 1317 1273 1265 1246 1219 1079 1063 1029 992 939 901 890 853 -9999 -9999 -9999 -9999
-9999 -9999 -9999 -9999 -9999 -9999 -9999 -9999 -9999 -9999 1749 1754 1755 1730 1697 1704 1676 1591 1556 1526 1487 1428 1385 1352 1365 1305 1279 1270 1271 1290 1317 1357 1418 1489 1562 1646 1731 1817 1900 1982 2062 2129 2121 2065 2015 1846 1859 1776 1742 1798 2044 1738 1835 1872 1724 1664 1503 1594 1443 1298 1337 1299 1290 1159 1131 1135 1091 1084 1024 978 923 901 856 -9999 -9999 -9999 -9999
-9999 -9999 -9999 -9999 -9999 -9999 -9999 -9999 -9999 -9999 -9999 1725 1713 1691 1709 1726 1633 1587 1548 1500 1464 1433 1381 1349 1325 1307 1289 1282 1287 1308 1339 1383 1439 1505 1579 1660 1742 1834 1919 1998 2076 2144 2170 2138 2065 1995 1867 1777 1716 1762 1820 1665 1660 1672 1640 1609 1508 1516 1589 1308 1261 1292 1183 1281 1124 1086 1064 1021 979 939 902 868 869 841 -9999 -9999 -9999
-9999 -9999 -9999 -9999 -9999 -9999 -9999 -9999 -9999 -9999 -9999 1694 1701 1724 1710 1624 1589 1572 1533 1491 1480 1447 1382 1359 1344 1319 1302 1293 1303 1328 1361 1408 1466 1528 1602 1679 1762 1848 1925 2006 2091 2158 2208 2155 2069 2055 2129 1847 1765 1669 1605 1697 1738 1680 1592 1535 1539 1590 1665 1384 1309 1284 1173 1104 1201 1125 1024 990 948 915 872 856 851 839 -9999 -9999 -9999
-9999 -9999 -9999 -9999 -9999 -9999 -9999 -9999 -9999 -9999 1695 1705 1752 1750 1749 1664 1575 1542 1544 1510 1475 1414 1392 1369 1347 1335 1320 1305 1323 1347 1381 1426 1483 1551 1617 1692 1779 1869 1948 2018 2088 2151 2232 2265 2242 2106 1858 1906 1868 1696 1614 1820 1958 1678 1701 1532 1456 1454 1643 1537 1432 1337 1264 1235 1237 1204 1052 961 937 901 874 844 838 829 -9999 -9999 -9999
-9999 -9999 -9999 -9999 -9999 -9999 -9999 -9999 -9999 1723 1743 1770 1799 1801 1728 1636 1567 1535 1531 1523 1465 1417 1396 1364 1345 1342 1336 1332 1341 1368 1403 1449 1506 1573 1646 1725 1809 1885 1948 2001 2066 2139 2216 2292 2340 2345 2385 2448 2430 2331 2275 2261 1990 1970 1651 1490 1487 1564 1532 1608 1478 1352 1186 1119 1113 1091 1117 1093 1027 943 893 864 805 806 787 -9999 -9999
-9999 -9999 -9999 -9999 -9999 -9999 -9999 -9999 -9999 1727 1720 1747 1745 1779 1788 1678 1573 1537 1537 1520 1479 1435 1402 1377 1362 1355 1348 1351 1363 1388 1425 1470 1524 1595 1671 1751 1839 1922 1976 2044 2103 2178 2264 2340 2427 2501 2205 2031 2091 2389 2221 2159 1757 1733 1558 1538 1441 1519 1553 1563 1474 1371 1166 1116 1082 1027 996 961 941 920 908 906 852 828 778 -9999 -9999
-9999 -9999 -9999 -9999 -9999 -9999 -9999 -9999 1728 1738 1722 1705 1713 1686 1710 1666 1587 1542 1542 1553 1533 1454 1404 1384 1374 1373 1371 1373 1386 1411 1447 1492 1551 1618 1697 1787 1872 1954 2038 2117 2188 2242 2336 2422 2484 2463 2154 1992 1835 1936 1879 1742 1705 1627 1569 1610 1594 1658 1670 1556 1530 1345 1150 1116 1059 1026 1000 971 939 911 878 847 801 778 775 -9999 -9999
-9999 -9999 -9999 -9999 -9999 -9999 -9999 -9999 1741 1745 1726 1782 1826 1778 1775 1715 1589 1553 1528 1501 1484 1449 1410 1397 1389 1385 1384 1391 1407 1433 1467 1512 1570 1640 1720 1806 1847 1903 1975 2067 2164 2243 2377 2455 2238 2286 2207 1970 1796 1680 1719 1761 1729 1574 1444 1495 1490 1383 1404 1591 1578 1445 1259 1087 1059 1019 976 966 936 905 879 840 810 784 796 732 -9999
-9999 -9999 -9999 -9999 -9999 -9999 -9999 -9999 1769 1798 1783 1770 1830 1829 1808 1693 1611 1546 1525 1483 1453 1439 1423 1416 1405 1405 1404 1408 1421 1451 1483 1533 1591 1659 1730 1809 1882 1923 1992 2070 2154 2248 2355 2504 2508 2187 1951 1936 1949 2068 1754 1843 1746 1613 1471 1478 1527 1531 1619 1529 1561 1431 1369 1161 1058 1017 978 955 934 901 868 841 799 792 796 733 -9999
-9999 -9999 -9999 -9999 -9999 -9999 -9999 1754 1773 1802 1824 1819 1777 1791 1816 1715 1631 1542 1508 1485 1469 1452 1438 1427 1424 1423 1421 1428 1438 1465 1500 1540 1599 1664 1740 1823 1915 2006 2109 2172 2199 2333 2403 2484 2592 2531 2451 2636 2810 2600 1786 1799 2073 1614 1553 1443 1415 1540 1474 1288 1387 1456 1349 1278 1172 1008 994 959 932 887 865 843 811 771 776 765 -9999
-9999 -9999 -9999 -9999 -9999 -9999 -9999 1746 1753 1771 1798 1852 1859 1835 1758 1660 1590 1579 1542 1528 1496 1475 1453 1448 1441 1438 1434 1438 1454 1483 1522 1568 1622 1686 1748 1821 1909 2022 2137 2238 2345 2377 2503 2579 2694 2740 2777 2808 2775 2661 2090 1808 2058 2132 1585 1502 1418 1473 1300 1329 1195 1239 1344 1201 1180 1069 965 937 922 885 860 839 805 760 730 739 -9999
-9999 -9999 -9999 -9999 -9999 -9999 -9999 1789 1788 1813 1851 1863 1804 1745 1682 1608 1596 1600 1557 1535 1503 1488 1473 1459 1453 1450 1442 1447 1470 1502 1549 1593 1634 1701 1778 1847 1913 2012 2123 2265 2360 2384 2434 2602 2495 2464 2234 1957 2001 2256 1944 1717 2535 2257 2052 1784 1467 1380 1337 1254 1174 1173 1268 1230 1172 1083 1038 964 896 853 840 801 765 741 718 737 -9999
-9999 -9999 -9999 -9999 -9999 -9999 1812 1831 1842 1857 1869 1861 1781 1706 1647 1624 1637 1604 1571 1535 1512 1504 1491 1471 1462 1448 1442 1458 1494 1532 1569 1559 1553 1628 1768 1838 1916 2025 2148 2292 2360 2282 2532 2320 2166 2034 1777 2179 2524 2309 1871 1980 2681 1710 1606 1461 1457 1452 1377 1254 1187 1165 1172 1271 1181 1104 975 900 904 839 797 766 738 728 750 729 -9999
-9999 -9999 -9999 -9999 -9999 -9999 1833 1851 1869 1886 1874 1811 1737 1691 1660 1648 1647 1610 1580 1554 1534 1522 1511 1490 1475 1467 1462 1482 1523 1562 1572 1541 1573 1621 1684 1748 1828 1961 2172 2344 2384 2303 2355 2140 2158 2049 2598 2829 2563 2709 2001 1774 2864 1993 2057 1864 1462 1650 1571 1523 1493 1344 1308 1293 1225 1153 1060 980 911 845 814 799 785 798 742 689 670
-9999 -9999 -9999 -9999 -9999 -9999 1837 1856 1864 1899 1856 1775 1734 1699 1674 1656 1666 1639 1600 1576 1565 1550 1536 1517 1505 1503 1505 1526 1556 1591 1574 1575 1599 1646 1700 1754 1826 1925 2141 2338 2213 2161 2054 2428 2709 2688 2838 3260 3299 3191 2084 2030 3150 2440 2547 2215 1779 1602 1354 1299 1211 1116 1241 1254 1195 1131 1092 1043 973 916 866 826 819 769 702 683 665
-9999 -9999 -9999 -9999 -9999 -9999 1843 1852 1898 1915 1867 1797 1753 1730 1691 1671 1669 1663 1625 1602 1588 1574 1562 1550 1534 1532 1544 1568 1581 1562 1575 1598 1629 1670 1721 1774 1840 1907 2112 2218 1806 1852 2513 2756 2905 3075 3220 3257 2928 2885 3139 3256 2431 1618 1660 1725 1656 1583 1329 1277 1247 1334 1192 1071 1109 1110 1082 1042 998 949 905 857 815 764 714 692 653
-9999 -9999 -9999 -9999 -9999 -9999 -9999 1851 1875 1900 1870 1821 1779 1757 1721 1693 1670 1661 1640 1625 1611 1602 1586 1575 1563 1561 1573 1593 1590 1597 1603 1630 1662 1693 1739 1789 1845 1902 1984 2198 2256 2402 2614 2496 2510 2826 3301 2032 1991 1846 2886 2820 2087 1967 1319 1178 1330 1406 1279 1365 1369 1223 1074 1059 1039 1005 1040 980 934 930 887 837 826 799 748 694 653
-9999 -9999 -9999 -9999 -9999 -9999 -9999 1843 1861 1871 1844 1807 1791 1785 1757 1728 1696 1670 1656 1649 1636 1623 1614 1605 1598 1599 1596 1619 1625 1626 1635 1661 1689 1721 1757 1800 1858 1918 1982 2062 2192 2350 2193 2011 1971 2127 3329 2058 1807 2202 2727 1593 1622 1636 1386 1186 1245 1320 1290 1196 1118 1083 1037 1009 997 969 999 1002 915 889 843 820 780 759 760 715 671
-9999 -9999 -9999 -9999 -9999 -9999 -9999 -9999 1850 1870 1860 1826 1816 1806 1771 1736 1715 1689 1680 1665 1658 1647 1640 1637 1632 1639 1632 1635 1636 1643 1665 1692 1722 1758 1797 1875 2060 2022 2017 2096 2194 2329 2476 2320 1985 2274 3326 2046 1825 2601 2612 2566 2092 1936 1695 1419 1320 1391 1463 1334 1209 1162 1039 989 991 997 1052 933 891 873 829 815 765 736 717 709 685
-9999 -9999 -9999 -9999 -9999 -9999 -9999 -9999 1867 1872 1889 1861 1858 1833 1788 1759 1736 1712 1694 1685 1677 1666 1658 1656 1656 1649 1650 1663 1670 1680 1697 1727 1763 1806 1866 1959 2060 2171 2249 2249 2314 2380 2539 2621 2269 2276 3111 2730 1960 2869 1710 1951 2432 1826 1566 1440 1367 1319 1185 1282 1218 1293 1213 996 1105 1041 956 913 884 846 810 788 778 745 732 700 676
-9999 -9999 -9999 -9999 -9999 -9999 -9999 -9999 1880 1887 1892 1897 1872 1837 1803 1774 1756 1741 1725 1703 1693 1683 1667 1662 1661 1662 1672 1690 1711 1727 1744 1772 1821 1864 1929 2030 2168 2114 2057 2309 2339 2460 2620 2687 2581 2043 2693 2398 2976 2212 1788 1936 1889 2176 1683 1415 1439 1472 1454 1272 1160 1088 1137 1161 1139 1036 959 927 904 852 826 790 786 755 727 694 -9999
-9999 -9999 -9999 -9999 -9999 -9999 -9999 -9999 1910 1905 1902 1895 1882 1873 1834 1810 1785 1770 1749 1729 1716 1706 1692 1687 1682 1679 1688 1708 1734 1765 1792 1819 1853 1890 1944 2040 2162 2098 2035 2176 2314 2305 2188 2593 2695 2711 2839 2035 1853 1959 1983 1726 1623 1773 1638 1381 1448 1493 1500 1517 1304 1265 1190 1222 1169 1000 955 920 888 871 823 799 780 764 728 708 -9999
-9999 -9999 -9999 -9999 -9999 -9999 -9999 -9999 1946 1937 1922 1902 1880 1865 1851 1835 1813 1798 1771 1756 1745 1733 1720 1715 1712 1715 1724 1734 1751 1783 1814 1845 1879 1903 1960 2042 2172 2219 2258 2308 2298 2417 2324 2111 2458 2731 2750 2185 1865 2121 2449 2028 1755 1552 1509 1615 1377 1527 1362 1382 1268 1067 1040 1134 989 1054 949 914 882 844 820 790 779 752 732 692 -9999
-9999 -9999 -9999 -9999 -9999 -9999 -9999 -9999 1961 1959 1950 1932 1909 1886 1871 1847 1827 1818 1801 1782 1772 1758 1750 1748 1745 1745 1749 1757 1780 1812 1838 1868 1901 1923 1971 1999 2090 2177 2269 2312 2404 2369 2119 2215 2561 2710 2319 2100 2407 2072 1821 2014 1737 1722 1602 1728 1444 1419 1395 1443 1232 1218 1088 1068 955 1066 934 910 891 841 820 792 775 750 732 693 -9999
-9999 -9999 -9999 -9999 -9999 -9999 -9999 -9999 1978 1987 1977 1957 1928 1907 1890 1868 1844 1832 1824 1809 1799 1793 1788 1783 1780 1778 1783 1782 1801 1829 1840 1872 1902 1945 2021 2105 2148 2204 2143 2153 2234 2435 2314 2052 2467 2688 2446 2434 1783 1707 2008 1742 1612 1709 1816 1480 1637 1249 1220 1422 1339 1292 1027 1102 975 1001 962 930 879 849 822 796 768 748 723 688 -9999
-9999 -9999 -9999 -9999 -9999 -9999 -9999 -9999 -9999 1999 1996 1980 1966 1938 1915 1891 1870 1862 1861 1847 1831 1829 1820 1817 1812 1814 1815 1821 1807 1818 -9999 -9999 1911 1973 2014 2101 2201 2244 2201 2187 2082 2371 2295 2237 2561 2581 2390 2209 1686 2124 1815 1871 1614 1816 1841 1739 1841 1746 1255 1182 1392 1392 1296 1298 1244 989 966 909 885 856 827 790 757 728 716 687 -9999
-9999 -9999 -9999 -9999 -9999 -9999 -9999 -9999 -9999 2047 2016 2000 1986 1959 1937 1909 1895 1887 1890 1878 1871 1864 1858 1853 1844 1843 1848 1845 1868 1878 -9999 -9999 -9999 -9999 2019 2088 2189 2230 2132 2164 2056 2148 1981 2018 2477 2459 1944 1937 1892 2289 1801 1718 1530 1605 2083 1433 1352 1421 1684 1188 1204 1271 1110 1048 1247 1090 991 885 862 830 801 760 718 707 718 694 -9999
-9999 -9999 -9999 -9999 -9999 -9999 -9999 -9999 -9999 -9999 -9999 -9999 2001 2004 1968 1947 1935 1925 1922 1910 1906 1896 1889 1885 1883 1885 1889 1893 1878 1886 -9999 -9999 -9999 -9999 -9999 -9999 2134 2221 2258 2162 2223 2001 2011 2070 2474 2378 2134 2388 2308 1856 1799 1633 1621 1489 1908 1401 1344 1504 1714 1628 1632 1560 1462 1305 1220 1096 983 875 845 807 797 749 717 696 694 690 -9999
-9999 -9999 -9999 -9999 -9999 -9999 -9999 -9999 -9999 -9999 -9999 -9999 2071 2044 2021 1997 1978 1966 1954 1951 1945 1938 1927 1924 1923 1919 1924 1929 -9999 1960 1968 -9999 -9999 -9999 -9999 -9999 -9999 2177 2071 2067 2074 2180 2260 2324 2402 2428 2449 2282 2306 2176 1847 1624 1690 1826 1975 1536 1419 1526 1287 1157 1119 1188 1373 1120 1068 1058 914 901 838 833 793 756 719 685 676 690 -9999
-9999 -9999 -9999 -9999 -9999 -9999 -9999 -9999 2186 -9999 -9999 -9999 2132 2100 2067 2038 2016 2000 1992 1985 1979 1971 1963 1958 1955 1952 1952 1959 1970 1978 1991 2003 -9999 -9999 -9999 -9999 -9999 2205 2126 2169 2272 2306 2321 2366 2382 2412 2266 1901 1950 2325 2195 1746 1809 1967 1609 1605 1367 1298 1197 1251 1244 1160 1135 1238 1132 1040 977 908 875 820 790 759 724 675 675 684 -9999
-9999 -9999 -9999 -9999 -9999 -9999 -9999 -9999 -9999 2279 2254 2226 2183 2150 2117 2080 2053 2033 2022 2015 2006 1995 1982 1977 1973 1976 1981 1988 -9999 1994 2002 -9999 -9999 -9999 -9999 -9999 2142 2219 2239 2244 2226 2295 2161 2020 2289 2151 2261 1881 1880 1912 2229 2135 2105 1924 1733 1676 1388 1270 1242 1244 1111 1046 1042 1074 1101 1034 965 841 846 819 775 747 700 672 662 667 -9999
-9999 -9999 -9999 -9999 -9999 -9999 -9999 2347 -9999 -9999 -9999 -9999 -9999 2174 2146 2106 2077 2064 2049 2035 2018 2014 2012 2006 2004 2006 2005 2023 2033 -9999 -9999 -9999 -9999 -9999 -9999 -9999 2199 2163 2075 2226 2030 2113 1950 1679 1950 1920 2127 2063 1829 1743 1816 2153 2132 1736 1405 1671 1323 1318 1210 1183 1107 1074 972 1008 1002 974 947 849 799 805 773 718 671 653 622 616 -9999
-9999 -9999 -9999 -9999 -9999 -9999 -9999 2404 2441 -9999 -9999 -9999 2319 2283 2225 2184 2148 2074 -9999 2054 2051 2049 -9999 2018 2020 2037 2041 2050 2064 2074 -9999 -9999 -9999 -9999 2149 2169 2182 2134 2114 2148 2125 1988 1940 1882 1801 1956 1952 1764 1762 1755 1707 1949 1923 1937 1468 1308 1413 1321 1213 1183 1183 1099 1031 1047 1041 977 920 816 783 758 744 711 676 658 617 589 -9999
-9999 -9999 -9999 -9999 -9999 -9999 -9999 2440 2450 2516 2503 2424 2371 2321 2274 2225 2180 2131 -9999 -9999 -9999 -9999 -9999 -9999 2070 2052 2057 2069 2073 2077 2097 2105 -9999 2147 2155 2181 2165 2090 2124 2074 2002 2019 2063 2069 1909 1808 1746 1878 1849 1843 1895 1918 1688 1915 1767 1395 1334 1184 1183 1168 1138 1120 1064 1068 1033 965 938 875 781 746 720 691 660 642 629 589 -9999
-9999 -9999 -9999 -9999 -9999 -9999 -9999 2446 2412 2480 2509 2462 2409 2354 2312 2264 2233 2189 -9999 -9999 -9999 -9999 -9999 -9999 -9999 2100 2113 2087 -9999 -9999 2108 2117 2139 2153 2170 2179 2172 2093 2033 2106 2094 2075 2026 2175 1927 1815 1712 1574 1547 1894 1777 1566 1665 1679 1832 1672 1444 1214 1149 1123 1093 1047 996 1043 1008 949 924 881 766 755 728 672 653 651 632 601 -9999
-9999 -9999 -9999 -9999 -9999 -9999 -9999 2356 2484 2521 2501 2475 2431 2374 2334 2300 2260 -9999 -9999 -9999 -9999 -9999 -9999 -9999 -9999 -9999 -9999 -9999 -9999 -9999 -9999 -9999 2137 2157 2168 2177 2192 2166 2097 2097 2100 2208 2202 2097 2011 1866 1904 1529 1556 1607 1563 1493 1480 1462 1800 1667 1600 1295 1139 1114 1047 1025 1008 1025 979 887 892 828 755 718 698 654 662 658 638 604 -9999
-9999 -9999 -9999 -9999 -9999 -9999 -9999 -9999 2490 2509 2498 2474 2428 2384 2346 2326 2306 -9999 -9999 -9999 -9999 -9999 -9999 -9999 -9999 -9999 -9999 -9999 -9999 -9999 -9999 -9999 -9999 2156 2165 2175 2188 2169 2063 2181 2105 2199 2191 1902 1796 1709 1735 1670 1441 1704 1449 1463 1559 1398 1664 1687 1581 1349 1151 1123 1102 1002 1026 1031 979 889 845 838 789 745 687 663 662 657 625 590 -9999
-9999 -9999 -9999 -9999 -9999 -9999 -9999 -9999 2465 2470 2452 2442 2426 2388 2355 2339 2324 2320 -9999 -9999 -9999 -9999 -9999 -9999 -9999 -9999 -9999 -9999 -9999 -9999 -9999 -9999 -9999 -9999 -9999 2181 2183 2189 2183 2110 2104 2159 2122 1915 1663 1651 1761 1631 1620 1792 1819 1807 1756 1714 1701 1570 1508 1418 1166 1102 1061 1054 1094 1025 960 885 823 785 765 752 718 668 659 648 624 617 -9999
