L_edwardsianus/M_variables/Set1/bio1_.asc
NCOLS 77 
NROWS 221 
XLLCORNER -74.2083333333333 
YLLCORNER -46.25 
CELLSIZE 0.0416666666666666 
NODATA_value -9999 
[rows 176 to 197 of 221, columns 0 to 50 of 77]
-9999 -9999 -9999 -9999 -9999 -9999 -9999 -9999 -9999 -9999 -9999 -9999 -9999 -9999 -9999 -9999 -9999 -9999 -9999 -9999 -9999 9.49583339691162 8.70583343505859 8.51791667938232 8.78125 8.47083377838135 9.46583366394043 8.45265197753906 8.18420124053955 8.40950012207031 9.6254997253418 9.89966678619385 9.83399963378906 9.65516662597656 8.39400005340576 7.50116682052612 7.61199998855591 8.76683330535889 9.85766696929932 8.34583377838135 4.80316686630249 2.78783321380615 1.35450005531311 1.83550000190735 3.4578332901001 3.68983340263367 5.34666681289673 5.46150016784668 6.1763334274292 6.16400003433228 7.52549982070923
-9999 -9999 -9999 -9999 -9999 -9999 -9999 -9999 -9999 -9999 -9999 -9999 -9999 -9999 -9999 -9999 -9999 -9999 -9999 -9999 -9999 9.67083358764648 9.55624961853027 8.06229209899902 6.92716646194458 7.90952396392822 9.05642318725586 8.97983360290527 8.35783290863037 6.53049993515015 8.1138334274292 9.5915002822876 8.93249988555908 9.71983337402344 9.46749973297119 8.46083354949951 8.30700016021729 9.76416683197021 9.87916660308838 6.84299993515015 5.22249984741211 3.51349997520447 3.38483333587646 4.03083324432373 2.93416666984558 2.70916652679443 3.64916658401489 4.93900012969971 7.39849996566772 7.58199977874756 5.49349975585938
-9999 -9999 -9999 -9999 -9999 -9999 -9999 -9999 -9999 -9999 -9999 -9999 -9999 -9999 -9999 -9999 -9999 -9999 -9999 -9999 -9999 -9999 9.27916622161865 8.18000030517578 7.13866662979126 7.44433355331421 7.27916669845581 7.31966686248779 8.97866630554199 7.64416694641113 8.67249965667725 7.57649993896484 6.36983346939087 6.44616651535034 8.55916690826416 9.32800006866455 7.97599983215332 9.71933364868164 9.9593334197998 8.88066673278809 6.9573335647583 6.17316675186157 5.01950025558472 3.24766659736633 3.09999990463257 4.58116674423218 4.93633317947388 5.69383335113525 6.51666688919067 4.18516683578491 3.57550001144409
-9999 -9999 -9999 -9999 -9999 -9999 -9999 -9999 -9999 -9999 -9999 -9999 -9999 -9999 -9999 -9999 -9999 -9999 -9999 -9999 9.17875003814697 9.17864608764648 -9999 8.03240776062012 7.19313716888428 7.62644910812378 6.32833337783813 6.74916648864746 6.82616662979126 8.51033306121826 9.26516628265381 7.68466663360596 6.69449996948242 6.46783351898193 6.23699998855591 7.60366678237915 9.60566711425781 9.8881664276123 8.63333320617676 8.31716632843018 7.65183353424072 5.14300012588501 3.81916666030884 4.19449996948242 4.27616691589355 2.81583333015442 2.74283337593079 3.78916668891907 6.17333316802979 5.7480001449585 4.89200019836426
-9999 -9999 -9999 -9999 -9999 -9999 -9999 -9999 -9999 -9999 -9999 -9999 -9999 -9999 -9999 -9999 -9999 -9999 -9999 -9999 8.99230766296387 8.80486106872559 8.99134635925293 7.48055553436279 8.34681415557861 8.64541625976562 8.96599960327148 7.30033349990845 5.88233327865601 8.59266662597656 6.68283319473267 6.16499996185303 5.49216651916504 5.57916688919067 6.89783334732056 8.45966625213623 9.91316699981689 8.4995002746582 7.0861668586731 5.1046667098999 6.22350025177002 7.44883346557617 7.44933319091797 7.12333345413208 4.83883333206177 5.07283306121826 5.34849977493286 4.84333324432373 5.37916660308838 4.20533323287964 4.40166664123535
-9999 -9999 -9999 -9999 -9999 -9999 -9999 -9999 -9999 -9999 -9999 -9999 -9999 -9999 -9999 -9999 -9999 -9999 -9999 -9999 8.86602592468262 8.53611087799072 8.63194465637207 7.90989589691162 6.89933347702026 6.76733350753784 8.68633365631104 8.68533325195312 8.40733337402344 9.08116626739502 9.17650032043457 7.91116666793823 6.55999994277954 6.71766662597656 8.69466686248779 9.76866626739502 9.85849952697754 7.15683317184448 5.54049968719482 5.51816654205322 4.16699981689453 3.81666660308838 5.54766654968262 5.74816656112671 5.19016647338867 6.55633354187012 5.67850017547607 4.84700012207031 4.44083309173584 6.09866666793823 4.20133352279663
-9999 -9999 -9999 -9999 -9999 -9999 -9999 -9999 -9999 -9999 -9999 -9999 -9999 -9999 -9999 -9999 -9999 -9999 -9999 -9999 8.52499961853027 7.46933317184448 7.26766681671143 8.47123050689697 8.65450000762939 7.8033332824707 7.28316640853882 6.70300006866455 8.11083316802979 6.64783334732056 7.96483325958252 9.32250022888184 9.13083362579346 9.38150024414062 9.71033382415771 9.84666633605957 9.67983341217041 7.54500007629395 6.51466655731201 5.24300003051758 4.56683349609375 5.39666652679443 7.01700019836426 7.62766647338867 7.85483312606812 7.60866689682007 8.00233364105225 4.54716682434082 3.82966661453247 5.59516668319702 6.41216659545898
-9999 -9999 -9999 -9999 -9999 -9999 -9999 -9999 -9999 -9999 -9999 -9999 -9999 -9999 -9999 -9999 -9999 -9999 -9999 -9999 -9999 7.85233354568481 7.06266641616821 6.24033355712891 7.91233348846436 7.76666688919067 5.46266651153564 4.25050020217896 7.33683347702026 7.02600002288818 5.68699979782104 6.18233346939087 7.5935001373291 9.18933296203613 9.87750053405762 9.8328332901001 8.77983379364014 7.06533336639404 5.03416681289673 6.72849988937378 8.04716682434082 8.46116638183594 6.36166667938232 6.24183320999146 6.73583316802979 7.48433351516724 6.46916675567627 7.15816688537598 6.13350009918213 6.26900005340576 7.63983345031738
-9999 -9999 -9999 -9999 -9999 -9999 -9999 -9999 -9999 -9999 -9999 -9999 -9999 -9999 -9999 -9999 -9999 -9999 -9999 -9999 -9999 7.5828332901001 7.51216650009155 6.49783325195312 7.84083318710327 7.64966678619385 6.74783325195312 5.51999998092651 5.90150022506714 6.49133348464966 6.05749988555908 7.52316665649414 9.02700042724609 9.65033340454102 9.83733367919922 9.80033302307129 9.46333312988281 8.305832862854 6.59000015258789 7.72416687011719 4.93349981307983 6.15433311462402 5.03166675567627 4.17666673660278 5.74200010299683 5.56150007247925 5.8328332901001 6.98983335494995 8.18783378601074 7.63833332061768 7.94850015640259
-9999 -9999 -9999 -9999 -9999 -9999 -9999 -9999 -9999 -9999 -9999 -9999 -9999 -9999 -9999 -9999 -9999 -9999 -9999 -9999 -9999 8.17280673980713 8.35089302062988 6.59456539154053 8.62800025939941 7.35816669464111 7.77383327484131 7.19700002670288 6.8289999961853 7.0683331489563 8.0959997177124 9.27799987792969 9.62833309173584 9.72550010681152 8.55399990081787 7.40666675567627 9.46500015258789 9.47466659545898 8.22366714477539 6.33199977874756 5.19600009918213 4.92916679382324 4.97450017929077 4.15283346176147 4.20916652679443 4.22866678237915 4.28183317184448 7.04983329772949 7.18333339691162 4.6254997253418 6.17950010299683
-9999 -9999 -9999 -9999 -9999 -9999 -9999 -9999 -9999 -9999 -9999 -9999 -9999 -9999 -9999 -9999 -9999 -9999 -9999 -9999 -9999 7.87187528610229 7.74186515808105 7.49861097335815 8.55243015289307 8.33333301544189 7.03866672515869 5.84049987792969 6.25750017166138 8.50650024414062 9.54733371734619 9.58916664123535 9.00150012969971 7.05900001525879 4.83683347702026 5.93300008773804 8.18383312225342 8.68633365631104 6.07000017166138 5.40700006484985 5.22266674041748 5.08316659927368 5.64249992370605 5.17483329772949 4.8401665687561 5.86116647720337 4.42666673660278 7.44000005722046 5.88766670227051 4.2848334312439 4.60500001907349
-9999 -9999 -9999 -9999 -9999 -9999 -9999 -9999 -9999 -9999 -9999 -9999 -9999 -9999 -9999 -9999 -9999 -9999 -9999 -9999 -9999 6.8496527671814 5.89183330535889 6.64699983596802 6.92966651916504 6.28000020980835 6.58249998092651 5.88883304595947 7.90982151031494 9.4980001449585 9.45366668701172 8.22650051116943 5.97100019454956 4.66550016403198 5.24216651916504 7.52549982070923 7.96150016784668 7.6783332824707 4.89766645431519 5.38633346557617 5.74983310699463 6.91966676712036 4.87866640090942 4.43316650390625 5.34849977493286 6.35799980163574 4.46166658401489 6.84116649627686 5.6729998588562 4.39716672897339 4.6341667175293
-9999 -9999 -9999 -9999 -9999 -9999 -9999 -9999 -9999 -9999 -9999 -9999 -9999 -9999 -9999 -9999 -9999 -9999 -9999 -9999 -9999 -9999 7.35912704467773 6.64883327484131 6.08249998092651 7.49270820617676 7.24298238754272 8.40763854980469 7.50208330154419 8.57968711853027 8.72983360290527 5.26666688919067 5.20099973678589 5.46099996566772 6.15383338928223 5.83466672897339 5.20550012588501 6.55766677856445 8.12666702270508 7.85116672515869 8.72083377838135 7.38600015640259 5.40450000762939 5.09133338928223 5.25816679000854 6.31850004196167 4.79666662216187 4.56183338165283 7.29500007629395 5.1341667175293 3.59383320808411
-9999 -9999 -9999 -9999 -9999 -9999 -9999 -9999 -9999 -9999 -9999 -9999 -9999 -9999 -9999 -9999 -9999 -9999 -9999 -9999 -9999 -9999 8.98999977111816 8.25208377838135 8.48181819915771 9.24166679382324 8.81553077697754 6.73194456100464 5.41383361816406 8.61666679382324 7.46683311462402 5.39133310317993 4.82266664505005 5.23783349990845 3.86450004577637 5.80466651916504 5.55700016021729 4.66699981689453 5.34233331680298 5.84500026702881 7.2078332901001 8.31583309173584 8.96866703033447 6.76966667175293 5.30233335494995 7.78016662597656 4.99816656112671 6.16849994659424 7.22616672515869 7.87033319473267 5.69266653060913
-9999 -9999 -9999 -9999 -9999 -9999 -9999 -9999 -9999 -9999 -9999 -9999 -9999 -9999 -9999 -9999 -9999 -9999 -9999 -9999 -9999 -9999 6.58316659927368 7.57683324813843 7.04299974441528 8.9486665725708 6.6816668510437 4.83666658401489 6.43599987030029 8.81066703796387 7.39300012588501 5.91900014877319 5.78783321380615 4.39300012588501 3.88583326339722 4.76399993896484 5.37033319473267 5.44399976730347 4.63199996948242 5.43733358383179 5.90250015258789 8.05616664886475 6.89866638183594 7.10900020599365 6.70833301544189 7.66283321380615 7.59683322906494 8.1361665725708 8.39750003814697 8.40716648101807 8.03600025177002
-9999 -9999 -9999 -9999 -9999 -9999 -9999 -9999 -9999 -9999 -9999 -9999 -9999 -9999 -9999 -9999 -9999 -9999 -9999 -9999 -9999 -9999 6.12416648864746 6.23616647720337 7.67966651916504 7.10416650772095 6.58883333206177 5.11266660690308 6.86333322525024 7.22583341598511 6.86600017547607 5.57649993896484 5.77300024032593 3.87466669082642 4.66099977493286 4.08099985122681 5.01883316040039 6.49033308029175 6.45383358001709 6.87116670608521 7.8600001335144 8.27600002288818 5.43050003051758 4.69033336639404 4.5261664390564 4.99633312225342 4.18200016021729 4.69733333587646 8.12283325195312 7.19566679000854 7.41900014877319
-9999 -9999 -9999 -9999 -9999 -9999 -9999 -9999 -9999 -9999 -9999 -9999 -9999 -9999 -9999 -9999 -9999 -9999 -9999 -9999 -9999 -9999 7.39742040634155 5.86199998855591 6.24116659164429 5.3968334197998 5.62599992752075 5.59316682815552 5.06650018692017 3.2574999332428 6.03499984741211 5.97683334350586 5.0091667175293 4.66033315658569 4.88250017166138 3.78766655921936 3.75083327293396 4.12150001525879 4.01933336257935 4.53466653823853 7.35900020599365 5.1104998588562 5.36983346939087 5.68833351135254 4.75566673278809 4.47683334350586 5.69533348083496 4.27066659927368 6.10383319854736 7.34116649627686 7.04516649246216
-9999 -9999 -9999 -9999 -9999 -9999 -9999 -9999 -9999 -9999 -9999 -9999 -9999 -9999 -9999 -9999 -9999 -9999 -9999 -9999 -9999 -9999 -9999 5.00933313369751 3.02100014686584 2.87050008773804 4.79616641998291 5.8986668586731 6.38399982452393 6.36850023269653 6.93283319473267 6.88683319091797 5.90533351898193 5.52833318710327 4.19316673278809 4.52850008010864 4.89033317565918 5.38883352279663 4.70383310317993 6.50299978256226 5.41066646575928 4.45716667175293 3.87683343887329 4.22566652297974 5.32299995422363 6.25833320617676 6.0973334312439 7.42549991607666 7.19999980926514 8.55316638946533 6.90316677093506
-9999 -9999 -9999 -9999 -9999 -9999 -9999 -9999 -9999 -9999 -9999 -9999 -9999 -9999 -9999 -9999 -9999 -9999 -9999 -9999 -9999 -9999 -9999 6.22983312606812 5.42016649246216 2.22183322906494 3.94249987602234 5.62599992752075 6.67999982833862 6.79183340072632 6.6743335723877 5.9941668510437 5.65133333206177 5.41783332824707 4.77966690063477 4.49866676330566 4.90299987792969 4.54333353042603 7.71199989318848 6.10733318328857 3.71550011634827 5.1468334197998 5.32516670227051 4.61633348464966 4.12866687774658 4.07733345031738 4.22700023651123 4.78966665267944 4.98183345794678 8.51833343505859 7.15233325958252
-9999 -9999 -9999 -9999 -9999 -9999 -9999 -9999 -9999 -9999 -9999 -9999 -9999 -9999 -9999 -9999 -9999 -9999 -9999 -9999 -9999 -9999 -9999 7.47450017929077 6.13966655731201 4.13383340835571 3.01683330535889 5.00233316421509 5.16916656494141 6.58766651153564 5.73466682434082 6.30100011825562 4.71099996566772 4.64050006866455 4.63433313369751 5.08333349227905 3.83133339881897 5.75699996948242 7.74716663360596 3.62666654586792 4.19700002670288 3.82616662979126 3.71066665649414 4.34149980545044 6.44899988174438 5.47333335876465 3.5368332862854 4.69999980926514 7.70499992370605 7.89116668701172 6.54199981689453
-9999 -9999 -9999 -9999 -9999 -9999 -9999 -9999 -9999 -9999 -9999 -9999 -9999 -9999 -9999 -9999 -9999 -9999 -9999 -9999 -9999 -9999 -9999 8.45277786254883 6.85277795791626 5.03649997711182 4.98699998855591 4.81683349609375 5.92566680908203 5.90716695785522 5.05166673660278 4.86733341217041 6.40250015258789 6.12333345413208 5.05616664886475 4.61666679382324 4.62516689300537 7.42999982833862 4.84216642379761 3.84883332252502 4.76816654205322 3.67249989509583 4.27666664123535 4.03999996185303 4.17333316802979 5.55416679382324 6.88916683197021 7.53916645050049 5.54666662216187 4.21700000762939 4.67899990081787
-9999 -9999 -9999 -9999 -9999 -9999 -9999 -9999 -9999 -9999 -9999 -9999 -9999 -9999 -9999 -9999 -9999 -9999 -9999 -9999 -9999 -9999 -9999 9.14583301544189 8.35520839691162 6.69854164123535 6.94783306121826 5.22466659545898 6.54533338546753 4.12333345413208 4.3745002746582 4.29500007629395 4.88299989700317 6.35699987411499 7.15166664123535 5.75166654586792 5.7024998664856 7.6104998588562 3.89216661453247 4.18849992752075 5.63000011444092 4.1816668510437 3.89366674423218 4.67399978637695 4.39550018310547 6.41666650772095 6.77416658401489 7.40350008010864 6.73616695404053 6.2723331451416 6.23816680908203
