L_edwardsianus/M_variables/Set1/bio12_.asc
NCOLS 77 
NROWS 221 
XLLCORNER -74.2083333333333 
YLLCORNER -46.25 
CELLSIZE 0.0416666666666666 
NODATA_value -9999 
[rows 120 to 159 of 221, columns 0 to 76 of 77]
-9999 -9999 -9999 -9999 -9999 -9999 -9999 -9999 2427 2433 2425 2414 2405 2380 2351 2340 2329 2333 2321 -9999 -9999 -9999 -9999 -9999 -9999 -9999 -9999 -9999 -9999 -9999 -9999 -9999 -9999 -9999 -9999 -9999 -9999 2179 2181 2183 2172 2166 1968 1906 1799 1650 1654 1677 1827 1600 1651 1455 1360 1445 1384 1450 1524 1424 1173 1106 1070 1029 1117 1020 1031 924 812 770 755 730 685 659 666 644 638 618 -9999
-9999 -9999 -9999 -9999 -9999 -9999 -9999 -9999 2405 2396 2392 2395 2385 2361 2340 2331 2320 2329 2323 2316 -9999 -9999 -9999 -9999 -9999 -9999 -9999 -9999 -9999 -9999 -9999 -9999 -9999 -9999 -9999 -9999 -9999 -9999 2190 2173 2124 2164 2038 1949 1797 1987 1586 1546 1620 1474 1557 1278 1324 1335 1357 1446 1324 1375 1321 1235 1225 1191 1098 1026 1011 945 899 790 766 739 690 665 668 661 643 -9999 -9999
-9999 -9999 -9999 -9999 -9999 -9999 -9999 -9999 2383 2376 2363 2352 2344 2332 2318 2314 2314 2325 2325 2317 2309 -9999 -9999 -9999 -9999 -9999 -9999 -9999 -9999 -9999 -9999 -9999 -9999 -9999 -9999 -9999 -9999 -9999 2179 2160 2014 2132 1923 1932 1899 1877 1717 1587 1426 1422 1385 1291 1324 1329 1334 1320 1186 1229 1160 1158 1125 1213 1099 995 983 897 899 865 791 726 679 683 675 654 623 -9999 -9999
-9999 -9999 -9999 -9999 -9999 -9999 -9999 -9999 -9999 2350 2335 2328 2316 2304 2301 2307 2305 2315 2310 2309 2304 -9999 -9999 -9999 -9999 -9999 -9999 -9999 -9999 -9999 -9999 -9999 -9999 -9999 -9999 -9999 -9999 -9999 2140 2144 -9999 -9999 1961 1895 1907 1823 1785 1679 1641 1440 1483 1486 1381 1414 1393 1287 1254 1199 1139 1120 1154 1216 1040 987 993 892 858 842 778 731 686 671 659 652 619 -9999 -9999
-9999 -9999 -9999 -9999 -9999 -9999 -9999 -9999 -9999 2303 2320 2300 2290 2290 2292 2298 2303 2304 2303 2304 2305 -9999 -9999 -9999 2276 -9999 -9999 -9999 -9999 -9999 -9999 -9999 -9999 -9999 2220 2225 2220 2164 2013 2026 2141 -9999 1991 1894 2025 1887 1811 1814 1662 1494 1486 1432 1510 1280 1273 1301 1266 1228 1172 1191 1241 1111 988 975 924 952 901 859 809 763 710 669 650 642 620 -9999 -9999
-9999 -9999 -9999 -9999 -9999 -9999 -9999 -9999 -9999 2242 2279 2282 2273 2277 2277 2285 2288 2288 2302 2303 2301 -9999 2304 2298 2285 2282 2284 2273 -9999 -9999 -9999 -9999 -9999 2229 2228 2232 2209 2061 1967 2014 2118 2133 1998 1938 1890 1803 1665 1624 1517 1402 1481 1485 1532 1476 1432 1349 1321 1184 1150 1256 1117 1026 989 947 920 893 859 820 780 737 704 668 645 623 614 -9999 -9999
-9999 -9999 -9999 -9999 -9999 -9999 -9999 -9999 -9999 2206 2238 2250 2252 2258 2257 2255 2266 2276 2289 2287 2291 2300 2305 2298 2294 2290 2285 2278 -9999 -9999 -9999 -9999 2230 2236 2219 2167 2203 2070 1929 1970 2078 2102 1855 1920 1800 1864 1669 1576 1704 1473 1395 1396 1417 1275 1310 1373 1273 1270 1253 1120 1070 1022 981 926 898 876 842 790 754 706 676 660 638 624 607 -9999 -9999
-9999 -9999 -9999 -9999 -9999 -9999 -9999 -9999 -9999 2193 2205 2211 2222 2230 2237 2251 2263 2262 2277 -9999 2282 -9999 -9999 2292 -9999 2290 2288 -9999 -9999 -9999 -9999 -9999 -9999 -9999 2220 2111 2044 2097 2002 1903 2023 2146 2034 2013 1919 1863 1758 1644 1634 1437 1395 1453 1318 1313 1276 1204 1144 1125 1059 1026 1034 1000 957 917 873 841 795 766 749 716 677 660 621 605 598 -9999 -9999
-9999 -9999 -9999 -9999 -9999 -9999 -9999 -9999 -9999 -9999 2179 2181 2199 2218 2226 2239 2243 -9999 2274 -9999 -9999 2296 2299 -9999 -9999 2298 2294 -9999 -9999 -9999 -9999 -9999 -9999 -9999 2234 2210 2111 2096 2004 1940 1919 2022 2122 1828 1733 1713 1799 1742 1642 1434 1329 1296 1240 1264 1148 1115 1146 1121 1012 999 999 975 939 907 870 828 808 788 742 713 689 652 661 627 587 -9999 -9999
-9999 -9999 -9999 -9999 -9999 -9999 -9999 -9999 -9999 -9999 2153 2169 2181 2198 2214 2223 2231 2261 2261 -9999 2286 2296 2296 -9999 -9999 -9999 -9999 -9999 -9999 -9999 -9999 -9999 -9999 -9999 -9999 -9999 2104 1916 1957 1881 1885 1989 2126 1763 1917 1830 1808 1827 1653 1555 1439 1312 1244 1326 1211 1166 1104 1122 1139 1078 1018 1003 972 945 897 834 830 784 760 719 677 686 688 629 568 -9999 -9999
-9999 -9999 -9999 -9999 -9999 -9999 -9999 -9999 -9999 -9999 2133 2155 2171 2188 2207 2224 2241 2260 2260 2281 2288 2295 2305 2309 -9999 -9999 -9999 -9999 -9999 -9999 -9999 -9999 -9999 -9999 -9999 -9999 2191 2042 2020 1874 1846 1915 2070 2022 2008 2007 1873 1701 1771 1720 1584 1377 1295 1308 1280 1227 1214 1203 1094 1065 1031 979 966 962 914 867 833 783 749 701 696 700 690 613 570 -9999 -9999
-9999 -9999 -9999 -9999 -9999 -9999 -9999 -9999 -9999 -9999 2132 2152 2173 2190 2199 -9999 2242 2252 2265 2276 -9999 -9999 2299 -9999 -9999 -9999 -9999 -9999 -9999 -9999 -9999 -9999 -9999 2264 2221 2162 2191 2210 2038 1952 1920 2082 1866 1810 1804 1711 1844 1664 1511 1725 1550 1436 1330 1319 1238 1210 1164 1080 1026 1027 950 921 943 974 940 892 848 774 733 721 705 698 661 588 568 -9999 -9999
-9999 -9999 -9999 -9999 -9999 -9999 -9999 -9999 -9999 -9999 2140 2150 2158 2182 2221 -9999 2251 2254 2282 2284 -9999 -9999 -9999 2318 -9999 -9999 -9999 -9999 -9999 -9999 -9999 -9999 -9999 2276 2184 2043 2064 2058 2156 2155 2147 1978 1817 1706 1723 1810 1835 1694 1544 1526 1489 1441 1351 1363 1211 1191 1112 1076 1034 984 956 1045 1018 939 890 848 794 767 745 727 698 682 641 572 554 -9999 -9999
-9999 -9999 -9999 -9999 -9999 -9999 -9999 -9999 -9999 -9999 -9999 2168 2190 2207 2226 2238 2261 2273 2283 -9999 -9999 2317 2326 2325 2325 -9999 -9999 2327 2327 -9999 -9999 -9999 2295 2291 2239 2154 2066 2035 2058 2009 2094 2140 2044 1780 1746 1745 1672 1704 1614 1471 1367 1373 1387 1357 1400 1335 1151 1113 1103 1047 1057 1054 891 867 843 819 790 761 745 705 680 650 616 582 542 -9999 -9999
-9999 -9999 -9999 -9999 -9999 -9999 -9999 -9999 -9999 -9999 -9999 2182 2193 2212 2226 2242 2260 2273 2280 -9999 2307 2319 2330 2327 -9999 -9999 2336 2334 2328 -9999 -9999 -9999 2303 2304 2245 2169 2100 1944 1992 1994 2010 2160 1957 1895 1796 1690 1673 1594 1459 1456 1417 1315 1252 1296 1153 1305 1256 1120 1163 1034 1145 940 878 876 806 797 790 749 709 680 676 654 621 589 544 -9999 -9999
-9999 -9999 -9999 -9999 -9999 -9999 -9999 -9999 -9999 -9999 -9999 2191 2208 2229 -9999 2260 2258 -9999 -9999 -9999 -9999 -9999 -9999 -9999 -9999 -9999 2346 2343 2339 2344 -9999 -9999 2320 2318 2224 2085 2128 1998 2048 2083 1935 2033 2107 2073 1842 1897 1713 1710 1478 1474 1408 1448 1307 1225 1315 1338 1306 1310 1132 1078 1123 983 925 872 825 784 757 718 686 680 693 679 646 603 542 -9999 -9999
-9999 -9999 -9999 -9999 -9999 -9999 -9999 -9999 -9999 -9999 -9999 2209 2223 2237 2260 -9999 -9999 -9999 -9999 -9999 -9999 -9999 -9999 -9999 -9999 -9999 2355 2353 2346 2347 2341 -9999 2328 2334 2309 2156 2052 2025 2200 1930 1852 1874 1909 2006 2028 1998 1754 1770 1651 1451 1475 1522 1491 1460 1362 1164 1123 1151 1242 1153 975 964 920 847 832 785 762 724 686 672 679 661 608 572 521 -9999 -9999
-9999 -9999 -9999 -9999 -9999 -9999 -9999 -9999 -9999 -9999 -9999 2215 2231 2250 2262 2283 2302 -9999 -9999 -9999 -9999 -9999 -9999 -9999 -9999 -9999 -9999 -9999 -9999 2351 2346 -9999 2338 2337 2334 2204 2118 2208 2173 2065 1974 1758 1723 1641 1699 1925 1933 1876 1749 1569 1458 1435 1407 1344 1304 1346 1148 1114 1182 1145 954 932 881 833 818 774 747 721 681 659 663 654 584 546 -9999 -9999 -9999
-9999 -9999 -9999 -9999 -9999 -9999 -9999 -9999 -9999 -9999 -9999 -9999 2242 2265 2287 2295 2315 2329 -9999 -9999 -9999 -9999 -9999 -9999 -9999 -9999 -9999 -9999 -9999 2357 2356 -9999 2342 2337 2327 2318 2262 2178 2193 1998 1841 1571 1451 1629 1674 1656 1653 1739 1666 1578 1407 1364 1283 1376 1330 1333 1328 1082 1040 1200 1090 1085 963 820 807 772 729 720 669 659 653 641 583 536 -9999 -9999 -9999
-9999 -9999 -9999 -9999 -9999 -9999 -9999 -9999 -9999 -9999 -9999 -9999 2265 2292 2299 2299 2324 2343 -9999 -9999 -9999 -9999 -9999 -9999 -9999 -9999 -9999 -9999 -9999 -9999 -9999 -9999 -9999 2341 2275 2092 2122 2109 2123 1935 1731 1747 1777 1858 1710 1639 1706 1689 1631 1519 1638 1448 1330 1244 1172 1158 1227 1280 1160 1192 1012 1047 1051 851 781 743 754 735 676 663 622 612 582 531 -9999 -9999 -9999
-9999 -9999 -9999 -9999 -9999 -9999 -9999 -9999 -9999 -9999 -9999 -9999 2284 2309 2309 2327 2343 2356 -9999 -9999 -9999 -9999 -9999 -9999 -9999 -9999 -9999 -9999 -9999 -9999 -9999 -9999 -9999 -9999 2324 2270 2245 2073 2009 1871 1873 1958 1888 1927 1784 1796 1619 1509 1464 1424 1462 1593 1259 1333 1107 1152 1157 1072 1095 1201 965 947 1061 885 775 749 784 733 689 686 663 615 561 517 -9999 -9999 -9999
-9999 -9999 -9999 -9999 -9999 -9999 -9999 -9999 -9999 -9999 -9999 -9999 2310 2327 2345 2347 2365 2381 2395 -9999 -9999 -9999 -9999 -9999 -9999 -9999 -9999 -9999 -9999 -9999 -9999 -9999 -9999 2339 2297 2340 2286 2074 2080 2002 1915 2100 1797 1932 1677 1615 1725 1599 1479 1537 1393 1524 1438 1356 1177 1098 1048 994 1004 1178 982 913 1027 949 802 800 773 770 746 686 649 599 545 516 -9999 -9999 -9999
-9999 -9999 -9999 -9999 -9999 -9999 -9999 -9999 -9999 -9999 -9999 -9999 2329 2354 2361 2373 2379 2395 2401 2416 2418 -9999 -9999 -9999 -9999 -9999 -9999 -9999 -9999 -9999 -9999 -9999 -9999 2354 2357 2357 2323 2240 2256 2225 2025 2137 1937 1921 1712 1616 1546 1421 1502 1643 1497 1307 1492 1486 1163 1222 1062 1007 1047 1208 982 902 973 1022 937 905 863 827 717 661 658 620 558 525 -9999 -9999 -9999
-9999 -9999 -9999 -9999 -9999 -9999 -9999 -9999 -9999 -9999 -9999 -9999 -9999 2374 2363 2388 2418 -9999 -9999 -9999 2430 2438 -9999 -9999 -9999 -9999 -9999 -9999 -9999 -9999 -9999 -9999 2368 2369 2386 2227 2135 2321 2080 2125 2221 2178 1822 1835 1975 1969 1660 1493 1597 1422 1448 1632 1295 1413 1475 1539 1453 1364 1338 1367 1177 913 888 928 907 959 929 837 735 653 637 610 557 -9999 -9999 -9999 -9999
-9999 -9999 -9999 -9999 -9999 -9999 -9999 -9999 -9999 -9999 -9999 -9999 -9999 2377 2411 2418 2419 2425 2438 -9999 -9999 -9999 -9999 -9999 -9999 -9999 -9999 -9999 -9999 -9999 -9999 2426 2323 2277 2362 2245 2068 2261 2145 2179 2264 2221 2009 1993 1889 1678 1703 1719 1422 1524 1533 1412 1591 1203 1221 1227 1255 1133 1092 1302 1311 894 853 871 985 1041 973 890 844 765 664 618 562 -9999 -9999 -9999 -9999
-9999 -9999 -9999 -9999 -9999 -9999 -9999 -9999 -9999 -9999 -9999 -9999 -9999 2392 2425 2444 2452 2458 -9999 -9999 -9999 -9999 -9999 -9999 -9999 -9999 -9999 -9999 -9999 -9999 -9999 2428 2340 2235 2182 2234 2272 2226 2160 2154 2042 2236 2158 1808 1816 1813 1735 1903 1604 1487 1450 1571 1664 1416 1147 1145 1214 1018 1017 1022 1226 1136 982 1033 1119 1078 1016 958 822 768 708 619 581 -9999 -9999 -9999 -9999
-9999 -9999 -9999 -9999 -9999 -9999 -9999 -9999 -9999 -9999 -9999 -9999 -9999 2432 2457 2463 2479 2473 -9999 -9999 -9999 -9999 -9999 -9999 -9999 -9999 -9999 -9999 -9999 -9999 -9999 2443 2369 2145 2168 2129 2119 2262 2143 2073 1944 2219 2142 1801 1723 1705 1684 1793 1827 1462 1493 1474 1688 1402 1402 1311 1062 1043 1165 1164 1228 1270 1271 1219 1160 1079 977 856 710 721 721 683 640 -9999 -9999 -9999 -9999
-9999 -9999 -9999 -9999 -9999 -9999 -9999 -9999 -9999 -9999 -9999 -9999 -9999 2480 2482 2496 2498 -9999 -9999 -9999 -9999 -9999 -9999 -9999 -9999 -9999 -9999 -9999 -9999 -9999 -9999 2450 2379 2011 2005 2146 2121 2132 2128 2089 2106 2187 2210 1999 1786 1696 1892 1674 1410 1414 1395 1425 1474 1514 1287 1674 1602 1463 1379 1173 1179 1311 1269 1212 1124 996 888 800 711 678 652 628 576 -9999 -9999 -9999 -9999
-9999 -9999 -9999 -9999 -9999 -9999 -9999 -9999 -9999 -9999 -9999 -9999 -9999 -9999 2506 2523 -9999 -9999 -9999 -9999 -9999 -9999 -9999 -9999 -9999 -9999 -9999 -9999 -9999 -9999 -9999 2460 2415 2244 2138 2094 2227 2241 2053 2106 2144 1850 2158 2161 2088 1987 1613 1445 1487 1528 1320 1236 1279 1491 1675 1593 1524 1222 1106 974 945 972 1064 1025 1014 915 867 799 729 667 663 611 563 -9999 -9999 -9999 -9999
-9999 -9999 -9999 -9999 -9999 -9999 -9999 -9999 -9999 -9999 -9999 -9999 -9999 -9999 2536 2536 -9999 -9999 -9999 -9999 -9999 -9999 -9999 -9999 -9999 -9999 -9999 -9999 -9999 2520 2497 2489 2464 2420 2315 2069 2291 2026 1957 1691 1738 1835 2073 2133 2065 2090 1849 1501 1536 1387 1606 1496 1392 1477 1552 1634 1368 1105 1145 1001 959 927 993 951 931 894 858 783 772 701 659 603 -9999 -9999 -9999 -9999 -9999
-9999 -9999 -9999 -9999 -9999 -9999 -9999 -9999 -9999 -9999 -9999 -9999 -9999 -9999 -9999 -9999 -9999 -9999 -9999 -9999 -9999 -9999 -9999 -9999 -9999 -9999 -9999 2556 2545 2521 2450 2484 2464 2460 2424 2313 2164 2082 2124 1970 1524 1653 1896 1994 1700 2024 2050 1805 1680 1355 1303 1474 1766 1766 1522 1174 1195 1089 1071 1004 983 926 980 919 911 912 846 773 713 694 664 605 -9999 -9999 -9999 -9999 -9999
-9999 -9999 -9999 -9999 -9999 -9999 -9999 -9999 -9999 -9999 -9999 -9999 -9999 -9999 -9999 -9999 -9999 -9999 -9999 -9999 -9999 -9999 -9999 -9999 -9999 -9999 -9999 2569 2557 2538 2450 2373 2421 2387 2438 2347 2109 2187 2208 1847 1809 1739 1672 1925 1881 1703 1920 2067 1946 1475 1488 1724 1663 1530 1231 1206 1138 1077 1046 1019 925 969 994 969 966 866 779 722 715 685 618 606 -9999 -9999 -9999 -9999 -9999
-9999 -9999 -9999 -9999 -9999 -9999 -9999 -9999 -9999 -9999 -9999 -9999 -9999 -9999 -9999 -9999 -9999 -9999 -9999 -9999 -9999 -9999 -9999 -9999 -9999 -9999 -9999 2582 2563 2554 2528 2492 2463 2223 2244 2362 2350 2322 2169 2119 1947 1783 1727 1928 2002 1898 1889 2051 2032 1473 1701 1551 1276 1295 1210 1149 1206 1037 1053 994 1016 1085 1098 1041 896 808 756 685 648 634 636 616 -9999 -9999 -9999 -9999 -9999
-9999 -9999 -9999 -9999 -9999 -9999 -9999 -9999 -9999 -9999 -9999 -9999 -9999 -9999 -9999 -9999 -9999 -9999 -9999 -9999 -9999 -9999 -9999 -9999 -9999 -9999 2609 2603 2596 2492 2471 2445 2373 2185 2036 2128 2093 2281 2152 1952 1700 1782 1937 2082 2042 1612 1596 1727 1926 1845 1866 1380 1268 1269 1162 1134 1149 1127 1068 1121 1175 1133 1034 996 848 805 761 721 680 646 618 601 -9999 -9999 -9999 -9999 -9999
-9999 -9999 -9999 -9999 -9999 -9999 -9999 -9999 -9999 -9999 -9999 -9999 -9999 -9999 -9999 -9999 -9999 -9999 -9999 -9999 -9999 -9999 -9999 -9999 -9999 -9999 2617 2578 2403 2561 2450 2385 2232 1908 1949 1870 2005 1968 2128 2115 1762 1736 1839 1756 2054 1686 1496 1444 1521 1849 1831 1514 1409 1397 1222 1164 1130 1197 1186 1160 1033 1088 1054 1006 910 852 806 752 707 676 633 -9999 -9999 -9999 -9999 -9999 -9999
-9999 -9999 -9999 -9999 -9999 -9999 -9999 -9999 -9999 -9999 -9999 -9999 -9999 -9999 -9999 -9999 -9999 -9999 -9999 -9999 -9999 -9999 -9999 -9999 -9999 -9999 -9999 2547 2559 2541 2533 2386 2073 1982 2245 2289 2210 1946 1840 1947 1849 1694 1637 1719 2038 1684 1516 1464 1517 1606 1738 1549 1315 1221 1207 1216 1185 1142 1063 1076 1162 1189 1160 1100 1044 965 863 787 714 671 645 -9999 -9999 -9999 -9999 -9999 -9999
-9999 -9999 -9999 -9999 -9999 -9999 -9999 -9999 -9999 -9999 -9999 -9999 -9999 -9999 -9999 -9999 -9999 -9999 -9999 -9999 -9999 -9999 -9999 -9999 -9999 -9999 -9999 -9999 2600 2499 2548 2369 2405 2412 2356 2274 1987 1953 1752 1846 1946 1791 1622 1700 2004 1763 1472 1472 1441 1448 1724 1791 1539 1300 1196 1098 1088 1147 1294 1363 1273 1106 989 944 948 981 926 747 682 637 593 -9999 -9999 -9999 -9999 -9999 -9999
-9999 -9999 -9999 -9999 -9999 -9999 -9999 -9999 -9999 -9999 -9999 -9999 -9999 -9999 -9999 -9999 -9999 -9999 -9999 -9999 -9999 -9999 -9999 -9999 -9999 -9999 -9999 -9999 2611 2599 2563 2545 2419 2448 2430 2309 2165 1966 2015 1914 1778 1983 1738 1613 1932 1897 1507 1446 1451 1582 1681 1490 1743 1592 1496 1308 1414 1463 1407 1303 1146 1001 894 851 813 832 923 844 662 609 579 -9999 -9999 -9999 -9999 -9999 -9999
-9999 -9999 -9999 -9999 -9999 -9999 -9999 -9999 -9999 -9999 -9999 -9999 -9999 -9999 -9999 -9999 -9999 -9999 -9999 -9999 -9999 -9999 -9999 -9999 -9999 -9999 -9999 -9999 2629 2615 2572 2526 2515 2411 2398 2375 2265 2110 2036 1946 1819 1860 1985 1974 2071 1980 1513 1466 1610 1714 1529 1647 1716 1604 1601 1574 1479 1345 1167 1071 1173 953 925 859 814 789 859 849 673 626 589 -9999 -9999 -9999 -9999 -9999 -9999
-9999 -9999 -9999 -9999 -9999 -9999 -9999 -9999 -9999 -9999 -9999 -9999 -9999 -9999 -9999 -9999 -9999 -9999 -9999 -9999 -9999 -9999 -9999 -9999 -9999 -9999 -9999 -9999 2627 2531 2392 2312 2449 2387 2335 2324 2286 2178 2004 1919 1820 1650 1792 1703 1957 2018 1704 1521 1833 1807 1755 1406 1266 1359 1279 1254 1204 1250 1075 1116 1058 907 877 835 796 781 791 822 711 664 617 -9999 -9999 -9999 -9999 -9999 -9999
