L_edwardsianus/M_variables/Set1/bio13_.asc
NCOLS 77 
NROWS 221 
XLLCORNER -74.2083333333333 
YLLCORNER -46.25 
CELLSIZE 0.0416666666666666 
NODATA_value -9999 
[rows 135 to 179 of 221, columns 0 to 76 of 77]
-9999 -9999 -9999 -9999 -9999 -9999 -9999 -9999 -9999 -9999 -9999 292 296 298 -9999 301 299 -9999 -9999 -9999 -9999 -9999 -9999 -9999 -9999 -9999 312 311 310 313 -9999 -9999 310 310 296 281 290 280 285 283 268 281 291 289 263 269 250 250 219 215 204 212 191 178 193 200 198 196 170 167 172 150 141 140 137 127 123 117 112 112 116 121 119 113 98 -9999 -9999
-9999 -9999 -9999 -9999 -9999 -9999 -9999 -9999 -9999 -9999 -9999 292 293 296 296 -9999 -9999 -9999 -9999 -9999 -9999 -9999 -9999 -9999 -9999 -9999 312 313 312 311 311 -9999 309 312 306 289 278 277 298 274 271 267 267 279 283 280 252 254 244 214 215 221 217 214 201 172 170 176 184 173 151 150 138 129 133 129 124 116 110 108 107 118 110 103 88 -9999 -9999
-9999 -9999 -9999 -9999 -9999 -9999 -9999 -9999 -9999 -9999 -9999 290 292 297 298 299 300 -9999 -9999 -9999 -9999 -9999 -9999 -9999 -9999 -9999 -9999 -9999 -9999 312 313 -9999 313 312 311 292 283 295 292 280 273 257 251 237 246 271 271 265 258 233 211 209 207 198 195 198 169 169 178 166 142 142 131 125 126 125 120 112 107 105 105 112 102 93 -9999 -9999 -9999
-9999 -9999 -9999 -9999 -9999 -9999 -9999 -9999 -9999 -9999 -9999 -9999 293 300 301 298 301 300 -9999 -9999 -9999 -9999 -9999 -9999 -9999 -9999 -9999 -9999 -9999 314 314 -9999 313 312 309 307 303 298 301 278 264 225 205 233 247 244 242 254 247 236 203 195 186 202 194 193 191 159 155 175 161 159 138 121 122 123 111 108 103 106 103 105 102 89 -9999 -9999 -9999
-9999 -9999 -9999 -9999 -9999 -9999 -9999 -9999 -9999 -9999 -9999 -9999 296 302 299 298 300 301 -9999 -9999 -9999 -9999 -9999 -9999 -9999 -9999 -9999 -9999 -9999 -9999 -9999 -9999 -9999 312 299 279 285 291 296 279 251 248 253 261 244 237 243 241 236 224 238 206 190 177 166 166 180 186 168 172 150 155 156 125 116 112 112 110 103 106 100 99 101 86 -9999 -9999 -9999
-9999 -9999 -9999 -9999 -9999 -9999 -9999 -9999 -9999 -9999 -9999 -9999 295 298 299 303 302 304 -9999 -9999 -9999 -9999 -9999 -9999 -9999 -9999 -9999 -9999 -9999 -9999 -9999 -9999 -9999 -9999 308 300 295 287 287 274 271 267 255 259 246 247 230 218 212 206 213 224 177 188 152 163 165 155 161 174 143 143 158 127 115 111 117 109 102 102 105 103 93 83 -9999 -9999 -9999
-9999 -9999 -9999 -9999 -9999 -9999 -9999 -9999 -9999 -9999 -9999 -9999 300 300 302 305 307 308 308 -9999 -9999 -9999 -9999 -9999 -9999 -9999 -9999 -9999 -9999 -9999 -9999 -9999 -9999 310 302 313 303 286 294 284 272 281 246 260 234 230 244 230 215 222 205 220 202 189 167 155 150 145 146 170 143 138 151 139 118 118 116 117 114 103 99 94 86 82 -9999 -9999 -9999
-9999 -9999 -9999 -9999 -9999 -9999 -9999 -9999 -9999 -9999 -9999 -9999 299 301 304 307 306 308 309 313 312 -9999 -9999 -9999 -9999 -9999 -9999 -9999 -9999 -9999 -9999 -9999 -9999 313 313 315 308 297 302 299 268 289 256 257 241 228 218 202 217 236 218 190 214 206 166 174 155 146 149 173 143 134 146 151 138 136 132 129 108 103 106 101 89 83 -9999 -9999 -9999
-9999 -9999 -9999 -9999 -9999 -9999 -9999 -9999 -9999 -9999 -9999 -9999 -9999 303 302 306 309 -9999 -9999 -9999 314 316 -9999 -9999 -9999 -9999 -9999 -9999 -9999 -9999 -9999 -9999 314 313 317 295 286 310 287 290 301 297 250 255 266 268 232 209 228 204 211 238 188 202 212 219 207 196 194 201 173 135 133 137 132 145 143 129 111 103 104 98 89 -9999 -9999 -9999 -9999
-9999 -9999 -9999 -9999 -9999 -9999 -9999 -9999 -9999 -9999 -9999 -9999 -9999 303 312 311 309 311 312 -9999 -9999 -9999 -9999 -9999 -9999 -9999 -9999 -9999 -9999 -9999 -9999 319 305 300 311 299 278 302 293 297 310 304 273 272 260 236 238 240 202 218 220 205 223 170 173 175 182 165 161 189 192 130 127 125 147 159 150 137 130 116 103 95 91 -9999 -9999 -9999 -9999
-9999 -9999 -9999 -9999 -9999 -9999 -9999 -9999 -9999 -9999 -9999 -9999 -9999 305 312 316 317 316 -9999 -9999 -9999 -9999 -9999 -9999 -9999 -9999 -9999 -9999 -9999 -9999 -9999 319 306 294 289 297 302 302 303 300 282 305 293 255 261 255 245 266 224 212 208 219 230 196 164 164 174 148 150 152 178 164 141 153 171 166 157 149 127 118 108 98 95 -9999 -9999 -9999 -9999
-9999 -9999 -9999 -9999 -9999 -9999 -9999 -9999 -9999 -9999 -9999 -9999 -9999 312 315 317 321 321 -9999 -9999 -9999 -9999 -9999 -9999 -9999 -9999 -9999 -9999 -9999 -9999 -9999 322 309 287 291 281 289 306 300 294 275 298 290 254 252 248 234 246 248 201 210 208 235 196 195 181 154 153 165 165 179 191 192 185 178 166 149 130 109 108 110 106 102 -9999 -9999 -9999 -9999
-9999 -9999 -9999 -9999 -9999 -9999 -9999 -9999 -9999 -9999 -9999 -9999 -9999 317 318 321 321 -9999 -9999 -9999 -9999 -9999 -9999 -9999 -9999 -9999 -9999 -9999 -9999 -9999 -9999 321 310 276 281 292 284 294 295 298 291 295 305 269 247 238 253 225 190 191 193 200 209 209 179 241 231 210 198 170 171 197 193 185 172 151 134 120 109 107 106 104 94 -9999 -9999 -9999 -9999
-9999 -9999 -9999 -9999 -9999 -9999 -9999 -9999 -9999 -9999 -9999 -9999 -9999 -9999 323 324 -9999 -9999 -9999 -9999 -9999 -9999 -9999 -9999 -9999 -9999 -9999 -9999 -9999 -9999 -9999 324 314 295 284 282 303 310 286 288 291 256 290 298 288 271 224 195 202 208 179 168 177 208 240 229 217 174 157 144 141 146 155 149 150 135 129 119 110 106 108 101 93 -9999 -9999 -9999 -9999
-9999 -9999 -9999 -9999 -9999 -9999 -9999 -9999 -9999 -9999 -9999 -9999 -9999 -9999 327 325 -9999 -9999 -9999 -9999 -9999 -9999 -9999 -9999 -9999 -9999 -9999 -9999 -9999 326 323 324 323 316 300 275 301 279 270 228 240 256 278 292 283 290 249 204 207 191 222 206 188 201 216 233 188 156 162 144 142 140 149 144 137 131 127 117 115 108 107 99 -9999 -9999 -9999 -9999 -9999
-9999 -9999 -9999 -9999 -9999 -9999 -9999 -9999 -9999 -9999 -9999 -9999 -9999 -9999 -9999 -9999 -9999 -9999 -9999 -9999 -9999 -9999 -9999 -9999 -9999 -9999 -9999 332 330 326 316 321 319 322 316 301 289 282 281 267 203 225 257 265 237 275 285 243 223 183 177 203 248 251 211 165 170 157 156 145 144 136 146 135 133 132 124 116 109 111 108 98 -9999 -9999 -9999 -9999 -9999
-9999 -9999 -9999 -9999 -9999 -9999 -9999 -9999 -9999 -9999 -9999 -9999 -9999 -9999 -9999 -9999 -9999 -9999 -9999 -9999 -9999 -9999 -9999 -9999 -9999 -9999 -9999 335 332 328 315 307 313 308 318 306 287 295 292 251 247 237 230 255 251 238 257 290 271 200 203 239 229 208 170 171 163 156 153 149 136 137 141 139 140 124 116 111 114 110 98 99 -9999 -9999 -9999 -9999 -9999
-9999 -9999 -9999 -9999 -9999 -9999 -9999 -9999 -9999 -9999 -9999 -9999 -9999 -9999 -9999 -9999 -9999 -9999 -9999 -9999 -9999 -9999 -9999 -9999 -9999 -9999 -9999 335 332 330 325 320 318 292 295 308 309 305 286 286 263 245 238 257 271 254 255 289 287 198 231 210 174 177 166 159 168 148 152 144 145 154 159 152 130 120 114 103 101 99 105 103 -9999 -9999 -9999 -9999 -9999
-9999 -9999 -9999 -9999 -9999 -9999 -9999 -9999 -9999 -9999 -9999 -9999 -9999 -9999 -9999 -9999 -9999 -9999 -9999 -9999 -9999 -9999 -9999 -9999 -9999 -9999 336 336 334 321 319 313 304 290 272 286 283 300 288 264 227 242 261 280 277 212 212 230 266 255 262 187 175 174 161 160 157 158 149 154 167 163 148 145 122 117 112 106 102 101 99 97 -9999 -9999 -9999 -9999 -9999
-9999 -9999 -9999 -9999 -9999 -9999 -9999 -9999 -9999 -9999 -9999 -9999 -9999 -9999 -9999 -9999 -9999 -9999 -9999 -9999 -9999 -9999 -9999 -9999 -9999 -9999 337 330 308 331 315 306 293 254 257 245 267 267 284 282 238 236 244 234 276 221 199 191 205 255 254 204 189 188 170 164 157 164 163 160 145 155 151 146 131 123 117 110 106 102 99 -9999 -9999 -9999 -9999 -9999 -9999
-9999 -9999 -9999 -9999 -9999 -9999 -9999 -9999 -9999 -9999 -9999 -9999 -9999 -9999 -9999 -9999 -9999 -9999 -9999 -9999 -9999 -9999 -9999 -9999 -9999 -9999 -9999 324 326 325 324 305 275 260 293 294 283 261 248 264 251 230 219 227 274 221 201 196 205 213 237 208 181 170 168 166 162 156 149 151 165 173 170 162 155 143 127 115 107 103 101 -9999 -9999 -9999 -9999 -9999 -9999
-9999 -9999 -9999 -9999 -9999 -9999 -9999 -9999 -9999 -9999 -9999 -9999 -9999 -9999 -9999 -9999 -9999 -9999 -9999 -9999 -9999 -9999 -9999 -9999 -9999 -9999 -9999 -9999 331 316 326 298 308 310 304 292 267 263 233 248 265 245 219 224 268 233 196 195 194 192 236 252 212 175 167 155 153 160 183 198 185 158 141 137 139 145 136 112 106 100 93 -9999 -9999 -9999 -9999 -9999 -9999
-9999 -9999 -9999 -9999 -9999 -9999 -9999 -9999 -9999 -9999 -9999 -9999 -9999 -9999 -9999 -9999 -9999 -9999 -9999 -9999 -9999 -9999 -9999 -9999 -9999 -9999 -9999 -9999 336 332 330 330 310 318 318 298 279 262 266 257 242 266 234 214 255 254 199 193 195 211 228 200 246 224 211 179 199 211 204 189 163 141 131 128 123 127 136 127 102 95 91 -9999 -9999 -9999 -9999 -9999 -9999
-9999 -9999 -9999 -9999 -9999 -9999 -9999 -9999 -9999 -9999 -9999 -9999 -9999 -9999 -9999 -9999 -9999 -9999 -9999 -9999 -9999 -9999 -9999 -9999 -9999 -9999 -9999 -9999 336 334 332 326 325 311 312 310 293 273 266 259 247 253 263 259 279 267 200 198 214 233 202 224 240 224 227 225 210 189 163 151 168 137 136 128 123 120 127 125 104 99 94 -9999 -9999 -9999 -9999 -9999 -9999
-9999 -9999 -9999 -9999 -9999 -9999 -9999 -9999 -9999 -9999 -9999 -9999 -9999 -9999 -9999 -9999 -9999 -9999 -9999 -9999 -9999 -9999 -9999 -9999 -9999 -9999 -9999 -9999 336 321 301 290 314 307 301 303 296 279 263 252 242 223 242 227 259 275 226 204 251 250 242 191 174 183 175 173 167 170 149 155 147 133 130 125 120 119 119 122 109 102 97 -9999 -9999 -9999 -9999 -9999 -9999
-9999 -9999 -9999 -9999 -9999 -9999 -9999 -9999 -9999 -9999 -9999 -9999 -9999 -9999 -9999 -9999 -9999 355 -9999 -9999 -9999 -9999 -9999 -9999 -9999 -9999 -9999 340 320 311 303 302 298 294 279 300 276 271 273 274 255 222 240 225 265 252 265 250 257 231 195 202 185 175 162 161 158 183 157 147 145 132 128 122 119 113 114 116 113 104 -9999 -9999 -9999 -9999 -9999 -9999 -9999
-9999 -9999 -9999 -9999 -9999 -9999 -9999 -9999 -9999 -9999 -9999 -9999 -9999 -9999 -9999 -9999 -9999 -9999 -9999 -9999 -9999 -9999 -9999 -9999 -9999 -9999 -9999 342 338 336 334 320 309 301 265 290 265 266 248 244 251 231 236 246 275 224 219 205 231 207 177 176 190 168 169 162 179 179 148 138 145 133 126 121 118 113 108 114 112 106 -9999 -9999 -9999 -9999 -9999 -9999 -9999
-9999 -9999 -9999 -9999 -9999 -9999 -9999 -9999 -9999 -9999 -9999 -9999 -9999 -9999 -9999 -9999 -9999 -9999 -9999 -9999 -9999 -9999 -9999 -9999 -9999 -9999 -9999 -9999 339 333 336 298 286 324 291 305 265 264 241 252 236 224 229 243 274 209 198 209 211 214 197 178 173 164 161 168 173 150 147 141 136 130 130 123 116 106 104 112 110 107 -9999 -9999 -9999 -9999 -9999 -9999 -9999
-9999 -9999 -9999 -9999 -9999 -9999 -9999 -9999 -9999 -9999 -9999 -9999 -9999 -9999 -9999 -9999 -9999 -9999 -9999 -9999 -9999 -9999 -9999 -9999 -9999 -9999 -9999 343 342 332 336 309 296 309 296 303 298 280 278 266 245 227 230 250 264 244 196 202 188 187 200 193 176 159 159 164 154 147 144 140 133 131 129 122 112 109 111 109 108 104 -9999 -9999 -9999 -9999 -9999 -9999 -9999
-9999 -9999 -9999 -9999 -9999 -9999 -9999 -9999 -9999 -9999 -9999 -9999 -9999 -9999 -9999 -9999 -9999 -9999 -9999 -9999 -9999 -9999 350 349 330 323 344 334 316 335 320 323 324 329 313 265 267 258 256 245 245 237 252 273 249 250 259 220 176 188 185 187 179 160 162 153 149 138 135 136 129 131 125 117 110 109 106 107 104 101 -9999 -9999 -9999 -9999 -9999 -9999 -9999
-9999 -9999 -9999 -9999 -9999 -9999 -9999 -9999 -9999 -9999 -9999 -9999 -9999 -9999 -9999 -9999 -9999 -9999 -9999 -9999 -9999 -9999 348 332 316 323 344 332 332 334 329 300 284 304 325 303 260 260 254 242 242 274 294 287 252 243 258 265 220 183 171 174 165 156 152 146 148 139 133 128 126 120 114 108 101 100 107 107 107 105 -9999 -9999 -9999 -9999 -9999 -9999 -9999
-9999 -9999 -9999 -9999 -9999 -9999 -9999 -9999 -9999 -9999 -9999 -9999 -9999 -9999 -9999 -9999 -9999 -9999 361 -9999 -9999 -9999 344 337 323 315 336 325 325 304 329 310 295 292 315 313 304 265 269 287 293 291 297 272 267 264 255 256 238 205 195 188 164 163 160 155 154 142 139 134 127 130 121 113 111 115 113 108 107 -9999 -9999 -9999 -9999 -9999 -9999 -9999 -9999
-9999 -9999 -9999 -9999 -9999 -9999 -9999 -9999 -9999 -9999 -9999 -9999 -9999 -9999 -9999 -9999 -9999 -9999 -9999 -9999 -9999 -9999 347 341 331 333 323 313 299 304 294 285 286 296 295 270 291 306 305 304 294 291 296 228 221 275 237 224 194 188 191 193 203 189 170 158 150 141 138 133 122 121 119 113 119 117 112 108 106 -9999 -9999 -9999 -9999 -9999 -9999 -9999 -9999
-9999 -9999 -9999 -9999 -9999 -9999 -9999 -9999 -9999 -9999 -9999 -9999 -9999 -9999 -9999 -9999 -9999 -9999 -9999 -9999 -9999 -9999 342 346 318 328 328 292 313 283 264 209 213 262 274 274 255 257 274 270 242 256 277 222 228 277 246 252 237 192 178 170 168 159 162 171 153 135 126 122 119 118 119 118 115 110 107 105 104 -9999 -9999 -9999 -9999 -9999 -9999 -9999 -9999
-9999 -9999 -9999 -9999 -9999 -9999 -9999 -9999 -9999 -9999 -9999 -9999 -9999 -9999 -9999 -9999 -9999 -9999 348 -9999 -9999 -9999 341 345 321 304 340 338 320 295 285 238 231 265 263 262 265 253 256 244 237 256 243 222 264 248 203 243 257 226 180 175 170 157 157 168 148 140 128 116 113 117 119 117 113 109 105 100 94 -9999 -9999 -9999 -9999 -9999 -9999 -9999 -9999
-9999 -9999 -9999 -9999 -9999 -9999 -9999 -9999 -9999 -9999 -9999 -9999 -9999 -9999 -9999 -9999 -9999 -9999 346 -9999 -9999 -9999 340 334 334 324 334 331 301 298 304 307 296 281 273 254 249 257 251 239 239 282 234 228 267 204 209 224 250 235 189 165 169 164 159 171 131 131 130 123 120 124 122 116 115 106 103 99 95 -9999 -9999 -9999 -9999 -9999 -9999 -9999 -9999
-9999 -9999 -9999 -9999 -9999 -9999 -9999 -9999 -9999 -9999 -9999 -9999 -9999 -9999 -9999 -9999 -9999 -9999 -9999 -9999 -9999 -9999 340 336 317 320 332 317 315 281 270 284 258 264 267 268 254 252 246 230 238 278 221 221 264 224 222 203 225 184 212 198 191 166 175 179 173 159 149 144 141 133 127 117 112 108 104 100 96 -9999 -9999 -9999 -9999 -9999 -9999 -9999 -9999
-9999 -9999 -9999 -9999 -9999 -9999 -9999 -9999 -9999 -9999 -9999 -9999 -9999 -9999 -9999 -9999 -9999 -9999 -9999 -9999 -9999 -9999 -9999 339 330 303 323 312 299 299 285 262 268 255 248 252 250 259 248 235 250 241 233 214 234 243 191 202 208 193 176 174 171 176 171 193 185 167 155 146 144 136 128 119 114 111 106 99 -9999 -9999 -9999 -9999 -9999 -9999 -9999 -9999 -9999
-9999 -9999 -9999 -9999 -9999 -9999 -9999 -9999 -9999 -9999 -9999 -9999 -9999 -9999 -9999 -9999 -9999 -9999 -9999 -9999 -9999 -9999 -9999 336 336 326 315 328 308 309 272 275 299 289 279 281 285 246 240 231 268 226 219 189 216 235 186 186 191 184 179 179 179 189 194 193 176 149 138 131 127 134 125 118 111 106 103 99 -9999 -9999 -9999 -9999 -9999 -9999 -9999 -9999 -9999
-9999 -9999 -9999 -9999 -9999 -9999 -9999 -9999 -9999 -9999 -9999 -9999 -9999 -9999 -9999 -9999 -9999 -9999 -9999 -9999 -9999 -9999 338 330 336 330 327 327 310 329 316 311 297 296 275 247 249 239 244 279 241 230 203 217 232 200 187 194 194 188 187 193 197 172 184 171 153 134 132 130 127 125 122 118 111 107 105 102 -9999 -9999 -9999 -9999 -9999 -9999 -9999 -9999 -9999
-9999 -9999 -9999 -9999 -9999 -9999 -9999 -9999 -9999 -9999 -9999 -9999 -9999 -9999 -9999 -9999 -9999 -9999 -9999 -9999 -9999 340 307 307 317 333 322 329 322 325 325 309 269 252 254 247 263 253 285 286 253 226 213 219 201 205 193 197 182 182 186 187 166 163 153 161 146 136 135 127 126 119 118 118 110 108 107 103 -9999 -9999 -9999 -9999 -9999 -9999 -9999 -9999 -9999
-9999 -9999 -9999 -9999 -9999 -9999 -9999 -9999 -9999 -9999 -9999 -9999 -9999 -9999 -9999 -9999 -9999 -9999 -9999 -9999 -9999 332 322 321 325 320 331 314 307 310 323 322 317 312 290 272 269 286 299 275 217 191 175 178 190 185 203 195 198 189 201 163 165 161 149 145 148 136 128 124 123 115 115 116 112 110 105 100 -9999 -9999 -9999 -9999 -9999 -9999 -9999 -9999 -9999
-9999 -9999 -9999 -9999 -9999 -9999 -9999 -9999 -9999 -9999 -9999 -9999 -9999 -9999 -9999 -9999 -9999 -9999 -9999 -9999 -9999 333 330 310 293 310 325 322 308 271 298 318 305 315 309 287 281 301 298 246 222 196 193 198 179 174 182 188 207 208 180 168 168 155 156 143 140 133 127 120 121 115 117 114 111 107 103 99 -9999 -9999 -9999 -9999 -9999 -9999 -9999 -9999 -9999
-9999 -9999 -9999 -9999 -9999 -9999 -9999 -9999 -9999 -9999 -9999 -9999 -9999 -9999 -9999 -9999 -9999 -9999 -9999 -9999 -9999 -9999 328 312 296 299 294 294 318 290 305 281 265 260 294 303 276 300 300 281 246 231 213 185 181 196 197 191 196 175 165 163 154 148 147 143 138 130 126 126 120 120 116 111 106 102 100 -9999 -9999 -9999 -9999 -9999 -9999 -9999 -9999 -9999 -9999
-9999 -9999 -9999 -9999 -9999 -9999 -9999 -9999 -9999 -9999 -9999 -9999 -9999 -9999 -9999 -9999 -9999 -9999 -9999 -9999 325 324 -9999 308 292 300 276 282 281 307 315 286 267 263 256 273 304 303 280 272 257 212 193 192 199 175 169 177 192 186 175 168 161 155 154 144 137 137 133 129 124 116 112 110 104 97 97 -9999 -9999 -9999 -9999 -9999 -9999 -9999 -9999 -9999 -9999
