L_edwardsianus/M_variables/Set1/bio13_.asc
NCOLS 77 
NROWS 221 
XLLCORNER -74.2083333333333 
YLLCORNER -46.25 
CELLSIZE 0.0416666666666666 
NODATA_value -9999 
[rows 45 to 89 of 221, columns 0 to 76 of 77]
-9999 -9999 -9999 -9999 -9999 -9999 -9999 -9999 -9999 -9999 -9999 -9999 -9999 -9999 -9999 -9999 -9999 -9999 -9999 -9999 223 221 218 219 224 228 217 215 223 219 220 224 228 230 232 236 240 244 249 259 282 290 307 325 333 342 347 349 349 350 350 352 350 347 347 335 324 325 308 -9999 -9999 -9999 -9999 -9999 -9999 -9999 -9999 -9999 -9999 -9999 -9999 -9999 -9999 -9999 -9999 -9999 -9999
-9999 -9999 -9999 -9999 -9999 -9999 -9999 -9999 -9999 -9999 -9999 -9999 -9999 -9999 -9999 -9999 -9999 -9999 -9999 -9999 -9999 231 233 230 229 227 226 226 235 232 232 232 235 238 242 246 249 256 262 272 288 305 318 331 342 349 353 354 359 362 362 360 358 350 324 309 309 302 290 288 -9999 -9999 -9999 -9999 -9999 -9999 -9999 -9999 -9999 -9999 -9999 -9999 -9999 -9999 -9999 -9999 -9999
-9999 -9999 -9999 -9999 -9999 -9999 -9999 -9999 -9999 -9999 -9999 -9999 -9999 -9999 -9999 -9999 -9999 -9999 -9999 -9999 -9999 240 241 241 242 242 240 238 247 248 247 244 246 249 252 255 260 265 272 293 298 317 335 344 353 358 362 368 373 369 370 370 364 348 328 316 316 314 291 274 -9999 -9999 -9999 -9999 -9999 -9999 -9999 -9999 -9999 -9999 -9999 -9999 -9999 -9999 -9999 -9999 -9999
-9999 -9999 -9999 -9999 -9999 -9999 -9999 -9999 -9999 -9999 -9999 -9999 -9999 -9999 -9999 -9999 -9999 -9999 -9999 -9999 -9999 246 252 253 252 255 254 253 261 263 262 259 259 259 266 281 269 281 297 302 309 324 344 355 362 369 376 380 380 383 385 384 380 371 340 309 333 337 328 316 -9999 -9999 -9999 -9999 -9999 -9999 -9999 -9999 -9999 -9999 -9999 -9999 -9999 -9999 -9999 -9999 -9999
-9999 -9999 -9999 -9999 -9999 -9999 -9999 -9999 -9999 -9999 -9999 -9999 -9999 -9999 -9999 -9999 -9999 -9999 -9999 -9999 -9999 -9999 265 267 267 264 263 263 272 277 279 272 273 270 274 292 285 287 294 304 320 334 345 356 367 375 381 389 388 384 366 374 359 360 373 363 327 311 339 303 268 -9999 -9999 -9999 -9999 -9999 -9999 -9999 -9999 -9999 -9999 -9999 -9999 -9999 -9999 -9999 -9999
-9999 -9999 -9999 -9999 -9999 -9999 -9999 -9999 -9999 -9999 -9999 -9999 -9999 -9999 -9999 -9999 -9999 -9999 -9999 -9999 -9999 -9999 277 279 279 274 274 274 282 284 295 290 286 280 284 293 304 298 305 314 331 343 351 365 370 375 378 384 387 401 391 364 342 330 327 337 311 316 337 279 258 -9999 -9999 -9999 -9999 -9999 -9999 -9999 -9999 -9999 -9999 -9999 -9999 -9999 -9999 -9999 -9999
-9999 -9999 -9999 -9999 -9999 -9999 -9999 -9999 -9999 -9999 -9999 -9999 -9999 -9999 -9999 -9999 -9999 -9999 -9999 -9999 -9999 -9999 288 291 290 287 287 288 291 293 289 297 293 295 296 307 313 312 324 326 341 352 363 370 378 379 387 396 402 406 406 389 344 321 328 321 322 341 332 297 289 255 -9999 -9999 -9999 -9999 -9999 -9999 -9999 -9999 -9999 -9999 -9999 -9999 -9999 -9999 -9999
-9999 -9999 -9999 -9999 -9999 -9999 -9999 -9999 -9999 -9999 -9999 -9999 -9999 -9999 -9999 -9999 -9999 -9999 -9999 -9999 -9999 -9999 -9999 300 301 296 297 302 308 310 301 300 306 309 315 323 316 329 340 337 351 360 369 376 381 384 392 402 398 398 400 398 388 380 344 317 351 350 327 318 300 283 -9999 -9999 -9999 -9999 -9999 -9999 -9999 -9999 -9999 -9999 -9999 -9999 -9999 -9999 -9999
-9999 -9999 -9999 -9999 -9999 -9999 -9999 -9999 -9999 -9999 -9999 -9999 -9999 -9999 -9999 -9999 -9999 -9999 -9999 -9999 -9999 -9999 -9999 304 305 305 303 308 316 312 313 320 322 315 324 330 335 337 344 348 355 366 371 378 383 391 397 401 399 401 400 397 392 389 384 371 369 357 335 276 267 248 -9999 -9999 -9999 -9999 -9999 -9999 -9999 -9999 -9999 -9999 -9999 -9999 -9999 -9999 -9999
-9999 -9999 -9999 -9999 -9999 -9999 -9999 -9999 -9999 -9999 -9999 -9999 -9999 -9999 -9999 -9999 -9999 -9999 -9999 -9999 -9999 -9999 -9999 308 309 312 315 317 329 330 328 329 332 330 336 344 345 348 352 358 364 368 372 381 389 384 396 405 409 411 409 405 398 386 377 366 366 348 343 325 295 265 280 -9999 -9999 -9999 -9999 -9999 -9999 -9999 -9999 -9999 -9999 -9999 -9999 -9999 -9999
-9999 -9999 -9999 -9999 -9999 -9999 -9999 -9999 -9999 -9999 -9999 -9999 -9999 -9999 -9999 -9999 -9999 -9999 -9999 -9999 -9999 -9999 -9999 312 315 318 325 334 337 337 337 334 336 340 342 347 349 352 356 363 366 369 373 380 391 394 399 403 404 408 405 395 374 352 327 335 346 337 340 337 327 313 295 -9999 -9999 -9999 -9999 -9999 -9999 -9999 -9999 -9999 -9999 -9999 -9999 -9999 -9999
-9999 -9999 -9999 -9999 -9999 -9999 -9999 -9999 -9999 -9999 -9999 -9999 -9999 -9999 -9999 -9999 -9999 -9999 -9999 -9999 -9999 -9999 -9999 320 322 327 330 333 337 339 341 344 341 342 346 353 353 357 366 374 379 378 382 388 392 400 405 403 381 370 379 376 348 338 311 329 313 305 305 287 317 299 276 -9999 -9999 -9999 -9999 -9999 -9999 -9999 -9999 -9999 -9999 -9999 -9999 -9999 -9999
-9999 -9999 -9999 -9999 -9999 -9999 -9999 -9999 -9999 -9999 -9999 -9999 -9999 -9999 -9999 -9999 -9999 -9999 -9999 -9999 -9999 -9999 -9999 322 328 333 336 337 338 341 343 350 349 349 350 356 359 363 365 373 371 385 386 391 385 389 402 410 406 392 387 365 338 324 275 289 302 308 302 281 285 297 270 280 -9999 -9999 -9999 -9999 -9999 -9999 -9999 -9999 -9999 -9999 -9999 -9999 -9999
-9999 -9999 -9999 -9999 -9999 -9999 -9999 -9999 -9999 -9999 -9999 -9999 -9999 -9999 -9999 -9999 -9999 -9999 -9999 -9999 -9999 -9999 319 328 335 346 345 346 341 339 342 344 350 351 357 359 360 361 365 369 375 385 383 389 396 391 404 405 403 409 400 386 336 327 323 310 297 294 297 274 272 281 262 277 -9999 -9999 -9999 -9999 -9999 -9999 -9999 -9999 -9999 -9999 -9999 -9999 -9999
-9999 -9999 -9999 -9999 -9999 -9999 -9999 -9999 -9999 -9999 -9999 -9999 -9999 -9999 -9999 -9999 -9999 -9999 -9999 -9999 -9999 -9999 316 328 341 346 349 348 343 344 343 345 350 353 363 368 369 371 375 377 379 382 387 391 397 398 400 401 403 403 394 390 364 335 326 313 295 280 281 264 265 276 260 266 234 -9999 -9999 -9999 -9999 -9999 -9999 -9999 -9999 -9999 -9999 -9999 -9999
-9999 -9999 -9999 -9999 -9999 -9999 -9999 -9999 -9999 -9999 -9999 -9999 -9999 -9999 -9999 -9999 -9999 -9999 -9999 -9999 -9999 -9999 332 337 351 350 344 343 344 347 347 351 359 364 366 366 362 371 374 383 388 391 390 391 394 399 401 403 405 404 397 386 381 367 350 313 291 274 270 282 268 269 259 251 233 -9999 -9999 -9999 -9999 -9999 -9999 -9999 -9999 -9999 -9999 -9999 -9999
-9999 -9999 -9999 -9999 -9999 -9999 -9999 -9999 -9999 -9999 -9999 -9999 -9999 -9999 -9999 -9999 -9999 -9999 -9999 -9999 -9999 340 343 353 353 348 345 343 345 349 351 352 360 368 372 372 372 378 372 374 385 394 396 395 396 396 396 401 403 388 362 340 342 367 367 326 310 302 271 270 263 262 254 247 215 -9999 -9999 -9999 -9999 -9999 -9999 -9999 -9999 -9999 -9999 -9999 -9999
-9999 -9999 -9999 -9999 -9999 -9999 -9999 -9999 -9999 -9999 -9999 -9999 -9999 -9999 -9999 -9999 -9999 -9999 -9999 -9999 342 343 352 357 355 352 348 344 346 350 349 355 361 366 375 379 381 386 390 392 394 397 398 397 396 391 392 396 393 377 369 344 324 319 352 328 336 303 288 263 269 262 253 251 177 175 -9999 -9999 -9999 -9999 -9999 -9999 -9999 -9999 -9999 -9999 -9999
-9999 -9999 -9999 -9999 -9999 -9999 -9999 -9999 -9999 -9999 -9999 -9999 -9999 -9999 -9999 -9999 -9999 -9999 -9999 338 344 345 364 362 361 357 353 349 348 353 353 360 366 374 379 382 387 392 394 393 394 396 398 397 394 390 390 392 354 338 348 330 327 345 340 355 338 280 299 275 268 261 259 249 217 203 -9999 -9999 -9999 -9999 -9999 -9999 -9999 -9999 -9999 -9999 -9999
-9999 -9999 -9999 -9999 -9999 -9999 -9999 -9999 -9999 -9999 -9999 -9999 -9999 -9999 -9999 -9999 -9999 -9999 -9999 337 354 364 366 367 368 362 359 360 359 361 362 369 376 382 381 385 389 392 396 398 399 399 399 399 394 394 396 391 375 335 342 351 324 349 354 327 346 300 301 274 273 255 256 242 239 225 -9999 -9999 -9999 -9999 -9999 -9999 -9999 -9999 -9999 -9999 -9999
-9999 -9999 -9999 -9999 -9999 -9999 -9999 -9999 -9999 -9999 -9999 -9999 -9999 -9999 -9999 -9999 -9999 -9999 -9999 343 352 365 369 364 369 372 368 367 363 363 368 374 380 389 394 397 399 399 397 395 401 394 393 375 363 354 351 351 379 379 372 341 349 361 321 301 326 321 299 275 267 264 240 236 246 235 229 -9999 -9999 -9999 -9999 -9999 -9999 -9999 -9999 -9999 -9999
-9999 -9999 -9999 -9999 -9999 -9999 -9999 -9999 -9999 -9999 -9999 -9999 -9999 -9999 -9999 -9999 -9999 -9999 -9999 346 361 363 365 365 370 364 363 369 364 374 378 385 387 398 403 406 405 402 393 395 397 380 388 386 388 381 357 331 356 377 373 361 358 363 336 312 299 299 303 278 273 265 254 251 235 220 217 -9999 -9999 -9999 -9999 -9999 -9999 -9999 -9999 -9999 -9999
-9999 -9999 -9999 -9999 -9999 -9999 -9999 -9999 -9999 -9999 -9999 -9999 -9999 -9999 -9999 -9999 -9999 333 339 344 355 362 360 364 365 362 355 357 360 366 373 376 391 407 408 406 405 399 397 397 399 396 391 378 370 389 386 354 337 363 374 364 354 356 344 312 297 289 297 272 273 249 250 245 233 230 215 201 -9999 -9999 -9999 -9999 -9999 -9999 -9999 -9999 -9999
-9999 -9999 -9999 -9999 -9999 -9999 -9999 -9999 -9999 -9999 -9999 -9999 -9999 -9999 -9999 -9999 330 334 342 345 350 355 360 364 362 358 357 348 341 353 363 350 365 407 409 406 404 402 396 395 389 383 374 353 346 343 373 384 379 377 368 324 312 324 327 326 315 306 293 263 262 246 234 230 223 216 212 215 -9999 -9999 -9999 -9999 -9999 -9999 -9999 -9999 -9999
-9999 -9999 -9999 -9999 -9999 -9999 -9999 -9999 -9999 -9999 -9999 -9999 -9999 -9999 320 322 327 328 335 338 343 344 350 352 351 354 351 342 339 344 341 345 374 405 397 396 402 398 394 390 378 366 359 343 339 338 337 338 358 359 335 323 280 316 309 324 306 298 307 272 275 244 235 233 236 212 205 202 -9999 -9999 -9999 -9999 -9999 -9999 -9999 -9999 -9999
-9999 -9999 -9999 -9999 -9999 -9999 -9999 -9999 -9999 -9999 -9999 -9999 313 317 321 322 320 321 321 332 332 337 335 326 331 344 342 333 330 335 328 346 385 403 383 391 392 387 387 386 376 367 360 361 340 337 329 336 330 331 332 326 317 310 311 301 292 286 285 294 272 246 241 232 233 232 203 199 198 -9999 -9999 -9999 -9999 -9999 -9999 -9999 -9999
-9999 -9999 -9999 -9999 -9999 -9999 -9999 -9999 -9999 -9999 -9999 -9999 311 312 316 318 317 321 320 317 320 322 325 320 327 330 326 321 325 329 339 356 375 384 379 378 379 379 376 374 368 360 355 345 340 332 323 323 335 346 317 322 310 315 320 293 299 279 285 309 269 257 250 240 232 235 222 203 201 -9999 -9999 -9999 -9999 -9999 -9999 -9999 -9999
-9999 -9999 -9999 -9999 -9999 -9999 -9999 -9999 -9999 -9999 -9999 -9999 -9999 308 312 312 312 310 308 316 313 308 312 311 313 317 314 308 313 318 329 340 349 350 358 364 365 365 360 357 357 349 350 349 331 325 314 325 344 330 304 319 299 339 285 303 294 274 277 293 262 250 241 234 231 219 214 209 199 -9999 -9999 -9999 -9999 -9999 -9999 -9999 -9999
-9999 -9999 -9999 -9999 -9999 -9999 -9999 -9999 -9999 -9999 -9999 -9999 -9999 306 307 302 298 299 303 306 306 304 306 302 297 297 297 295 300 302 307 316 325 334 346 353 354 351 350 348 344 343 345 348 352 340 313 331 355 342 326 308 298 339 283 314 276 271 266 274 286 262 235 230 227 213 214 209 195 193 -9999 -9999 -9999 -9999 -9999 -9999 -9999
-9999 -9999 -9999 -9999 -9999 -9999 -9999 -9999 -9999 -9999 -9999 -9999 297 301 306 304 296 296 296 295 294 293 290 289 284 278 280 282 296 295 292 293 306 317 327 334 335 337 337 337 333 329 334 338 345 352 349 350 327 306 314 316 328 335 301 324 288 276 267 268 269 284 258 244 232 232 230 221 211 205 -9999 -9999 -9999 -9999 -9999 -9999 -9999
-9999 -9999 -9999 -9999 -9999 -9999 -9999 -9999 -9999 -9999 -9999 298 299 300 302 303 297 294 290 291 289 281 278 278 278 272 260 252 260 251 261 273 286 297 307 315 316 317 321 323 315 319 327 332 335 338 341 338 335 332 349 352 352 345 340 286 272 269 261 278 255 270 259 261 255 241 236 227 213 209 199 -9999 -9999 -9999 -9999 -9999 -9999
-9999 -9999 -9999 -9999 -9999 -9999 -9999 -9999 -9999 -9999 -9999 295 296 297 297 298 298 291 285 286 281 268 269 271 263 258 247 235 232 230 241 253 265 278 291 300 302 307 310 312 309 315 324 332 332 334 340 351 354 356 351 346 352 349 334 299 291 261 274 269 252 260 233 238 235 232 215 209 208 200 197 -9999 -9999 -9999 -9999 -9999 -9999
-9999 -9999 -9999 -9999 -9999 -9999 -9999 -9999 -9999 -9999 -9999 293 297 296 298 295 291 287 281 280 274 261 255 254 249 239 232 223 217 215 225 236 249 262 276 286 294 299 302 301 301 307 316 324 329 338 346 351 356 358 361 355 349 332 296 306 297 278 268 255 249 248 252 231 231 219 213 214 196 205 191 -9999 -9999 -9999 -9999 -9999 -9999
-9999 -9999 -9999 -9999 -9999 -9999 -9999 -9999 -9999 -9999 -9999 293 293 294 294 293 292 284 276 271 264 256 249 246 239 231 222 216 211 205 212 221 235 251 265 277 285 292 298 302 299 307 320 327 335 336 339 347 353 359 363 354 358 354 352 338 320 301 267 259 257 248 237 235 226 219 222 221 204 204 195 191 -9999 -9999 -9999 -9999 -9999
-9999 -9999 -9999 -9999 -9999 -9999 -9999 -9999 -9999 -9999 285 288 290 287 289 289 282 276 268 267 260 254 247 239 235 225 216 212 206 200 205 215 227 241 256 266 277 285 294 302 312 328 341 344 346 336 348 345 361 364 369 365 363 356 340 313 316 310 308 285 260 255 248 241 232 235 233 218 214 196 192 187 -9999 -9999 -9999 -9999 -9999
-9999 -9999 -9999 -9999 -9999 -9999 -9999 -9999 -9999 -9999 282 284 287 286 284 283 281 276 266 262 253 246 238 233 228 219 214 208 205 199 200 211 224 236 250 262 272 284 293 304 317 328 338 338 329 335 336 355 356 344 364 353 356 348 314 315 301 285 280 284 252 251 236 233 232 239 223 218 208 204 189 179 -9999 -9999 -9999 -9999 -9999
-9999 -9999 -9999 -9999 -9999 -9999 -9999 -9999 -9999 -9999 278 282 283 278 273 278 277 269 266 258 250 243 237 232 227 220 214 208 203 200 201 209 220 233 245 256 267 281 289 300 312 327 333 336 334 328 351 325 331 347 359 342 349 354 318 305 308 285 263 257 258 249 246 244 242 220 219 215 209 199 189 175 181 -9999 -9999 -9999 -9999
-9999 -9999 -9999 -9999 -9999 -9999 -9999 -9999 -9999 -9999 278 279 278 275 272 275 270 263 260 257 249 242 237 231 229 219 212 208 204 203 203 211 220 232 243 254 268 279 289 300 310 324 329 329 329 329 338 326 319 322 348 315 325 331 319 316 292 302 272 250 259 252 251 226 224 230 219 224 212 199 186 176 174 -9999 -9999 -9999 -9999
-9999 -9999 -9999 -9999 -9999 -9999 -9999 -9999 -9999 -9999 -9999 275 276 272 275 277 269 264 258 253 246 240 236 230 225 221 214 210 205 205 208 213 222 230 239 252 264 276 286 298 308 321 330 335 332 328 327 321 311 326 335 310 311 315 305 305 291 290 294 253 247 253 235 252 217 223 220 214 206 195 188 179 174 173 -9999 -9999 -9999
-9999 -9999 -9999 -9999 -9999 -9999 -9999 -9999 -9999 -9999 -9999 275 276 278 276 268 263 263 260 251 243 241 234 231 228 224 217 211 207 208 211 217 224 233 241 250 261 275 286 295 307 317 329 333 329 328 341 320 322 304 291 318 316 305 298 291 297 299 303 261 255 251 231 218 238 223 210 206 195 184 184 178 182 181 -9999 -9999 -9999
-9999 -9999 -9999 -9999 -9999 -9999 -9999 -9999 -9999 -9999 272 274 279 277 276 270 262 259 259 251 244 237 235 231 228 227 220 213 213 213 215 219 227 237 245 254 263 272 284 293 305 313 328 338 341 332 305 311 309 302 294 331 336 302 310 292 281 283 305 286 271 260 249 246 246 233 207 193 190 182 182 180 182 179 -9999 -9999 -9999
-9999 -9999 -9999 -9999 -9999 -9999 -9999 -9999 -9999 276 279 279 277 275 274 268 263 261 257 250 243 238 235 231 226 225 219 216 214 216 218 221 231 241 250 260 268 274 281 289 299 312 325 335 344 349 353 362 368 364 364 365 340 341 305 281 285 298 287 297 279 260 235 221 224 218 223 215 201 186 179 178 168 163 172 -9999 -9999
-9999 -9999 -9999 -9999 -9999 -9999 -9999 -9999 -9999 277 277 277 275 274 273 267 261 259 255 249 244 240 235 233 229 226 222 218 216 217 219 223 233 244 256 265 274 281 287 295 306 316 330 343 356 367 344 332 343 372 357 352 311 313 293 293 276 291 288 293 280 265 229 221 214 200 202 197 193 184 177 179 168 162 166 -9999 -9999
-9999 -9999 -9999 -9999 -9999 -9999 -9999 -9999 277 277 276 273 273 271 270 265 261 258 255 252 249 243 237 234 230 229 224 221 220 221 222 226 235 246 258 270 278 283 289 303 316 323 338 355 367 367 338 328 324 329 330 319 314 304 296 300 301 306 304 291 287 257 225 221 208 206 204 204 195 191 184 179 165 149 147 -9999 -9999
-9999 -9999 -9999 -9999 -9999 -9999 -9999 -9999 279 278 275 276 274 271 268 265 262 257 249 243 242 241 238 236 234 230 227 225 224 223 224 228 235 248 259 271 278 285 294 301 309 320 343 358 343 350 345 331 324 305 314 326 324 293 263 281 284 266 270 296 296 277 245 211 206 199 188 197 196 190 186 176 161 153 152 154 -9999
