L_edwardsianus/M_variables/Set1/bio1_.asc
NCOLS 77 
NROWS 221 
XLLCORNER -74.2083333333333 
YLLCORNER -46.25 
CELLSIZE 0.0416666666666666 
NODATA_value -9999 
[rows 44 to 65 of 221, columns 0 to 50 of 77]
-9999 -9999 -9999 -9999 -9999 -9999 -9999 -9999 -9999 -9999 -9999 -9999 -9999 -9999 -9999 -9999 -9999 -9999 -9999 -9999 12.6918859481812 12.8056669235229 12.8035001754761 12.5031671524048 12.247166633606 11.4316663742065 11.0216665267944 11.3669996261597 11.6660003662109 11.7456665039062 12.1578330993652 12.1225004196167 12.0740003585815 12.0501670837402 11.9843330383301 11.9125003814697 11.8701667785645 11.8369998931885 11.8173332214355 11.6593332290649 11.3448333740234 11.6831665039062 11.5989999771118 11.4541664123535 11.3091669082642 11.1890001296997 11.1563329696655 11.1008338928223 10.7316665649414 10.5728330612183 10.4811668395996
-9999 -9999 -9999 -9999 -9999 -9999 -9999 -9999 -9999 -9999 -9999 -9999 -9999 -9999 -9999 -9999 -9999 -9999 -9999 -9999 12.5500001907349 12.6393337249756 12.6225004196167 12.1686668395996 11.6473331451416 11.3874998092651 12.0781669616699 11.8941669464111 11.6913328170776 12.1343336105347 12.1571664810181 12.0896663665771 12.0550003051758 12.0019998550415 11.9429998397827 11.8781671524048 11.8218336105347 11.7861671447754 11.7576665878296 11.6473331451416 11.3393335342407 11.5803337097168 11.5491666793823 11.3961668014526 11.2333335876465 11.0403337478638 10.9096670150757 10.8809995651245 11.0578336715698 11.0751667022705 11.0334997177124
-9999 -9999 -9999 -9999 -9999 -9999 -9999 -9999 -9999 -9999 -9999 -9999 -9999 -9999 -9999 -9999 -9999 -9999 -9999 -9999 -9999 12.4765348434448 12.421667098999 12.3374996185303 12.1586666107178 12.1056661605835 12.3289995193481 12.2906665802002 12.0830001831055 12.2316665649414 12.1856660842896 12.1336669921875 12.0666666030884 12.00950050354 11.9831666946411 11.9444999694824 11.8943328857422 11.8400001525879 11.8241672515869 11.7496662139893 11.6441669464111 11.58899974823 11.5578336715698 11.4616670608521 11.291166305542 11.102499961853 11.0786666870117 11.1033334732056 11.0046663284302 10.8199996948242 10.9183330535889
-9999 -9999 -9999 -9999 -9999 -9999 -9999 -9999 -9999 -9999 -9999 -9999 -9999 -9999 -9999 -9999 -9999 -9999 -9999 -9999 -9999 12.5370836257935 12.5238332748413 12.3535003662109 12.0431661605835 12.2554998397827 12.4213333129883 12.3719997406006 11.7196664810181 12.1639995574951 12.2124996185303 12.1691665649414 12.1198329925537 12.0866670608521 12.0153331756592 11.9053335189819 11.8179998397827 11.7519998550415 11.7301664352417 11.5124998092651 11.6533336639404 11.5761661529541 11.4503335952759 11.3428335189819 11.2326669692993 11.2926664352417 11.3020000457764 11.2296667098999 10.9460000991821 10.5791664123535 10.5421667098999
-9999 -9999 -9999 -9999 -9999 -9999 -9999 -9999 -9999 -9999 -9999 -9999 -9999 -9999 -9999 -9999 -9999 -9999 -9999 -9999 -9999 12.5124998092651 12.4699649810791 12.4584999084473 12.474666595459 12.4641666412354 12.1908330917358 12.1050004959106 11.41100025177 12.0051670074463 12.117166519165 12.0886669158936 11.9984998703003 11.893500328064 11.5566663742065 11.0045003890991 11.7616662979126 11.5433330535889 11.3401670455933 11.4434995651245 11.5865001678467 11.5830001831055 11.3446664810181 11.1234998703003 10.8093338012695 10.886833190918 10.8226671218872 10.7790002822876 10.643666267395 10.702166557312 10.7811670303345
-9999 -9999 -9999 -9999 -9999 -9999 -9999 -9999 -9999 -9999 -9999 -9999 -9999 -9999 -9999 -9999 -9999 -9999 -9999 -9999 -9999 -9999 12.4497547149658 12.4790000915527 12.5155000686646 12.4608335494995 11.9654998779297 12.0981664657593 11.3584995269775 11.6450004577637 11.4198331832886 11.934666633606 11.6433334350586 11.7988338470459 11.581166267395 10.9281663894653 11.6204996109009 11.7358331680298 11.6968336105347 11.6190004348755 11.5275001525879 11.4160003662109 11.4394998550415 11.4126663208008 11.1871662139893 10.8941669464111 10.5676670074463 10.5620002746582 10.4160003662109 10.1811666488647 9.53283309936523
-9999 -9999 -9999 -9999 -9999 -9999 -9999 -9999 -9999 -9999 -9999 -9999 -9999 -9999 -9999 -9999 -9999 -9999 -9999 -9999 -9999 -9999 12.4140625 12.4554996490479 12.496000289917 12.4618330001831 12.3701667785645 12.1700000762939 11.2960004806519 10.8871669769287 10.2526664733887 11.1020002365112 11.3478336334229 11.7705001831055 11.6118335723877 11.3470001220703 11.168999671936 11.7501668930054 11.6964998245239 11.6309995651245 11.3941669464111 11.3128337860107 11.3421669006348 11.2026672363281 11.2253332138062 11.2639999389648 10.6006669998169 9.99416637420654 10.0946664810181 10.4836664199829 10.1476669311523
-9999 -9999 -9999 -9999 -9999 -9999 -9999 -9999 -9999 -9999 -9999 -9999 -9999 -9999 -9999 -9999 -9999 -9999 -9999 -9999 -9999 -9999 12.4166669845581 12.4348955154419 12.4806671142578 12.4064998626709 11.4376668930054 11.9271669387817 11.470666885376 11.3549995422363 11.6674995422363 11.0071668624878 11.6245002746582 11.3821668624878 11.3273334503174 11.0446662902832 11.111499786377 11.5034999847412 11.323166847229 11.5766668319702 11.2729997634888 11.1971664428711 11.0646667480469 11.1049995422363 10.8618335723877 11.1966667175293 11.0666666030884 10.9273328781128 10.8026666641235 10.7263336181641 10.5893335342407
-9999 -9999 -9999 -9999 -9999 -9999 -9999 -9999 -9999 -9999 -9999 -9999 -9999 -9999 -9999 -9999 -9999 -9999 -9999 -9999 -9999 -9999 -9999 12.3970584869385 12.4253330230713 12.3883333206177 11.239333152771 10.8938331604004 10.007833480835 10.1651668548584 11.2363328933716 11.5053329467773 11.2556667327881 11.2051668167114 11.0058336257935 10.628833770752 11.4948329925537 10.9866666793823 10.5295000076294 11.438666343689 11.0403337478638 10.9785003662109 10.8004999160767 10.8256664276123 10.8051662445068 11.0641670227051 11.0819997787476 10.8505001068115 11.2238330841064 11.4566669464111 11.4516668319702
-9999 -9999 -9999 -9999 -9999 -9999 -9999 -9999 -9999 -9999 -9999 -9999 -9999 -9999 -9999 -9999 -9999 -9999 -9999 -9999 -9999 -9999 -9999 12.296667098999 12.2523336410522 11.923999786377 12.0885000228882 11.4281663894653 10.5755004882812 10.8535003662109 10.8668336868286 10.3821668624878 10.5834999084473 11.3950004577637 10.9180002212524 10.8544998168945 10.9899997711182 11.1070003509521 10.5751667022705 11.0978336334229 11.228666305542 11.0793333053589 11.0273332595825 10.9321670532227 10.8318328857422 10.9005002975464 11.0093336105347 11.1295003890991 11.4145002365112 11.492166519165 11.5376663208008
-9999 -9999 -9999 -9999 -9999 -9999 -9999 -9999 -9999 -9999 -9999 -9999 -9999 -9999 -9999 -9999 -9999 -9999 -9999 -9999 -9999 -9999 -9999 12.0962495803833 12.0111665725708 10.8306665420532 11.3623332977295 11.5793333053589 10.5305004119873 9.70899963378906 9.18866634368896 10.3841667175293 10.412166595459 11.0179996490479 10.6719999313354 10.3330001831055 10.2749996185303 10.5913333892822 10.9650001525879 11.011833190918 11.1003332138062 11.0030002593994 10.9506664276123 10.686333656311 10.3371667861938 9.66499996185303 10.220666885376 10.8430004119873 10.7716665267944 10.9530000686646 11.0773334503174
-9999 -9999 -9999 -9999 -9999 -9999 -9999 -9999 -9999 -9999 -9999 -9999 -9999 -9999 -9999 -9999 -9999 -9999 -9999 -9999 -9999 -9999 -9999 12.1750001907349 12.0288333892822 10.9934997558594 10.1263332366943 9.80599975585938 10.7449998855591 10.882833480835 10.271333694458 10.7980003356934 10.6023330688477 10.5209999084473 10.9036664962769 10.8458337783813 10.5846662521362 11.1545000076294 11.3465003967285 11.3506669998169 11.2480001449585 11.0888328552246 10.958833694458 10.7848329544067 10.7186670303345 10.396333694458 10.6296663284302 10.6535005569458 10.3870000839233 10.4954996109009 10.4078330993652
-9999 -9999 -9999 -9999 -9999 -9999 -9999 -9999 -9999 -9999 -9999 -9999 -9999 -9999 -9999 -9999 -9999 -9999 -9999 -9999 -9999 -9999 -9999 11.5450000762939 11.6048612594604 10.893666267395 10.3299999237061 9.52583312988281 10.9368333816528 11.0670003890991 11.2923336029053 10.2414999008179 11.0278329849243 11.2273330688477 11.1311664581299 11.0496664047241 11.3999996185303 11.3871660232544 11.283166885376 11.2573337554932 10.8381662368774 11.1296663284302 10.9183330535889 10.5468330383301 10.5401668548584 10.6051664352417 10.4838333129883 10.1946668624878 9.27666664123535 8.89449977874756 9.27499961853027
-9999 -9999 -9999 -9999 -9999 -9999 -9999 -9999 -9999 -9999 -9999 -9999 -9999 -9999 -9999 -9999 -9999 -9999 -9999 -9999 -9999 -9999 -9999 11.6695833206177 11.3753623962402 11.3695001602173 11.1331663131714 10.8870000839233 11.3706665039062 11.3281660079956 11.2300004959106 10.3839998245239 10.8559999465942 11.1988334655762 11.5533332824707 11.3696670532227 10.5376663208008 10.0629997253418 9.83199977874756 10.061333656311 9.29433345794678 10.3836669921875 10.797833442688 10.6296663284302 9.39249992370605 9.43666648864746 9.89883327484131 10.2760000228882 10.1265001296997 9.6274995803833 9.47483348846436
-9999 -9999 -9999 -9999 -9999 -9999 -9999 -9999 -9999 -9999 -9999 -9999 -9999 -9999 -9999 -9999 -9999 -9999 -9999 -9999 -9999 -9999 11.6854162216187 11.3211669921875 10.9444999694824 10.3144998550415 11.2694997787476 11.373833656311 11.563666343689 11.7565002441406 11.5401668548584 11.184666633606 10.948166847229 11.4331665039062 11.3206663131714 11.4096670150757 11.0920000076294 10.7681665420532 10.8623332977295 10.7259998321533 9.86016654968262 10.4491662979126 9.57983303070068 9.88933277130127 10.1351661682129 9.36566638946533 10.0266666412354 10.1483335494995 10.4656667709351 10.9525003433228 10.2699995040894
-9999 -9999 -9999 -9999 -9999 -9999 -9999 -9999 -9999 -9999 -9999 -9999 -9999 -9999 -9999 -9999 -9999 -9999 -9999 -9999 -9999 -9999 11.8958330154419 11.3161668777466 9.88133335113525 9.91399955749512 10.9591665267944 11.331000328064 11.7458333969116 11.7525005340576 11.6976671218872 11.7241668701172 11.6085004806519 11.5861663818359 11.0754995346069 10.793999671936 10.4001665115356 10.548999786377 11.0244998931885 11.2006664276123 11.1084995269775 11.0480003356934 10.8281669616699 10.662166595459 10.5733327865601 10.4618330001831 11.0468330383301 11.3024997711182 11.3365001678467 11.3041667938232 11.2390003204346
-9999 -9999 -9999 -9999 -9999 -9999 -9999 -9999 -9999 -9999 -9999 -9999 -9999 -9999 -9999 -9999 -9999 -9999 -9999 -9999 -9999 -9999 11.096230506897 10.3443336486816 10.0594997406006 11.4233331680298 11.7201671600342 11.763500213623 11.7399997711182 11.7536668777466 11.7294998168945 11.6169996261597 11.2530002593994 11.3629999160767 10.5958337783813 9.89983367919922 8.84766674041748 9.73649978637695 10.1656665802002 10.1691665649414 10.6321668624878 11.0016670227051 11.0388336181641 10.9091663360596 10.7434997558594 10.7973337173462 10.941499710083 10.9076671600342 10.8094997406006 10.8398332595825 10.4738330841064
-9999 -9999 -9999 -9999 -9999 -9999 -9999 -9999 -9999 -9999 -9999 -9999 -9999 -9999 -9999 -9999 -9999 -9999 -9999 -9999 -9999 10.884259223938 9.88958358764648 10.1578330993652 11.081000328064 11.771333694458 11.7445001602173 11.7136669158936 11.6908330917358 11.6631669998169 11.5164995193481 11.1271667480469 10.763500213623 10.6260004043579 10.8374996185303 10.4501667022705 9.97983360290527 9.72116661071777 9.10449981689453 9.28633308410645 10.0034999847412 10.4914999008179 10.6676664352417 10.4101667404175 10.7489995956421 10.7776670455933 11.037166595459 11.1303329467773 10.7828330993652 9.6230001449585 8.70916652679443
-9999 -9999 -9999 -9999 -9999 -9999 -9999 -9999 -9999 -9999 -9999 -9999 -9999 -9999 -9999 -9999 -9999 -9999 -9999 -9999 10.8511905670166 10.0186595916748 9.84116649627686 11.3128337860107 11.7231664657593 11.7596664428711 11.7054996490479 11.6859998703003 11.6773338317871 11.6821670532227 11.6730003356934 11.309666633606 11.0880002975464 11.0480003356934 10.7548332214355 10.7670001983643 10.2261667251587 10.0696668624878 10.3303337097168 10.3026666641235 10.440333366394 10.3664999008179 10.5393333435059 10.5901670455933 10.7683334350586 11.2338333129883 11.393666267395 11.4309997558594 9.6478328704834 9.0741662979126 9.01533317565918
-9999 -9999 -9999 -9999 -9999 -9999 -9999 -9999 -9999 -9999 -9999 -9999 -9999 -9999 -9999 -9999 -9999 -9999 -9999 10.9677085876465 10.3285713195801 9.28250026702881 10.6721668243408 11.5266666412354 11.7538328170776 11.7066669464111 11.702166557312 11.6866664886475 11.6938333511353 11.6061668395996 11.66100025177 11.613166809082 11.361499786377 11.3071670532227 11.0326662063599 10.7904996871948 10.8325004577637 11.0500001907349 10.7016668319702 10.0008335113525 10.0931663513184 10.1318330764771 10.3016662597656 10.404167175293 10.8760004043579 11.331000328064 11.5459995269775 11.3928327560425 8.26533317565918 7.61816644668579 8.18249988555908
-9999 -9999 -9999 -9999 -9999 -9999 -9999 -9999 -9999 -9999 -9999 -9999 -9999 -9999 -9999 -9999 -9999 -9999 -9999 11.1750001907349 10.2826662063599 10.5296669006348 11.3076667785645 11.6206665039062 11.4484996795654 11.4948329925537 11.5904998779297 11.6280002593994 11.4351663589478 11.2773332595825 11.5258331298828 11.4694995880127 11.5166664123535 11.4204998016357 11.2533330917358 11.0383329391479 11.0854997634888 11.1178331375122 10.8531665802002 10.5380001068115 10.7934999465942 10.8173332214355 10.4875001907349 10.2061672210693 10.2355003356934 10.2290000915527 10.4519996643066 10.9716663360596 10.2279996871948 7.68733310699463 8.07733345031738
-9999 -9999 -9999 -9999 -9999 -9999 -9999 -9999 -9999 -9999 -9999 -9999 -9999 -9999 -9999 -9999 -9999 -9999 -9999 10.8758335113525 10.2375001907349 10.5939998626709 11.3184995651245 11.5378332138062 11.2200002670288 10.6633329391479 11.1938333511353 11.3568334579468 11.4200000762939 11.5349998474121 11.4601669311523 11.1761665344238 11.2278337478638 11.2278337478638 11.1566667556763 10.9708337783813 11.3048334121704 11.0553331375122 10.6856670379639 10.1303329467773 10.3763332366943 10.2434997558594 10.8795003890991 9.56649971008301 8.58450031280518 8.07533359527588 8.02849960327148 7.98666667938232 10.2299995422363 11.3123331069946 10.2845001220703
