L_edwardsianus/M_variables/Set1/bio3_.asc
NCOLS 77 
NROWS 221 
XLLCORNER -74.2083333333333 
YLLCORNER -46.25 
CELLSIZE 0.0416666666666666 
NODATA_value -9999 
[rows 110 to 131 of 221, columns 0 to 50 of 77]
-9999 -9999 -9999 -9999 -9999 -9999 -9999 -9999 -9999 -9999 -9999 -9999 50.088737487793 51.202320098877 51.8973693847656 51.621337890625 51.6717376708984 52.424446105957 53.1314506530762 53.2582817077637 53.1118125915527 53.1084175109863 53.4236068725586 53.461540222168 53.2703056335449 53.1942749023438 53.262565612793 52.9848670959473 -9999 51.9409942626953 52.0576133728027 -9999 -9999 -9999 -9999 -9999 -9999 51.5416946411133 51.0901336669922 50.7708740234375 50.575080871582 50.5149726867676 50.5010185241699 50.4728736877441 51.0344848632812 51.2310371398926 51.1962242126465 50.8154716491699 50.5033111572266 50.2753868103027 50.0486755371094
-9999 -9999 -9999 -9999 -9999 -9999 -9999 -9999 49.770637512207 -9999 -9999 -9999 50.2461090087891 51.5656890869141 52.1873474121094 52.0302200317383 52.2093658447266 52.7846336364746 53.0515785217285 53.0912170410156 52.8134422302246 52.720272064209 52.9038429260254 53.0684967041016 52.9960441589355 53.0006675720215 53.0701789855957 52.6138496398926 52.2633743286133 52.2497634887695 52.3908462524414 52.4959983825684 -9999 -9999 -9999 -9999 -9999 51.2262382507324 50.9125556945801 50.6172180175781 50.6379241943359 50.6366767883301 50.6111106872559 51.0825042724609 51.3474617004395 51.5622901916504 51.1888122558594 50.3848991394043 50.070484161377 50.2117652893066 50.1572952270508
-9999 -9999 -9999 -9999 -9999 -9999 -9999 -9999 -9999 50.6521759033203 50.6521759033203 50.5191459655762 50.8491477966309 51.5173721313477 51.7888031005859 52.0321083068848 52.2697486877441 52.435863494873 52.7876930236816 52.8775520324707 52.5863647460938 52.5035820007324 52.5010566711426 52.5926513671875 52.8285484313965 52.5903396606445 52.7003593444824 52.2143096923828 -9999 52.3330345153809 52.1739158630371 -9999 -9999 -9999 -9999 -9999 51.4705848693848 51.469783782959 51.3291015625 50.7725601196289 50.8529090881348 51.023193359375 50.8822402954102 50.9143180847168 51.3840637207031 51.1885452270508 50.8827781677246 50.0165367126465 49.8168144226074 49.9137725830078 50.3230972290039
-9999 -9999 -9999 -9999 -9999 -9999 -9999 49.2018394470215 -9999 -9999 -9999 -9999 -9999 51.5051422119141 51.4907112121582 52.0696411132812 52.3934173583984 52.484203338623 52.470645904541 52.5929908752441 52.5641021728516 52.486255645752 52.4198722839355 52.2298469543457 52.1716995239258 52.1023826599121 52.3913040161133 52.3171539306641 52.4091644287109 -9999 -9999 -9999 -9999 -9999 -9999 -9999 51.6918907165527 51.2804527282715 50.8947792053223 50.8724555969238 50.6535224914551 50.7991104125977 50.6541061401367 50.3191833496094 50.8530578613281 50.6350784301758 50.7850723266602 50.3145561218262 49.7047691345215 49.4910926818848 49.7178993225098
-9999 -9999 -9999 -9999 -9999 -9999 -9999 48.6124534606934 48.7866325378418 -9999 -9999 -9999 51.7860870361328 51.9375762939453 51.9036712646484 52.2620315551758 52.4988059997559 52.9484024047852 -9999 52.5689239501953 52.523738861084 52.5186538696289 -9999 52.0210876464844 51.7836227416992 51.847526550293 51.9717445373535 52.2799835205078 52.4138946533203 52.3697929382324 -9999 -9999 -9999 -9999 51.9584808349609 51.9154472351074 51.7138938903809 51.1346626281738 50.9046745300293 50.8634452819824 50.7522163391113 50.4396171569824 50.3984680175781 50.609920501709 50.5311622619629 50.6096343994141 50.3734550476074 49.8728866577148 49.6662101745605 49.4710273742676 49.3798828125
-9999 -9999 -9999 -9999 -9999 -9999 -9999 48.1779747009277 48.2167358398438 49.0569076538086 49.220272064209 50.5082969665527 51.6012496948242 51.8031578063965 51.8922004699707 52.0002861022949 52.0989570617676 52.4495697021484 -9999 -9999 -9999 -9999 -9999 -9999 52.1897811889648 51.8192443847656 51.6894454956055 52.0997352600098 52.105827331543 52.3253326416016 51.8729629516602 51.7818565368652 -9999 51.850471496582 51.9717254638672 51.9590873718262 51.5342903137207 51.096248626709 51.0698318481445 50.9748878479004 50.7033920288086 50.597770690918 50.6087303161621 50.9441146850586 50.6208229064941 50.2159652709961 49.9949798583984 50.2214279174805 50.1184349060059 49.7353706359863 49.803150177002
-9999 -9999 -9999 -9999 -9999 -9999 -9999 48.2676124572754 48.795955657959 49.172721862793 48.5810394287109 49.9294242858887 51.3864860534668 51.7658729553223 51.6661911010742 51.5452499389648 51.7426986694336 51.7987823486328 -9999 -9999 -9999 -9999 -9999 -9999 -9999 52.0098686218262 52.0869255065918 52.4137954711914 -9999 -9999 51.7934761047363 51.6396408081055 51.5037040710449 51.7614593505859 51.8025436401367 51.7650909423828 51.5028266906738 51.0463562011719 50.7963638305664 51.0710182189941 50.8924713134766 50.8694725036621 50.808666229248 51.1347846984863 50.6414222717285 50.2773818969727 50.253791809082 50.0807914733887 49.613899230957 49.9465484619141 49.7436408996582
-9999 -9999 -9999 -9999 -9999 -9999 -9999 48.2786178588867 48.6119537353516 48.9413681030273 48.1572303771973 49.5285491943359 50.9299392700195 51.4596977233887 51.2637138366699 51.2283706665039 51.5725173950195 -9999 -9999 -9999 -9999 -9999 -9999 -9999 -9999 -9999 -9999 -9999 -9999 -9999 -9999 -9999 51.5341720581055 51.4681625366211 51.5509414672852 51.6318397521973 51.6442794799805 51.3460540771484 50.8483123779297 50.8027000427246 50.7037353515625 51.107250213623 51.372631072998 51.2136116027832 50.764461517334 50.2499465942383 50.5010299682617 50.146053314209 49.8922119140625 49.4959564208984 49.1595001220703
-9999 -9999 -9999 -9999 -9999 -9999 -9999 -9999 49.1132583618164 49.521900177002 49.5060234069824 49.9193801879883 50.7253723144531 51.0742645263672 50.9312438964844 51.0403633117676 51.3867950439453 -9999 -9999 -9999 -9999 -9999 -9999 -9999 -9999 -9999 -9999 -9999 -9999 -9999 -9999 -9999 -9999 51.1941070556641 51.3416137695312 51.3361053466797 51.5509300231934 51.2670364379883 50.5415916442871 50.7399864196777 50.6106872558594 50.9428939819336 51.1099662780762 50.6523551940918 50.389232635498 50.1435317993164 50.2146987915039 50.2451972961426 49.7457275390625 49.7163772583008 48.9908485412598
-9999 -9999 -9999 -9999 -9999 -9999 -9999 -9999 49.4616470336914 49.744270324707 49.7437400817871 49.8622970581055 50.347225189209 50.3978576660156 50.2200622558594 50.4730224609375 50.970947265625 51.4506683349609 -9999 -9999 -9999 -9999 -9999 -9999 -9999 -9999 -9999 -9999 -9999 -9999 -9999 -9999 -9999 -9999 -9999 51.0499954223633 51.1426315307617 50.9678573608398 50.7313766479492 50.431941986084 50.2591781616211 50.5095138549805 50.4560852050781 50.2874145507812 49.953369140625 49.9371643066406 49.8543014526367 49.4081344604492 49.245792388916 49.5296211242676 49.840934753418
-9999 -9999 -9999 -9999 -9999 -9999 -9999 -9999 48.8683128356934 49.6662673950195 49.9535942077637 50.0097503662109 50.0705375671387 50.0555534362793 49.8712692260742 49.9902725219727 50.328125 51.2186431884766 51.5203132629395 -9999 -9999 -9999 -9999 -9999 -9999 -9999 -9999 -9999 -9999 -9999 -9999 -9999 -9999 -9999 -9999 -9999 -9999 50.6281433105469 50.5249328613281 50.6038665771484 50.5464477539062 50.4507064819336 50.0474166870117 49.9575614929199 49.7925720214844 49.5708885192871 49.5364723205566 49.5203590393066 49.7235870361328 49.6297035217285 49.7763290405273
-9999 -9999 -9999 -9999 -9999 -9999 -9999 -9999 48.1599731445312 48.8674850463867 49.4195175170898 49.7481384277344 49.9295196533203 49.9469718933105 49.8086776733398 49.7756958007812 50.0608291625977 50.709888458252 50.9625816345215 50.9191207885742 -9999 -9999 -9999 -9999 -9999 -9999 -9999 -9999 -9999 -9999 -9999 -9999 -9999 -9999 -9999 -9999 -9999 -9999 50.4940719604492 50.5028915405273 50.3840675354004 50.2204132080078 50.0472221374512 49.9575309753418 49.5609512329102 49.9353485107422 49.2401084899902 48.9756050109863 49.2179756164551 49.0645065307617 49.5131225585938
-9999 -9999 -9999 -9999 -9999 -9999 -9999 -9999 47.7667198181152 48.2634696960449 48.8120040893555 49.3727874755859 49.6544990539551 49.8886642456055 49.6796722412109 49.7982940673828 50.2241172790527 50.5307121276855 50.8553276062012 51.0067481994629 51.236328125 -9999 -9999 -9999 -9999 -9999 -9999 -9999 -9999 -9999 -9999 -9999 -9999 -9999 -9999 -9999 -9999 -9999 50.2870140075684 50.2009010314941 49.8292808532715 49.8382682800293 49.6235656738281 49.5756797790527 49.4857025146484 49.6103668212891 49.3593673706055 48.9530906677246 48.7631149291992 48.7057456970215 48.8801765441895
-9999 -9999 -9999 -9999 -9999 -9999 -9999 -9999 -9999 47.7603225708008 48.4447135925293 48.9769172668457 49.5135459899902 49.8231582641602 49.8085670471191 49.9637489318848 50.1368865966797 50.6096420288086 50.5867729187012 50.7695426940918 50.9347648620605 -9999 -9999 -9999 -9999 -9999 -9999 -9999 -9999 -9999 -9999 -9999 -9999 -9999 -9999 -9999 -9999 -9999 49.9031028747559 49.7358283996582 -9999 -9999 49.5838775634766 49.5079345703125 49.5655822753906 49.5915679931641 49.4917869567871 49.2360687255859 49.0965881347656 48.4801483154297 48.5160484313965
-9999 -9999 -9999 -9999 -9999 -9999 -9999 -9999 -9999 47.4477272033691 48.176212310791 48.8364028930664 49.6580352783203 49.9182319641113 49.8889198303223 49.9684600830078 50.2573356628418 50.6500015258789 50.708251953125 50.5894546508789 50.7506828308105 -9999 -9999 -9999 50.3156585693359 -9999 -9999 -9999 -9999 -9999 -9999 -9999 -9999 -9999 50.9375038146973 50.7742004394531 50.7334365844727 50.2888793945312 49.7787933349609 49.4824600219727 49.2824287414551 -9999 49.3182220458984 49.2066917419434 49.435661315918 49.5488967895508 49.5083084106445 49.6386222839355 49.2805519104004 48.4572830200195 48.2690162658691
-9999 -9999 -9999 -9999 -9999 -9999 -9999 -9999 -9999 47.1034545898438 47.9705085754395 48.8545989990234 49.4972305297852 49.8794364929199 49.7500457763672 49.9223670959473 50.3884887695312 50.7877769470215 50.8733100891113 50.7668571472168 50.9004974365234 -9999 49.9621200561523 50.2503089904785 50.1889152526855 50.1681251525879 50.2264862060547 50.2822685241699 -9999 -9999 -9999 -9999 -9999 50.3071556091309 50.4727973937988 50.5019874572754 50.2551231384277 49.800853729248 49.4861297607422 49.2102890014648 49.2772636413574 48.8026809692383 49.1688537597656 49.2331123352051 49.3140983581543 49.3417854309082 49.0213050842285 48.8519554138184 48.5938110351562 48.0511169433594 47.9861106872559
-9999 -9999 -9999 -9999 -9999 -9999 -9999 -9999 -9999 47.0265579223633 47.9977684020996 48.7999649047852 49.4163970947266 49.6679229736328 49.7015991210938 49.9854736328125 50.2360305786133 50.5193367004395 50.7774124145508 50.7578239440918 50.6406326293945 49.9257850646973 50.1018295288086 50.1565170288086 50.2657890319824 50 50.1510620117188 50.188404083252 -9999 -9999 -9999 -9999 50.0000038146973 50.0926284790039 50.1942520141602 50.2121887207031 49.8705406188965 49.4436683654785 49.1037826538086 48.9726257324219 48.9888877868652 48.8518943786621 49.031177520752 49.1769332885742 49.0616226196289 49.1103973388672 48.7089881896973 48.4812088012695 48.7354125976562 48.2226448059082 47.7365455627441
-9999 -9999 -9999 -9999 -9999 -9999 -9999 -9999 -9999 47.7737312316895 48.6396598815918 48.978199005127 49.2700691223145 49.3267555236816 49.7546310424805 49.9797019958496 50.0973205566406 50.1811599731445 50.1820411682129 -9999 50.4385986328125 -9999 -9999 50.1834869384766 -9999 50.2415466308594 50.1785697937012 -9999 -9999 -9999 -9999 -9999 -9999 -9999 49.8147354125977 49.8004341125488 49.5526237487793 49.1856117248535 48.971851348877 48.9213256835938 48.9157752990723 48.8061141967773 48.8406028747559 49.0101547241211 49.136661529541 48.8717422485352 48.5953712463379 48.5391540527344 48.610279083252 48.2474555969238 47.8499984741211
-9999 -9999 -9999 -9999 -9999 -9999 -9999 -9999 -9999 -9999 49.0743446350098 49.054859161377 49.1661605834961 49.0816802978516 49.4054679870605 49.7472305297852 49.8410530090332 -9999 49.4757881164551 -9999 -9999 50.1996002197266 50.3101768493652 -9999 -9999 49.9650917053223 50.3774299621582 -9999 -9999 -9999 -9999 -9999 -9999 -9999 49.4925193786621 49.4752311706543 49.0494842529297 48.8547058105469 48.9445457458496 48.9347534179688 48.8349494934082 48.6863594055176 48.6547622680664 48.9098091125488 48.853946685791 48.6519889831543 48.5739593505859 48.4699745178223 48.5342140197754 48.0907936096191 47.836124420166
-9999 -9999 -9999 -9999 -9999 -9999 -9999 -9999 -9999 -9999 48.393482208252 48.5036544799805 49.1258926391602 49.054443359375 48.9045372009277 49.2277984619141 49.3929023742676 49.2000007629395 49.1797943115234 -9999 50.0127029418945 50.1545333862305 50.3731346130371 -9999 -9999 -9999 -9999 -9999 -9999 -9999 -9999 -9999 -9999 -9999 -9999 -9999 48.7596321105957 48.5897750854492 48.678279876709 48.6710624694824 48.6190910339355 48.5843772888184 48.3855628967285 48.713062286377 48.7615509033203 48.6549606323242 48.4813804626465 48.4658164978027 48.5431365966797 48.328369140625 48.199089050293
-9999 -9999 -9999 -9999 -9999 -9999 -9999 -9999 -9999 -9999 47.5738372802734 47.8171615600586 48.6581878662109 48.619556427002 48.41650390625 48.4328651428223 48.5309181213379 48.8441581726074 49.12060546875 50.1262626647949 50.1648635864258 50.2150955200195 49.5242652893066 49.362247467041 -9999 -9999 -9999 -9999 -9999 -9999 -9999 -9999 -9999 -9999 -9999 -9999 48.4880447387695 48.4409484863281 48.4734039306641 48.5355262756348 48.4007835388184 48.3982925415039 48.4496116638184 48.5145874023438 48.5301628112793 48.6590805053711 48.7328720092773 48.5779876708984 48.4002952575684 48.2719497680664 48.3230972290039
-9999 -9999 -9999 -9999 -9999 -9999 -9999 -9999 -9999 -9999 47.0923919677734 47.6431465148926 48.3996047973633 48.5022354125977 48.2507476806641 -9999 48.4788360595703 48.5301742553711 49.0567092895508 49.3686866760254 -9999 -9999 49.321704864502 -9999 -9999 -9999 -9999 -9999 -9999 -9999 -9999 -9999 -9999 49.2534790039062 49.1148796081543 48.7796516418457 48.427848815918 48.2589263916016 48.2978744506836 48.1997947692871 48.1568298339844 48.2765235900879 48.5508804321289 48.5778884887695 48.5618209838867 48.472225189209 48.4340286254883 48.2546195983887 48.0083847045898 48.1847839355469 48.2258262634277
