L_edwardsianus/M_variables/Set1/bio3_.asc
NCOLS 77 
NROWS 221 
XLLCORNER -74.2083333333333 
YLLCORNER -46.25 
CELLSIZE 0.0416666666666666 
NODATA_value -9999 
[rows 22 to 43 of 221, columns 0 to 50 of 77]
-9999 -9999 -9999 -9999 -9999 -9999 -9999 -9999 -9999 -9999 -9999 -9999 -9999 -9999 -9999 -9999 -9999 57.3641242980957 57.4474220275879 57.1828117370605 56.3012924194336 55.5936317443848 56.1820182800293 55.7657928466797 54.8273124694824 54.4024505615234 54.3256225585938 54.1452217102051 54.123348236084 53.9988059997559 53.8273849487305 53.485179901123 53.2310791015625 52.9047775268555 52.6217765808105 52.5562744140625 52.3319816589355 52.0943832397461 52.0435676574707 52.1692543029785 52.395378112793 52.5983009338379 52.431282043457 52.554630279541 52.7175445556641 52.9549865722656 53.1680183410645 53.1650276184082 53.197193145752 53.1113395690918 52.9866638183594
-9999 -9999 -9999 -9999 -9999 -9999 -9999 -9999 -9999 -9999 -9999 -9999 -9999 -9999 -9999 -9999 -9999 57.4282188415527 57.6816139221191 57.6793670654297 57.2282447814941 56.0524291992188 55.3952674865723 56.1554565429688 54.8467254638672 54.7177505493164 54.7423477172852 55.032642364502 55.3431930541992 55.1564025878906 54.709156036377 54.0218963623047 53.4878120422363 53.2516708374023 53.0633544921875 52.8476905822754 52.6696968078613 52.5093841552734 52.2106704711914 52.2611427307129 52.5257415771484 52.7768173217773 52.77392578125 52.7491874694824 52.8602180480957 53.0489959716797 53.2609977722168 53.4857902526855 53.4975318908691 53.6378746032715 53.5302238464355
-9999 -9999 -9999 -9999 -9999 -9999 -9999 -9999 -9999 -9999 -9999 -9999 -9999 -9999 -9999 -9999 -9999 -9999 57.5416030883789 57.2354583740234 55.9179763793945 55.8118934631348 54.981746673584 54.7482261657715 54.7034339904785 54.538444519043 54.5522842407227 54.6260108947754 54.9654006958008 55.0321350097656 54.7108612060547 54.5078544616699 53.9666061401367 53.4170417785645 53.4525299072266 53.3500633239746 53.0995750427246 52.757251739502 52.6323776245117 52.5305480957031 52.7630462646484 52.9390602111816 52.9685745239258 53.1226539611816 53.3008003234863 53.3109588623047 53.281852722168 53.3167572021484 53.438346862793 53.5310974121094 53.6600570678711
-9999 -9999 -9999 -9999 -9999 -9999 -9999 -9999 -9999 -9999 -9999 -9999 -9999 -9999 -9999 -9999 -9999 -9999 57.5206146240234 56.9783325195312 55.7745590209961 55.5531997680664 55.6094398498535 54.8207473754883 54.9845695495605 54.8780097961426 54.4776878356934 54.2141380310059 54.2607574462891 54.3235054016113 54.2599983215332 54.3405570983887 54.0444297790527 53.6512107849121 53.7130584716797 53.4814224243164 53.2579154968262 53.0004196166992 52.7535858154297 52.7286911010742 52.7398910522461 52.8615837097168 53.0055618286133 53.2295303344727 53.471736907959 53.5982208251953 53.5225448608398 53.3841781616211 53.441104888916 53.5003204345703 53.7604446411133
-9999 -9999 -9999 -9999 -9999 -9999 -9999 -9999 -9999 -9999 -9999 -9999 -9999 -9999 -9999 -9999 -9999 -9999 57.2889022827148 56.8240509033203 55.7353172302246 55.3302345275879 55.322811126709 55.5233154296875 55.3582382202148 54.8739204406738 54.5031700134277 54.2620849609375 54.1617546081543 54.1109428405762 54.0933494567871 54.266773223877 53.96142578125 53.6801071166992 53.7143859863281 53.6218299865723 53.4580307006836 53.2447052001953 53.1471900939941 53.0774040222168 53.0077018737793 53.0751075744629 53.1370391845703 53.3330307006836 53.6732940673828 54.0043640136719 54.0312805175781 53.9521293640137 53.8323974609375 53.7779731750488 53.8871269226074
-9999 -9999 -9999 -9999 -9999 -9999 -9999 -9999 -9999 -9999 -9999 -9999 -9999 -9999 -9999 -9999 -9999 -9999 56.7562026977539 56.444278717041 55.6073799133301 55.2388076782227 55.3417015075684 55.0607719421387 54.9783325195312 54.6001663208008 54.402515411377 54.2490653991699 54.2763824462891 54.2347106933594 54.0947036743164 53.9846305847168 53.8376388549805 53.8172607421875 53.6977729797363 53.7274742126465 53.7982749938965 53.5763130187988 53.3082275390625 53.1412582397461 53.2615394592285 53.302116394043 53.6528663635254 53.8293914794922 54.0910682678223 54.3710174560547 54.4972648620605 54.445987701416 54.3576507568359 54.3042869567871 54.3000793457031
-9999 -9999 -9999 -9999 -9999 -9999 -9999 -9999 -9999 -9999 -9999 -9999 -9999 -9999 -9999 -9999 -9999 56.1283569335938 56.1342849731445 55.6921157836914 55.2987670898438 55.2481117248535 55.2639007568359 55.3162117004395 54.6707344055176 54.5111351013184 54.5986404418945 54.3993759155273 54.3662719726562 54.3792190551758 54.1226387023926 53.8832359313965 53.9052848815918 53.8921508789062 53.7999420166016 53.7647514343262 53.7991065979004 53.7604179382324 53.6530075073242 53.4453506469727 53.3327217102051 53.8391189575195 54.4115905761719 54.629955291748 54.6831703186035 54.6621360778809 54.6524314880371 54.650218963623 54.5300636291504 54.5864715576172 54.8704299926758
-9999 -9999 -9999 -9999 -9999 -9999 -9999 -9999 -9999 -9999 -9999 -9999 -9999 -9999 -9999 -9999 55.8916854858398 55.9132804870605 55.7170295715332 55.3160934448242 55.038761138916 55.1515426635742 54.9839935302734 54.9719886779785 54.9706382751465 54.780216217041 54.4714622497559 54.3550186157227 54.3296394348145 54.3068389892578 54.2727279663086 54.0698776245117 54.0332565307617 54.0268058776855 53.8320732116699 53.7588844299316 53.9700317382812 54.0161018371582 54.0865097045898 54.0477027893066 54.0575065612793 54.5296516418457 54.9279098510742 55.0341567993164 55.0939445495605 55.0308265686035 54.9596328735352 54.9267959594727 54.8484344482422 54.8515510559082 55.0520401000977
-9999 -9999 -9999 -9999 -9999 -9999 -9999 -9999 -9999 -9999 -9999 -9999 -9999 -9999 -9999 -9999 55.7164649963379 55.7028846740723 55.4289245605469 55.1954956054688 55.1037826538086 54.845890045166 54.8183746337891 54.7828521728516 54.6591606140137 54.7307929992676 54.5116119384766 54.3956604003906 54.2535438537598 54.2641754150391 54.2582969665527 54.2264862060547 54.1557960510254 54.1604995727539 54.0021591186523 54.0870590209961 54.4423179626465 54.3965148925781 54.5235557556152 54.6948356628418 54.8065643310547 55.0882263183594 55.211051940918 55.3844146728516 55.3567314147949 55.2949295043945 55.1799087524414 55.145866394043 55.1815872192383 55.2266006469727 55.4408569335938
-9999 -9999 -9999 -9999 -9999 -9999 -9999 51.5046844482422 51.6544075012207 -9999 -9999 -9999 -9999 -9999 -9999 -9999 55.2811546325684 55.4265937805176 55.212760925293 54.9343299865723 54.7866134643555 54.7816886901855 54.6714210510254 54.477222442627 54.2161827087402 54.2254028320312 54.3163719177246 54.442195892334 54.2908096313477 54.3413925170898 54.3241424560547 54.3113861083984 54.4912796020508 54.4938621520996 54.2636032104492 54.3076057434082 54.6267204284668 54.5919609069824 54.8307876586914 55.0729217529297 55.2506713867188 55.419246673584 55.4945182800293 55.5424385070801 55.5386085510254 55.4878044128418 55.407054901123 55.2531814575195 55.2668418884277 55.4629325866699 55.7900314331055
-9999 -9999 -9999 -9999 -9999 -9999 -9999 51.7900848388672 51.2976455688477 -9999 -9999 -9999 -9999 -9999 -9999 -9999 55.1357727050781 55.1569671630859 55.0686340332031 54.786060333252 54.6440315246582 54.659969329834 54.5012168884277 54.5114097595215 54.3178825378418 54.3313941955566 54.3628692626953 54.4461402893066 54.4483070373535 54.3325500488281 54.3335914611816 54.4022750854492 54.7087059020996 54.9221229553223 54.6339263916016 54.3846588134766 54.3594779968262 54.4895401000977 54.7769813537598 55.1320610046387 55.361011505127 55.542163848877 55.6528663635254 55.6034202575684 55.6129570007324 55.6688270568848 55.5526313781738 55.3931884765625 55.3966331481934 55.5093421936035 55.8741035461426
-9999 -9999 -9999 -9999 -9999 -9999 -9999 51.1424713134766 -9999 -9999 -9999 -9999 -9999 -9999 -9999 -9999 54.9708786010742 55.0074577331543 54.7355804443359 54.5209808349609 54.5375900268555 54.7060508728027 54.6083106994629 54.5843162536621 54.5576248168945 54.5593795776367 54.3715591430664 54.3046035766602 54.3801689147949 54.3325424194336 54.2694969177246 54.4361381530762 54.7419509887695 55.0405731201172 55.0469055175781 54.762565612793 54.3519554138184 54.278018951416 54.5060005187988 54.9588775634766 55.3478355407715 55.5858345031738 55.746410369873 55.7821922302246 55.7104225158691 55.6540298461914 55.6027717590332 55.5604286193848 55.5915107727051 55.7463760375977 56.1148719787598
-9999 -9999 -9999 -9999 -9999 -9999 -9999 -9999 -9999 -9999 -9999 -9999 -9999 -9999 -9999 -9999 54.7959938049316 54.8100700378418 54.5077514648438 54.3683547973633 54.525089263916 54.7007141113281 54.8048858642578 54.9151763916016 54.9503898620605 54.7401428222656 54.5368041992188 54.6346092224121 54.4942283630371 54.3295707702637 54.3771362304688 54.5784339904785 54.6109733581543 54.7839508056641 54.8842010498047 54.7915496826172 54.5174560546875 54.4196281433105 54.6552658081055 55.133186340332 55.5400772094727 55.708438873291 55.8413848876953 55.8441925048828 55.7825584411621 55.693244934082 55.7236976623535 55.7353439331055 55.7211761474609 56.0358810424805 56.2456512451172
-9999 -9999 -9999 -9999 -9999 -9999 -9999 -9999 -9999 -9999 -9999 -9999 -9999 -9999 -9999 -9999 54.6612358093262 54.660472869873 54.6283302307129 54.4533653259277 54.5016975402832 54.5131950378418 54.6911926269531 54.9700889587402 54.9837646484375 54.9066886901855 54.6653251647949 54.5551567077637 54.5919799804688 54.5119590759277 54.4533309936523 54.5980339050293 54.7912330627441 54.8976211547852 54.9365425109863 54.8830795288086 54.8112525939941 54.5373802185059 54.7320175170898 55.4056968688965 55.7637367248535 55.7317123413086 55.665885925293 55.5107765197754 55.613094329834 55.796070098877 55.8141250610352 55.8066253662109 56.0250358581543 56.1287002563477 56.005916595459
-9999 -9999 -9999 -9999 -9999 -9999 -9999 -9999 -9999 -9999 -9999 -9999 -9999 -9999 -9999 -9999 54.2424240112305 54.5063552856445 54.6486282348633 54.507884979248 54.4381561279297 54.5 54.5884552001953 54.7371940612793 54.8497543334961 54.8360710144043 54.769458770752 54.6911125183105 54.6215438842773 54.4740753173828 54.4865455627441 54.8588447570801 54.9825248718262 55.036735534668 55.1154518127441 55.0833358764648 54.9298248291016 54.7113571166992 54.7043304443359 55.1890068054199 55.4437866210938 55.3744506835938 55.3516960144043 55.3282432556152 55.4394989013672 55.6527328491211 55.6974754333496 55.8255271911621 56.1361503601074 56.218334197998 56.1506881713867
-9999 -9999 -9999 -9999 -9999 -9999 -9999 -9999 -9999 -9999 -9999 -9999 -9999 -9999 -9999 -9999 -9999 54.399242401123 54.5331916809082 54.6792221069336 54.6085433959961 54.6174926757812 54.7004318237305 54.9503517150879 54.8563804626465 54.8215026855469 54.8671646118164 54.8362197875977 54.7276458740234 54.6128540039062 54.7230339050293 54.9256210327148 55.0652351379395 55.2539978027344 55.4275283813477 55.4606323242188 55.3635673522949 55.0899772644043 54.8697471618652 55.0817337036133 55.5035552978516 55.5190811157227 55.5657768249512 55.7302093505859 55.8154907226562 55.9557800292969 56.1306266784668 56.3608512878418 56.3843612670898 56.121753692627 55.9395561218262
-9999 -9999 -9999 -9999 -9999 -9999 -9999 -9999 -9999 -9999 -9999 -9999 -9999 -9999 -9999 -9999 -9999 54.5758934020996 54.4394683837891 54.3777923583984 54.4120941162109 54.8204574584961 55.1484260559082 55.0823402404785 54.8085708618164 54.6642189025879 54.6614303588867 54.7103691101074 54.6318855285645 54.6687278747559 54.8739700317383 55.0102157592773 54.9895553588867 55.2644958496094 55.538703918457 55.8359870910645 55.85302734375 55.6774635314941 55.2300071716309 55.0745239257812 55.6436386108398 55.9604911804199 56.0065155029297 56.0739326477051 56.0449600219727 56.2522354125977 56.4532890319824 56.5931625366211 56.5604400634766 56.535343170166 56.518310546875
-9999 -9999 -9999 -9999 -9999 -9999 -9999 -9999 -9999 -9999 -9999 -9999 -9999 -9999 -9999 -9999 -9999 54.6945915222168 54.5330963134766 54.3744850158691 54.5135841369629 54.8708801269531 54.8617057800293 54.9324417114258 54.8139991760254 54.6760940551758 54.7045211791992 54.824649810791 54.8615226745605 55.0491714477539 55.1682205200195 55.0519218444824 55.1680717468262 55.3834228515625 55.5723266601562 56.065299987793 56.2773399353027 56.157642364502 55.8578796386719 55.453727722168 55.6962242126465 56.094596862793 56.2694206237793 56.5518417358398 56.7224235534668 56.7083396911621 56.7324867248535 56.7656631469727 56.7473602294922 56.6772689819336 56.4800186157227
-9999 -9999 -9999 -9999 -9999 -9999 -9999 -9999 -9999 -9999 -9999 -9999 -9999 -9999 -9999 -9999 -9999 -9999 54.4905014038086 54.6998901367188 54.8952598571777 55.0312767028809 55.0134658813477 54.900821685791 54.7546539306641 54.630786895752 54.9578514099121 55.0852546691895 55.0803718566895 55.0507507324219 55.25390625 55.2739334106445 55.5179710388184 55.7904243469238 55.9019927978516 56.1227035522461 56.3317680358887 56.4088134765625 56.1046714782715 55.7093505859375 55.9060096740723 56.2172927856445 56.4135475158691 56.6390075683594 56.8243560791016 56.7194595336914 56.6899948120117 56.6771125793457 56.644287109375 56.4720764160156 56.3474502563477
-9999 -9999 -9999 -9999 -9999 -9999 -9999 -9999 -9999 -9999 -9999 -9999 -9999 -9999 -9999 -9999 -9999 -9999 54.5761108398438 54.8594207763672 54.9597854614258 54.761646270752 54.7154083251953 54.6682167053223 54.7462539672852 54.6835670471191 54.8955535888672 55.0849990844727 55.2478942871094 55.2269897460938 55.3505172729492 55.5469207763672 55.7341957092285 55.9744834899902 56.1092109680176 56.2906494140625 56.4046821594238 56.4541397094727 56.1994171142578 55.9068946838379 56.0014419555664 56.2468948364258 56.4144020080566 56.5152626037598 56.5218048095703 56.5400657653809 56.6063499450684 56.5835304260254 56.3888893127441 56.1125221252441 55.8478507995605
-9999 -9999 -9999 -9999 -9999 -9999 -9999 -9999 -9999 -9999 -9999 -9999 -9999 -9999 -9999 -9999 -9999 -9999 -9999 54.4389572143555 54.2984390258789 54.0250091552734 54.1603698730469 54.4807624816895 54.7212829589844 54.8029937744141 54.8780860900879 54.8510208129883 55.1649017333984 55.3098983764648 55.4648780822754 55.5977439880371 55.7903022766113 56.0411071777344 56.138843536377 56.3701171875 56.4640426635742 56.4399681091309 56.3650665283203 56.2397651672363 56.1798820495605 56.0971717834473 56.2511749267578 56.3849792480469 56.4057807922363 56.4892807006836 56.4996681213379 56.4383659362793 56.2458190917969 55.8861351013184 55.571418762207
-9999 -9999 -9999 -9999 -9999 -9999 -9999 -9999 -9999 -9999 -9999 -9999 -9999 -9999 -9999 -9999 -9999 -9999 -9999 54.0394439697266 53.5401573181152 52.852954864502 53.3359146118164 54.3532600402832 54.6867256164551 54.8344841003418 54.8879203796387 54.7541084289551 54.939567565918 55.1700286865234 55.3193206787109 55.5841941833496 55.9821586608887 56.2150688171387 56.3256492614746 56.455265045166 56.5757713317871 56.6185302734375 56.438606262207 56.3853797912598 56.3979415893555 56.2237091064453 56.3579330444336 56.4579887390137 56.4780960083008 56.3714752197266 56.4087333679199 56.4132957458496 56.191822052002 55.8718376159668 55.4125289916992
