L_edwardsianus/M_variables/Set1/bio3_.asc
NCOLS 77 
NROWS 221 
XLLCORNER -74.2083333333333 
YLLCORNER -46.25 
CELLSIZE 0.0416666666666666 
NODATA_value -9999 
[rows 132 to 153 of 221, columns 0 to 50 of 77]
-9999 -9999 -9999 -9999 -9999 -9999 -9999 -9999 -9999 -9999 47.4612121582031 47.2062568664551 47.7543067932129 48.0527648925781 48.1357498168945 -9999 48.5688285827637 48.3595771789551 48.8822860717773 49.144889831543 -9999 -9999 -9999 49.2540512084961 -9999 -9999 -9999 -9999 -9999 -9999 -9999 -9999 -9999 48.9228858947754 48.7140693664551 48.361946105957 48.1587982177734 48.1433219909668 47.962459564209 47.9867668151855 48.0222816467285 48.4666862487793 48.4122619628906 48.3304824829102 48.3361358642578 48.1884803771973 48.0922660827637 48.113208770752 47.9128608703613 47.7148933410645 47.6446418762207
-9999 -9999 -9999 -9999 -9999 -9999 -9999 -9999 -9999 -9999 -9999 47.4637680053711 47.9218292236328 48.1396102905273 48.2809753417969 48.3791351318359 48.2284164428711 48.3848152160645 48.554256439209 -9999 -9999 49.3248252868652 49.3497123718262 49.1831092834473 49.161922454834 -9999 -9999 48.740306854248 48.911434173584 -9999 -9999 -9999 48.9283065795898 48.7646179199219 48.3196182250977 48.1116065979004 47.9817390441895 47.9978103637695 47.929313659668 48.1675567626953 48.137092590332 48.3228378295898 48.315559387207 48.1489524841309 48.1226921081543 47.973445892334 47.8955192565918 47.9551010131836 47.9019203186035 47.4431991577148 46.9400901794434
-9999 -9999 -9999 -9999 -9999 -9999 -9999 -9999 -9999 -9999 -9999 47.2516937255859 47.5671653747559 47.5720291137695 47.5441360473633 47.885570526123 48.0337066650391 48.3087577819824 48.4687271118164 -9999 48.8071899414062 49.0430183410645 49.3584098815918 49.3304481506348 -9999 -9999 48.4732856750488 48.4676704406738 48.6212692260742 -9999 -9999 -9999 48.9057235717773 48.380802154541 48.1959457397461 47.9932861328125 47.8332557678223 47.7836647033691 47.851131439209 47.9547386169434 47.908992767334 48.0263671875 48.1822967529297 48.0588569641113 47.9634780883789 47.8737564086914 47.6044692993164 47.5353546142578 47.5810279846191 47.2255516052246 46.8357315063477
-9999 -9999 -9999 -9999 -9999 -9999 -9999 -9999 -9999 -9999 -9999 46.8025512695312 46.6760292053223 46.7868957519531 -9999 46.9387741088867 47.5710601806641 -9999 -9999 -9999 -9999 -9999 -9999 -9999 -9999 -9999 48.3301544189453 48.4732856750488 48.1355056762695 48.0392150878906 -9999 -9999 48.0239715576172 47.927173614502 47.8717498779297 47.6613578796387 47.4745025634766 47.5228424072266 47.5124969482422 47.707103729248 47.7571411132812 47.758171081543 47.9061508178711 48.0935707092285 47.8927001953125 47.515251159668 47.4660606384277 47.3936805725098 47.3168754577637 46.7221336364746 46.8183631896973
-9999 -9999 -9999 -9999 -9999 -9999 -9999 -9999 -9999 -9999 -9999 45.325626373291 45.8754234313965 46.3832397460938 46.358024597168 -9999 -9999 -9999 -9999 -9999 -9999 -9999 -9999 -9999 -9999 -9999 48.2188339233398 48.1481513977051 47.9083023071289 47.6175994873047 47.6275749206543 -9999 48.127815246582 47.902702331543 47.5017585754395 47.5133094787598 47.5296783447266 47.3376045227051 47.1253128051758 47.8670616149902 47.6349334716797 47.5820198059082 47.6763534545898 47.8869819641113 47.9359817504883 47.8115921020508 47.6479911804199 47.1879768371582 47.114860534668 46.836296081543 46.5658988952637
-9999 -9999 -9999 -9999 -9999 -9999 -9999 -9999 -9999 -9999 -9999 44.9277496337891 45.3182411193848 45.8111457824707 46.2458648681641 46.6848411560059 46.9924392700195 -9999 -9999 -9999 -9999 -9999 -9999 -9999 -9999 -9999 -9999 -9999 -9999 47.3936080932617 47.2936401367188 -9999 48.131217956543 47.9445037841797 47.3933601379395 47.3116912841797 47.2509613037109 47.1193695068359 47.4042358398438 47.5631713867188 47.7356719970703 48.0550727844238 48.3538208007812 48.2961463928223 48.0497207641602 47.6730537414551 47.3078002929688 47.1439056396484 47.2358360290527 46.8362464904785 46.5458869934082
-9999 -9999 -9999 -9999 -9999 -9999 -9999 -9999 -9999 -9999 -9999 -9999 45.0704612731934 45.6384239196777 46.1977157592773 46.3857192993164 46.905387878418 47.3032875061035 -9999 -9999 -9999 -9999 -9999 -9999 -9999 -9999 -9999 -9999 -9999 47.2839508056641 47.2732810974121 -9999 47.5255966186523 47.6373863220215 47.4737434387207 47.1570701599121 47.2496376037598 47.7391929626465 47.6290512084961 47.7981643676758 48.0731010437012 48.4579925537109 47.989070892334 47.5325469970703 47.3339729309082 47.2512359619141 47.1800498962402 46.9060401916504 46.760196685791 46.485237121582 46.3465538024902
-9999 -9999 -9999 -9999 -9999 -9999 -9999 -9999 -9999 -9999 -9999 -9999 44.689826965332 45.3388137817383 45.8222312927246 46.1660766601562 46.5597267150879 46.8849868774414 -9999 -9999 -9999 -9999 -9999 -9999 -9999 -9999 -9999 -9999 -9999 -9999 -9999 -9999 -9999 47.089038848877 47.2645988464355 47.6067581176758 47.3712005615234 47.5569229125977 47.5656280517578 47.7611389160156 48.0072860717773 47.6775932312012 47.0351867675781 46.6788635253906 46.6202201843262 46.6453628540039 46.4538269042969 46.4472427368164 46.4246978759766 46.3582611083984 45.9046287536621
-9999 -9999 -9999 -9999 -9999 -9999 -9999 -9999 -9999 -9999 -9999 -9999 44.6063995361328 44.9729194641113 45.4320945739746 45.8799171447754 46.0802459716797 46.5316123962402 -9999 -9999 -9999 -9999 -9999 -9999 -9999 -9999 -9999 -9999 -9999 -9999 -9999 -9999 -9999 -9999 46.3577117919922 46.6666679382324 46.7697448730469 46.928050994873 46.9308319091797 47.0892715454102 47.1346702575684 46.6790161132812 46.4543762207031 46.2317848205566 46.3560791015625 46.1734161376953 46.3633804321289 46.4691314697266 46.3686561584473 46.2434883117676 46.1697731018066
-9999 -9999 -9999 -9999 -9999 -9999 -9999 -9999 -9999 -9999 -9999 -9999 44.2579650878906 44.8107299804688 44.8307685852051 45.4087028503418 45.598949432373 45.798656463623 46.0006370544434 -9999 -9999 -9999 -9999 -9999 -9999 -9999 -9999 -9999 -9999 -9999 -9999 -9999 -9999 46.3734550476074 47.0039939880371 46.7109756469727 46.6079750061035 46.7694931030273 46.7232246398926 46.6651268005371 46.4767646789551 46.1806373596191 46.4510307312012 46.1535606384277 46.4621429443359 46.4484329223633 46.1142425537109 46.0051536560059 45.8887519836426 45.785285949707 46.1306533813477
-9999 -9999 -9999 -9999 -9999 -9999 -9999 -9999 -9999 -9999 -9999 -9999 43.778491973877 44.4018745422363 44.508716583252 44.877513885498 45.4958419799805 45.7573280334473 45.9448738098145 46.1005897521973 46.3810157775879 -9999 -9999 -9999 -9999 -9999 -9999 -9999 -9999 -9999 -9999 -9999 -9999 46.6091918945312 46.6150856018066 46.3458137512207 46.0590629577637 46.1710586547852 46.013126373291 46.0101127624512 46.3848609924316 46.2231903076172 46.1194915771484 45.9759292602539 46.2648048400879 46.3390007019043 46.1851387023926 45.9674072265625 45.5791015625 45.4165802001953 45.8475036621094
-9999 -9999 -9999 -9999 -9999 -9999 -9999 -9999 -9999 -9999 -9999 -9999 -9999 44.0348854064941 44.5112152099609 44.9136924743652 45.1515197753906 -9999 -9999 -9999 46.3191299438477 46.4583358764648 -9999 -9999 -9999 -9999 -9999 -9999 -9999 -9999 -9999 -9999 46.0095252990723 45.863883972168 45.8238410949707 46.1450805664062 46.2602615356445 45.5368614196777 46.0268096923828 45.969799041748 46.3010101318359 46.5517921447754 46.4793167114258 46.0156097412109 45.5212020874023 45.6008415222168 45.9578437805176 45.8679389953613 45.3078079223633 45.7202606201172 45.8718643188477
-9999 -9999 -9999 -9999 -9999 -9999 -9999 -9999 -9999 -9999 -9999 -9999 -9999 43.9187889099121 44.6479988098145 45.0210952758789 45.2374305725098 45.0940818786621 45.5026473999023 -9999 -9999 -9999 -9999 -9999 -9999 -9999 -9999 -9999 -9999 -9999 -9999 46.3560409545898 46.2937355041504 46.1242294311523 45.763484954834 45.930233001709 46.0596961975098 45.7483406066895 45.7670364379883 45.621768951416 45.909496307373 46.268180847168 46.2097244262695 45.6376724243164 45.603874206543 46.016960144043 45.716625213623 45.4131317138672 45.7292289733887 45.1809692382812 45.1057395935059
-9999 -9999 -9999 -9999 -9999 -9999 -9999 -9999 -9999 -9999 -9999 -9999 -9999 43.7604942321777 44.2009239196777 44.8329734802246 45.2132453918457 45.3434600830078 -9999 -9999 -9999 -9999 -9999 -9999 -9999 -9999 -9999 -9999 -9999 -9999 -9999 46.1782836914062 46.2584114074707 46.1326179504395 46.108341217041 45.9382858276367 45.6481704711914 45.574878692627 45.5006217956543 45.4229431152344 45.8791618347168 45.7166595458984 45.8227577209473 46.0563507080078 45.7967147827148 45.6408081054688 45.4655876159668 44.7495155334473 45.1713104248047 45.058219909668 45.063159942627
-9999 -9999 -9999 -9999 -9999 -9999 -9999 -9999 -9999 -9999 -9999 -9999 -9999 43.1368522644043 43.3143196105957 43.7556381225586 44.2259330749512 44.8679618835449 -9999 -9999 -9999 -9999 -9999 -9999 -9999 -9999 -9999 -9999 -9999 -9999 -9999 46.056713104248 46.1123046875 46.063232421875 45.8545570373535 45.5395355224609 45.6158142089844 45.4510536193848 45.3350257873535 45.3550682067871 45.4023628234863 45.0326194763184 45.3099708557129 45.6827964782715 45.7154083251953 45.5450401306152 45.2098922729492 44.7329483032227 44.485294342041 44.9756393432617 44.761043548584
-9999 -9999 -9999 -9999 -9999 -9999 -9999 -9999 -9999 -9999 -9999 -9999 -9999 42.7749366760254 43.1823463439941 43.6868705749512 44.0685043334961 -9999 -9999 -9999 -9999 -9999 -9999 -9999 -9999 -9999 -9999 -9999 -9999 -9999 -9999 45.9185218811035 46.1233062744141 46.3328628540039 46.3310470581055 45.7861862182617 45.2728004455566 45.411678314209 45.154541015625 44.9422302246094 44.8083953857422 44.6302833557129 44.590747833252 44.8619384765625 45.261474609375 45.2482872009277 44.5724945068359 45.0183029174805 45.3940162658691 45.0955276489258 45.0337028503418
-9999 -9999 -9999 -9999 -9999 -9999 -9999 -9999 -9999 -9999 -9999 -9999 -9999 -9999 42.7136764526367 42.9487190246582 -9999 -9999 -9999 -9999 -9999 -9999 -9999 -9999 -9999 -9999 -9999 -9999 -9999 -9999 -9999 45.7151298522949 45.5490341186523 45.435619354248 45.4471054077148 45.3268280029297 45.0330085754395 44.8589096069336 44.8993606567383 44.7873458862305 44.7581253051758 45.2858200073242 44.3673934936523 44.1500968933105 44.4036140441895 44.6870613098145 45.236083984375 45.0701789855957 44.5355758666992 44.4037475585938 44.8978233337402
-9999 -9999 -9999 -9999 -9999 -9999 -9999 -9999 -9999 -9999 -9999 -9999 -9999 -9999 42.7148017883301 42.9263572692871 -9999 -9999 -9999 -9999 -9999 -9999 -9999 -9999 -9999 -9999 -9999 -9999 -9999 45.6927795410156 45.4713363647461 45.1791343688965 45.1073837280273 45.0586700439453 44.9015922546387 45.039680480957 44.6746788024902 45.0746192932129 45.0278549194336 45.8268737792969 45.8545875549316 45.4460372924805 44.4350547790527 44.3402328491211 44.451343536377 43.9718322753906 44.296817779541 44.8352394104004 44.3793640136719 44.7908134460449 44.0769691467285
-9999 -9999 -9999 -9999 -9999 -9999 -9999 -9999 -9999 -9999 -9999 -9999 -9999 -9999 -9999 -9999 -9999 -9999 -9999 -9999 -9999 -9999 -9999 -9999 -9999 -9999 -9999 45.2949867248535 45.657829284668 45.4937286376953 45.2042999267578 44.8716239929199 44.771110534668 44.8349838256836 44.6903610229492 44.5485572814941 44.8808403015137 44.7339820861816 44.5678443908691 45.1032524108887 46.1491851806641 45.961612701416 45.0613174438477 44.5307884216309 45.0725593566895 43.8716812133789 43.3939895629883 43.8754386901855 44.0813522338867 44.9320640563965 44.8614196777344
-9999 -9999 -9999 -9999 -9999 -9999 -9999 -9999 -9999 -9999 -9999 -9999 -9999 -9999 -9999 -9999 -9999 -9999 -9999 -9999 -9999 -9999 -9999 -9999 -9999 -9999 -9999 45.0483856201172 45.2946281433105 45.0580902099609 44.6904029846191 44.5504570007324 44.646842956543 44.808292388916 44.429615020752 44.2467231750488 44.4536018371582 44.2053642272949 44.28173828125 45.1925239562988 45.083683013916 45.1996765136719 45.2041816711426 44.1439437866211 43.9709739685059 44.440258026123 43.5011749267578 42.8414001464844 43.4791870117188 44.5556221008301 43.892936706543
-9999 -9999 -9999 -9999 -9999 -9999 -9999 -9999 -9999 -9999 -9999 -9999 -9999 -9999 -9999 -9999 -9999 -9999 -9999 -9999 -9999 -9999 -9999 -9999 -9999 -9999 -9999 44.5031890869141 44.6438331604004 44.5391616821289 44.4246826171875 44.2801971435547 44.1705169677734 44.5671653747559 44.5154075622559 44.1147384643555 43.988166809082 43.920337677002 44.3008117675781 44.5189514160156 44.8626594543457 44.9448738098145 44.4846725463867 43.5567779541016 43.2473487854004 43.5948905944824 43.148551940918 42.5512733459473 43.1887359619141 44.6385498046875 43.2215461730957
-9999 -9999 -9999 -9999 -9999 -9999 -9999 -9999 -9999 -9999 -9999 -9999 -9999 -9999 -9999 -9999 -9999 -9999 -9999 -9999 -9999 -9999 -9999 -9999 -9999 -9999 43.9072303771973 44.267822265625 44.5273284912109 44.4618301391602 44.3999671936035 44.3998146057129 44.4021797180176 44.5292015075684 44.795524597168 44.5033798217773 44.5567169189453 44.0853805541992 44.1878051757812 44.6681671142578 45.1962738037109 44.4481468200684 43.535343170166 42.9985961914062 43.2599411010742 44.3982353210449 44.1424102783203 43.7949371337891 43.483814239502 43.3464813232422 42.7828750610352
